678	-2.9	0000000010100101	4	2
701	-2.9	0000000000000001	4	2
720	-2.9	0000000000000011	4	2
769	-2.9	0000000000100001	4	2
770	-2.9	0000000001000001	4	2
771	-2.9	0000000001100001	4	2
807	-2.9	0000000000100011	4	2
818	-2.9	0000000000100101	4	2
832	-2.9	0000000001000101	4	2
833	-2.9	0000000001000011	4	2
840	-2.9	0000000001100011	4	2
852	-2.9	0000000001100101	4	2
867	-2.9	0000000011100000	2	2
870	-2.9	0000000011100110	2	2
879	-2.9	0000000011100000	2	2
886	-2.9	0000000011100110	2	2
888	-2.9	0000000000000000	3	2
889	-2.9	0000000000000000	3	2
908	-2.9	0000000000011000	3	2
909	-2.9	0000000000011000	3	2
936	-2.9	0000000001000010	3	2
937	-2.9	0000000000100100	3	2
938	-2.9	0000000000100100	3	2
939	-2.9	0000000001000010	3	2
941	-2.9	0000000001100110	3	2
944	-2.9	0000000001011010	3	2
945	-2.9	0000000001100110	3	2
946	-2.9	0000000000000000	3	2
947	-2.9	0000000000000000	3	2
948	-2.9	0000000000000000	3	2
953	-2.9	0000000010000000	3	2
965	-2.9	0000000001000000	3	2
967	-2.9	0000000000000010	3	2
968	-2.9	0000000000000010	3	2
969	-2.9	0000000001000000	3	2
976	-2.9	0000000000000100	3	2
977	-2.9	0000000000000110	3	2
983	-2.9	0000000000100000	3	2
985	-2.9	0000000000000100	3	2
986	-2.9	0000000000100000	3	2
988	-2.9	0000000010100000	3	2
989	-2.9	0000000001100000	3	2
990	-2.9	0000000001100000	3	2
993	-2.9	0000000000000110	3	2
998	-2.9	0000000000011000	3	2
1001	-2.9	0000000000011000	3	2
1011	-2.9	0000000001011000	3	2
1013	-2.9	0000000000011010	3	2
1014	-2.9	0000000000011010	3	2
1016	-2.9	0000000001011000	3	2
1022	-2.9	0000000010000100	3	2
1023	-2.9	0000000010000010	3	2
1024	-2.9	0000000010000110	3	2
1038	-2.9	0000000000011100	3	2
1042	-2.9	0000000000111000	3	2
1066	-2.9	0000000001000100	3	2
1068	-2.9	0000000000100010	3	2
1069	-2.9	0000000000100010	3	2
1070	-2.9	0000000001000100	3	2
1074	-2.9	0000000001000010	3	2
1075	-2.9	0000000001000110	3	2
1076	-2.9	0000000011000100	3	2
1081	-2.9	0000000000100100	3	2
1084	-2.9	0000000000100100	3	2
1088	-2.9	0000000010100100	3	2
1090	-2.9	0000000001100010	3	2
1091	-2.9	0000000010100010	3	2
1092	-2.9	0000000011000010	3	2
1093	-2.9	0000000001000010	3	2
1094	-2.9	0000000001100010	3	2
1095	-2.9	0000000001100100	3	2
1097	-2.9	0000000000100110	3	2
1098	-2.9	0000000000100110	3	2
1099	-2.9	0000000001100100	3	2
1103	-2.9	0000000001000110	3	2
1110	-2.9	0000000001011010	3	2
1111	-2.9	0000000000111010	3	2
1112	-2.9	0000000000111010	3	2
1113	-2.9	0000000001100110	3	2
1114	-2.9	0000000001011100	3	2
1116	-2.9	0000000011000110	3	2
1117	-2.9	0000000000111100	3	2
1124	-2.9	0000000001011010	3	2
1126	-2.9	0000000010100110	3	2
1128	-2.9	0000000001011110	3	2
1129	-2.9	0000000001100110	3	2
1130	-2.9	0000000001111010	3	2
1131	-2.9	0000000010100110	3	2
1138	-2.9	0000000000000000	3	2
1139	-2.9	0000000000000000	3	2
1140	-2.9	0000000000000000	3	2
1160	-2.9	0000000000000010	3	2
1162	-2.9	0000000001000000	3	2
1175	-2.9	0000000000000100	3	2
1177	-2.9	0000000000100000	3	2
1180	-2.9	0000000010100000	3	2
1182	-2.9	0000000001100000	3	2
1186	-2.9	0000000000000110	3	2
1194	-2.9	0000000000011000	3	2
1195	-2.9	0000000000011000	3	2
1211	-2.9	0000000000011010	3	2
1213	-2.9	0000000001011000	3	2
1227	-2.9	0000000000011100	3	2
1228	-2.9	0000000000111000	3	2
1250	-2.9	0000000000100010	3	2
1251	-2.9	0000000001000100	3	2
1260	-2.9	0000000000100100	3	2
1261	-2.9	0000000000100100	3	2
1264	-2.9	0000000001000010	3	2
1267	-2.9	0000000001000010	3	2
1268	-2.9	0000000001100010	3	2
1270	-2.9	0000000000100110	3	2
1271	-2.9	0000000001100100	3	2
1275	-2.9	0000000001000110	3	2
1284	-2.9	0000000000111010	3	2
1285	-2.9	0000000001011100	3	2
1288	-2.9	0000000000111100	3	2
1294	-2.9	0000000001011010	3	2
1295	-2.9	0000000001011010	3	2
1298	-2.9	0000000010100110	3	2
1301	-2.9	0000000001011110	3	2
1302	-2.9	0000000001100110	3	2
1303	-2.9	0000000001111010	3	2
1304	-2.9	0000000010100110	3	2
1353	-2.9	0000000000000010	3	2
1354	-2.9	0000000000000010	3	2
1355	-2.9	0000000001000000	3	2
1358	-2.9	0000000001000000	3	2
1361	-2.9	0000000000100000	3	2
1362	-2.9	0000000001100000	3	2
1364	-2.9	0000000000100000	3	2
1365	-2.9	0000000001100000	3	2
1366	-2.9	0000000011000000	3	2
1369	-2.9	0000000000000100	3	2
1370	-2.9	0000000000000100	3	2
1377	-2.9	0000000000000110	3	2
1380	-2.9	0000000000000110	3	2
1386	-2.9	0000000000011000	3	2
1387	-2.9	0000000000011000	3	2
1406	-2.9	0000000000011010	3	2
1417	-2.9	0000000001011000	3	2
1428	-2.9	0000000000011100	3	2
1429	-2.9	0000000000011100	3	2
1430	-2.9	0000000000111000	3	2
1433	-2.9	0000000000111000	3	2
1438	-2.9	0000000010000100	3	2
1439	-2.9	0000000010000110	3	2
1456	-2.9	0000000000100010	3	2
1457	-2.9	0000000000100010	3	2
1458	-2.9	0000000001000100	3	2
1461	-2.9	0000000001000100	3	2
1464	-2.9	0000000001000010	3	2
1465	-2.9	0000000001100010	3	2
1466	-2.9	0000000010100010	3	2
1468	-2.9	0000000001000010	3	2
1469	-2.9	0000000001100010	3	2
1470	-2.9	0000000000100100	3	2
1471	-2.9	0000000000100100	3	2
1480	-2.9	0000000001000110	3	2
1482	-2.9	0000000010100100	3	2
1485	-2.9	0000000000100110	3	2
1486	-2.9	0000000000100110	3	2
1487	-2.9	0000000001100100	3	2
1490	-2.9	0000000001100100	3	2
1494	-2.9	0000000001000110	3	2
1498	-2.9	0000000000111010	3	2
1499	-2.9	0000000001011100	3	2
1501	-2.9	0000000001100110	3	2
1503	-2.9	0000000001011100	3	2
1504	-2.9	0000000010100110	3	2
1506	-2.9	0000000001011010	3	2
1507	-2.9	0000000001100110	3	2
1548	-2.9	0000000000000010	3	2
1552	-2.9	0000000001000000	3	2
1558	-2.9	0000000000100000	3	2
1559	-2.9	0000000001100000	3	2
1560	-2.9	0000000011000000	3	2
1563	-2.9	0000000000000100	3	2
1574	-2.9	0000000000000110	3	2
1581	-2.9	0000000000011000	3	2
1582	-2.9	0000000000011000	3	2
1596	-2.9	0000000000011010	3	2
1603	-2.9	0000000001011000	3	2
1613	-2.9	0000000000011100	3	2
1618	-2.9	0000000000111000	3	2
1638	-2.9	0000000000100010	3	2
1641	-2.9	0000000001000100	3	2
1644	-2.9	0000000001000010	3	2
1645	-2.9	0000000001000010	3	2
1646	-2.9	0000000001100010	3	2
1647	-2.9	0000000000100100	3	2
1648	-2.9	0000000000100100	3	2
1658	-2.9	0000000000100110	3	2
1661	-2.9	0000000001100100	3	2
1667	-2.9	0000000001000110	3	2
1672	-2.9	0000000000111010	3	2
1675	-2.9	0000000001011100	3	2
1678	-2.9	0000000001011010	3	2
1679	-2.9	0000000001100110	3	2
1717	-3.2	0000000000000000	3	2
1737	-2.9	0000000001000000	2	2
1919	-2.9	0000000111000000	3	2
2024	-2.9	0000000111000110	3	2
2075	-2.9	0000000110100000	3	2
2181	-2.9	0000000110100110	3	2
2196	-2.9	1000000000000001	4	1
2215	-2.9	1000000000000011	4	1
2264	-2.9	1000000000100001	4	1
2265	-2.9	1000000001000001	4	1
2266	-2.9	1000000001100001	4	1
2302	-2.9	1000000000100011	4	1
2313	-2.9	1000000000100101	4	1
2327	-2.9	1000000001000101	4	1
2328	-2.9	1000000001000011	4	1
2335	-2.9	1000000001100011	4	1
2347	-2.9	1000000001100101	4	1
2957	-2.9	0000000110000001	1	1
3049	-2.9	0000000110100101	4	2
3054	-2.9	0000000110100101	1	1
3063	-2.9	0000000110011001	1	1
3068	-2.9	0000000110000000	3	2
3082	-2.9	0000000110100000	3	2
3084	-2.9	0000000111000000	3	2
3095	-2.9	0000000100011000	3	2
3117	-2.9	0000000110000100	3	2
3118	-2.9	0000000110000110	3	2
3145	-2.9	0000000101000010	3	2
3146	-2.9	0000000110100010	3	2
3147	-2.9	0000000100100100	3	2
3151	-2.9	0000000110100100	3	2
3164	-2.9	0000000101100110	3	2
3178	-2.9	0000000110000000	3	2
3198	-2.9	0000000110100000	3	2
3224	-2.9	0000000110000100	3	2
3225	-2.9	0000000110000010	3	2
3226	-2.9	0000000110000110	3	2
3253	-2.9	0000000111000100	3	2
3260	-2.9	0000000110100100	3	2
3263	-2.9	0000000110100010	3	2
3264	-2.9	0000000111000010	3	2
3272	-2.9	0000000111000110	3	2
3279	-2.9	0000000110100110	3	2
3283	-2.9	0000000110100110	3	2
3289	-2.9	1000000000100000	4	1
3290	-2.9	1000000001000000	4	1
3291	-2.9	1000000001100000	4	1
3292	-2.9	1000000000000010	4	1
3298	-2.9	1000000000000011	4	1
3302	-2.9	1000000000000100	4	1
3307	-2.9	1000000000000101	4	1
3311	-2.9	1000000000000110	4	1
3314	-2.9	1000000000000111	4	1
3315	-2.9	1000000000011000	4	2
3320	-2.9	1000000000100001	4	1
3321	-2.9	1000000001000001	4	1
3322	-2.9	1000000001100001	4	1
3323	-2.9	1000000000011010	4	1
3326	-2.9	1000000001011000	4	2
3338	-2.9	1000000000011100	4	1
3349	-2.9	1000000000011110	4	1
3350	-2.9	1000000000100010	4	1
3351	-2.9	1000000000100100	4	1
3352	-2.9	1000000000100110	4	1
3353	-2.9	1000000000111010	4	1
3354	-2.9	1000000000111100	4	1
3355	-2.9	1000000001000010	4	1
3356	-2.9	1000000001000100	4	1
3357	-2.9	1000000001000110	4	1
3358	-2.9	1000000001011010	4	1
3359	-2.9	1000000001011100	4	1
3360	-2.9	1000000001100010	4	1
3361	-2.9	1000000001100100	4	1
3362	-2.9	1000000001100110	4	1
3363	-2.9	1000000001111000	4	1
3368	-2.9	1000000000100011	4	1
3376	-2.9	1000000000100101	4	1
3387	-2.9	1000000001000101	4	1
3388	-2.9	1000000001000011	4	1
3393	-2.9	1000000001100011	4	1
3402	-2.9	1000000001011001	4	1
3404	-2.9	1000000001100101	4	1
3414	-2.9	1000000001100111	4	1
3415	-2.9	1000000001111001	4	1
3589	-2.9	0000010010100101	4	1
3771	-2.9	0000001010100101	4	1
3848	-2.9	0000011010100101	4	1
3861	-2.9	0000000111000000	3	2
3914	-2.9	0000000110000100	3	2
3915	-2.9	0000000110000110	3	2
3920	-2.9	0000000110100010	3	2
3931	-2.9	0000000110100100	3	2
3939	-2.9	0000000110100110	3	2
3947	-2.9	0000010110100101	4	1
4098	-2.9	0000010000000011	4	1
4147	-2.9	0000010000100001	4	1
4148	-2.9	0000010001000001	4	1
4149	-2.9	0000010001100001	4	1
4185	-2.9	0000010000100011	4	1
4196	-2.9	0000010000100101	4	1
4210	-2.9	0000010001000101	4	1
4211	-2.9	0000010001000011	4	1
4218	-2.9	0000010001100011	4	1
4230	-2.9	0000010001100101	4	1
4257	-2.9	0000001000000011	4	1
4306	-2.9	0000001000100001	4	1
4307	-2.9	0000001001000001	4	1
4308	-2.9	0000001001100001	4	1
4344	-2.9	0000001000100011	4	1
4355	-2.9	0000001000100101	4	1
4369	-2.9	0000001001000101	4	1
4370	-2.9	0000001001000011	4	1
4377	-2.9	0000001001100011	4	1
4389	-2.9	0000001001100101	4	1
4415	-2.9	0000011000000011	4	1
4464	-2.9	0000011000100001	4	1
4465	-2.9	0000011001000001	4	1
4466	-2.9	0000011001100001	4	1
4502	-2.9	0000011000100011	4	1
4513	-2.9	0000011000100101	4	1
4527	-2.9	0000011001000101	4	1
4528	-2.9	0000011001000011	4	1
4535	-2.9	0000011001100011	4	1
4547	-2.9	0000011001100101	4	1
4674	-2.9	0000000110000001	1	1
4756	-2.9	0000000110100101	4	2
4759	-2.9	0000000110100101	1	1
4767	-2.9	0000000110011001	1	1
4772	-2.9	0000000111000000	3	2
4787	-2.9	0000000110100000	3	2
4792	-2.9	0000000110100110	3	2
4793	-2.9	0000000110100110	3	2
4797	-2.9	0000000101000000	2	2
5178	-2.9	0100000010100101	4	1
5198	-2.9	0100000000000011	4	1
5247	-2.9	0100000000100001	4	1
5248	-2.9	0100000001000001	4	1
5249	-2.9	0100000001100001	4	1
5285	-2.9	0100000000100011	4	1
5296	-2.9	0100000000100101	4	1
5310	-2.9	0100000001000101	4	1
5311	-2.9	0100000001000011	4	1
5318	-2.9	0100000001100011	4	1
5330	-2.9	0100000001100101	4	1
5348	-2.9	0100000011100000	2	2
5355	-2.9	0100000011100110	2	1
5365	-2.9	0000001000011000	3	2
5366	-2.9	0100000000011000	3	2
5393	-2.9	0000001001000010	3	2
5394	-2.9	0000001000100100	3	2
5395	-2.9	0100000000100100	3	1
5396	-2.9	0100000001000010	3	1
5398	-2.9	0000001001100110	3	2
5401	-2.9	0100000001011010	3	1
5402	-2.9	0100000001100110	3	1
5403	-2.9	0100000000000010	3	1
5404	-2.9	0100000000000010	3	1
5406	-2.9	0100000001000000	3	2
5419	-2.9	0100000000000100	3	2
5421	-2.9	0100000000100000	3	2
5424	-2.9	0100000010100000	3	2
5426	-2.9	0100000001100000	3	1
5430	-2.9	0100000000000110	3	1
5438	-2.9	0100000000011000	3	2
5439	-2.9	0100000000011000	3	2
5455	-2.9	0100000000011010	3	1
5457	-2.9	0100000001011000	3	2
5471	-2.9	0100000000011100	3	1
5472	-2.9	0100000000111000	3	2
5494	-2.9	0100000000100010	3	1
5495	-2.9	0100000001000100	3	2
5504	-2.9	0100000000100100	3	1
5505	-2.9	0100000000100100	3	1
5508	-2.9	0100000001000010	3	1
5511	-2.9	0100000001000010	3	1
5512	-2.9	0100000001100010	3	1
5514	-2.9	0100000000100110	3	1
5515	-2.9	0100000001100100	3	1
5519	-2.9	0100000001000110	3	1
5528	-2.9	0100000000111010	3	1
5529	-2.9	0100000001011100	3	1
5532	-2.9	0100000000111100	3	1
5538	-2.9	0100000001011010	3	1
5539	-2.9	0100000001011010	3	1
5542	-2.9	0100000010100110	3	1
5545	-2.9	0100000001011110	3	1
5546	-2.9	0100000001100110	3	1
5547	-2.9	0100000001111010	3	1
5548	-2.9	0100000010100110	3	1
5578	-2.9	0100000000011000	3	2
5579	-2.9	0000001000011000	3	2
5606	-2.9	0100000001000010	3	1
5607	-2.9	0100000000100100	3	2
5608	-2.9	0000001000100100	3	2
5609	-2.9	0000001001000010	3	2
5611	-2.9	0100000001100110	3	1
5614	-2.9	0000001001011010	3	2
5615	-2.9	0000001001100110	3	2
5619	-2.9	0100000001000000	3	2
5625	-2.9	0100000000100000	3	1
5626	-2.9	0100000001100000	3	1
5627	-2.9	0100000011000000	3	2
5630	-2.9	0100000000000100	3	2
5641	-2.9	0100000000000110	3	1
5648	-2.9	0100000000011000	3	2
5649	-2.9	0100000000011000	3	2
5663	-2.9	0100000000011010	3	1
5670	-2.9	0100000001011000	3	2
5680	-2.9	0100000000011100	3	1
5685	-2.9	0100000000111000	3	2
5705	-2.9	0100000000100010	3	1
5708	-2.9	0100000001000100	3	2
5711	-2.9	0100000001000010	3	1
5712	-2.9	0100000001000010	3	1
5713	-2.9	0100000001100010	3	1
5714	-2.9	0100000000100100	3	2
5715	-2.9	0100000000100100	3	2
5725	-2.9	0100000000100110	3	1
5728	-2.9	0100000001100100	3	1
5734	-2.9	0100000001000110	3	1
5739	-2.9	0100000000111010	3	1
5742	-2.9	0100000001011100	3	1
5745	-2.9	0100000001011010	3	1
5746	-2.9	0100000001100110	3	1
5773	-2.9	0000010011100000	2	1
5780	-2.9	0000010011100110	2	1
5796	-2.9	0000001011000000	2	2
5811	-2.9	0000001010100000	2	2
5817	-2.9	0000001011100000	2	1
5824	-2.9	0000001000011000	2	2
5832	-2.9	0000001010011000	2	2
5897	-2.9	0000001010000100	2	2
5898	-2.9	0000001010000010	2	2
5899	-2.9	0000001010000110	2	2
5917	-2.9	0000001011000100	2	2
5922	-2.9	0000001000100100	2	2
5936	-2.9	0000001010100100	2	2
5955	-2.9	0000001001000010	2	2
5956	-2.9	0000001010100010	2	2
5957	-2.9	0000001011000010	2	2
5972	-2.9	0000001011000110	2	2
5980	-2.9	0000001001011010	2	2
5991	-2.9	0000001010100110	2	2
5993	-2.9	0000001001100110	2	2
5995	-2.9	0000001011100110	2	1
5997	-2.9	0000001001111110	2	2
6001	-2.9	0000001001000000	3	2
6007	-2.9	0000001000100000	3	2
6008	-2.9	0000001001100000	3	2
6009	-2.9	0000001011000000	3	2
6012	-2.9	0000001000000100	3	2
6023	-2.9	0000001000000110	3	2
6030	-2.9	0000001000011000	3	2
6031	-2.9	0000001000011000	3	2
6045	-2.9	0000001000011010	3	2
6052	-2.9	0000001001011000	3	2
6062	-2.9	0000001000011100	3	2
6067	-2.9	0000001000111000	3	2
6087	-2.9	0000001000100010	3	2
6090	-2.9	0000001001000100	3	2
6093	-2.9	0000001001000010	3	2
6094	-2.9	0000001001000010	3	2
6095	-2.9	0000001001100010	3	2
6096	-2.9	0000001000100100	3	2
6097	-2.9	0000001000100100	3	2
6107	-2.9	0000001000100110	3	2
6110	-2.9	0000001001100100	3	2
6116	-2.9	0000001001000110	3	2
6121	-2.9	0000001000111010	3	2
6124	-2.9	0000001001011100	3	2
6127	-2.9	0000001001011010	3	2
6128	-2.9	0000001001100110	3	2
6150	-2.9	0000001001000000	3	2
6162	-2.9	0000001000000100	3	2
6164	-2.9	0000001000100000	3	2
6167	-2.9	0000001010100000	3	2
6169	-2.9	0000001001100000	3	2
6173	-2.9	0000001000000110	3	2
6181	-2.9	0000001000011000	3	2
6182	-2.9	0000001000011000	3	2
6198	-2.9	0000001000011010	3	2
6200	-2.9	0000001001011000	3	2
6214	-2.9	0000001000011100	3	2
6215	-2.9	0000001000111000	3	2
6237	-2.9	0000001000100010	3	2
6238	-2.9	0000001001000100	3	2
6247	-2.9	0000001000100100	3	2
6248	-2.9	0000001000100100	3	2
6251	-2.9	0000001001000010	3	2
6254	-2.9	0000001001000010	3	2
6255	-2.9	0000001001100010	3	2
6257	-2.9	0000001000100110	3	2
6258	-2.9	0000001001100100	3	2
6262	-2.9	0000001001000110	3	2
6271	-2.9	0000001000111010	3	2
6272	-2.9	0000001001011100	3	2
6275	-2.9	0000001000111100	3	2
6281	-2.9	0000001001011010	3	2
6282	-2.9	0000001001011010	3	2
6285	-2.9	0000001010100110	3	2
6288	-2.9	0000001001011110	3	2
6289	-2.9	0000001001100110	3	2
6290	-2.9	0000001001111010	3	2
6291	-2.9	0000001010100110	3	2
6455	-2.9	0010000010100101	4	2
6526	-2.9	0110000010100101	4	1
6574	-2.9	0000001110100000	3	2
6591	-2.9	0000001110000100	3	2
6592	-2.9	0000001110000010	3	2
6593	-2.9	0000001110000110	3	2
6684	-2.9	0000001110011010	3	2
6686	-2.9	0000001110100110	3	2
6698	-2.9	1100000000000011	4	1
6747	-2.9	1100000000100001	4	1
6748	-2.9	1100000001000001	4	1
6749	-2.9	1100000001100001	4	1
6785	-2.9	1100000000100011	4	1
6796	-2.9	1100000000100101	4	1
6810	-2.9	1100000001000101	4	1
6811	-2.9	1100000001000011	4	1
6818	-2.9	1100000001100011	4	1
6830	-2.9	1100000001100101	4	1
6848	-2.9	0010000000011000	3	2
6849	-2.9	0000010000011000	3	1
6876	-2.9	0010000001000010	3	2
6877	-2.9	0010000000100100	3	2
6878	-2.9	0000010000100100	3	1
6879	-2.9	0000010001000010	3	1
6881	-2.9	0010000001100110	3	2
6884	-2.9	0000010001011010	3	1
6885	-2.9	0000010001100110	3	1
6892	-2.9	0110000000011000	3	2
6893	-2.9	0000011000011000	3	1
6909	-2.9	0110000001000010	3	1
6910	-2.9	0110000000100100	3	2
6911	-2.9	0000011000100100	3	1
6912	-2.9	0000011001000010	3	1
6914	-2.9	0000011001011010	3	1
6919	-2.9	1100000000000100	4	2
6924	-2.9	1100000000000101	4	1
6928	-2.9	1100000000000110	4	1
6931	-2.9	1100000000000111	4	1
6932	-2.9	1100000000011000	4	2
6937	-2.9	1100000000100001	4	1
6938	-2.9	1100000001000001	4	1
6939	-2.9	1100000001100001	4	1
6940	-2.9	1100000000011010	4	1
6943	-2.9	1100000001011000	4	2
6955	-2.9	1100000000011100	4	2
6966	-2.9	1100000000011110	4	1
6967	-2.9	1100000000100010	4	1
6968	-2.9	1100000000100100	4	2
6969	-2.9	1100000000100110	4	1
6970	-2.9	1100000000111010	4	1
6971	-2.9	1100000000111100	4	1
6972	-2.9	1100000001000010	4	1
6973	-2.9	1100000001000100	4	2
6974	-2.9	1100000001000110	4	1
6975	-2.9	1100000001011010	4	1
6976	-2.9	1100000001011100	4	2
6977	-2.9	1100000001100010	4	1
6978	-2.9	1100000001100100	4	2
6979	-2.9	1100000001100110	4	1
6980	-2.9	1100000001111000	4	2
6985	-2.9	1100000000100011	4	1
6993	-2.9	1100000000100101	4	1
7004	-2.9	1100000001000101	4	1
7005	-2.9	1100000001000011	4	1
7010	-2.9	1100000001100011	4	1
7019	-2.9	1100000001011001	4	1
7021	-2.9	1100000001100101	4	1
7031	-2.9	1100000001100111	4	1
7032	-2.9	1100000001111001	4	1
7039	-2.9	0000010110100000	3	1
7045	-2.9	0000010110100000	3	1
7071	-2.9	0000010110000100	3	1
7072	-2.9	0000010110000010	3	1
7073	-2.9	0000010110000110	3	1
7094	-2.9	0000001110000100	3	2
7095	-2.9	0000001110000110	3	2
7107	-2.9	0000010110100100	3	1
7110	-2.9	0000010110100010	3	1
7126	-2.9	0000010110100110	3	1
7130	-2.9	0000010110100110	3	1
7252	-2.9	0000010000100000	3	1
7258	-2.9	0000010000000100	3	1
7260	-2.9	0000010000100000	3	1
7263	-2.9	0000010010100000	3	1
7265	-2.9	0000010001100000	3	1
7269	-2.9	0000010000000110	3	1
7277	-2.9	0000010000011000	3	1
7278	-2.9	0000010000011000	3	1
7294	-2.9	0000010000011010	3	1
7296	-2.9	0000010001011000	3	1
7310	-2.9	0000010000011100	3	1
7311	-2.9	0000010000111000	3	1
7333	-2.9	0000010000100010	3	1
7334	-2.9	0000010001000100	3	1
7343	-2.9	0000010000100100	3	1
7344	-2.9	0000010000100100	3	1
7347	-2.9	0000010001000010	3	1
7350	-2.9	0000010001000010	3	1
7351	-2.9	0000010001100010	3	1
7353	-2.9	0000010000100110	3	1
7354	-2.9	0000010001100100	3	1
7358	-2.9	0000010001000110	3	1
7367	-2.9	0000010000111010	3	1
7368	-2.9	0000010001011100	3	1
7371	-2.9	0000010000111100	3	1
7377	-2.9	0000010001011010	3	1
7378	-2.9	0000010001011010	3	1
7381	-2.9	0000010010100110	3	1
7384	-2.9	0000010001011110	3	1
7385	-2.9	0000010001100110	3	1
7386	-2.9	0000010001111010	3	1
7387	-2.9	0000010010100110	3	1
7395	-2.9	0000011001100000	3	1
7400	-2.9	0000011000000100	3	1
7402	-2.9	0000011000100000	3	1
7405	-2.9	0000011010100000	3	1
7407	-2.9	0000011001100000	3	1
7411	-2.9	0000011000000110	3	1
7419	-2.9	0000011000011000	3	1
7420	-2.9	0000011000011000	3	1
7436	-2.9	0000011000011010	3	1
7438	-2.9	0000011001011000	3	1
7452	-2.9	0000011000011100	3	1
7453	-2.9	0000011000111000	3	1
7475	-2.9	0000011000100010	3	1
7476	-2.9	0000011001000100	3	1
7485	-2.9	0000011000100100	3	1
7486	-2.9	0000011000100100	3	1
7489	-2.9	0000011001000010	3	1
7492	-2.9	0000011001000010	3	1
7493	-2.9	0000011001100010	3	1
7495	-2.9	0000011000100110	3	1
7496	-2.9	0000011001100100	3	1
7500	-2.9	0000011001000110	3	1
7509	-2.9	0000011000111010	3	1
7510	-2.9	0000011001011100	3	1
7513	-2.9	0000011000111100	3	1
7519	-2.9	0000011001011010	3	1
7520	-2.9	0000011001011010	3	1
7523	-2.9	0000011010100110	3	1
7526	-2.9	0000011001011110	3	1
7527	-2.9	0000011001100110	3	1
7528	-2.9	0000011001111010	3	1
7529	-2.9	0000011010100110	3	1
7539	-2.9	0000010110100000	3	1
7544	-2.9	0000010110100110	3	1
7545	-2.9	0000010110100110	3	1
7556	-2.9	0000001100000100	3	2
7558	-2.9	0000001100100000	3	2
7560	-2.9	0000001110100000	3	2
7566	-2.9	0000001100000110	3	2
7577	-2.9	0000001100011000	3	2
7578	-2.9	0000001100011000	3	2
7595	-2.9	0000001100011010	3	2
7597	-2.9	0000001101011000	3	2
7603	-2.9	0000001110000100	3	2
7604	-2.9	0000001110000010	3	2
7605	-2.9	0000001110000110	3	2
7616	-2.9	0000001100011100	3	2
7617	-2.9	0000001100111000	3	2
7620	-2.9	0000001110000100	3	2
7621	-2.9	0000001110000010	3	2
7622	-2.9	0000001110000110	3	2
7643	-2.9	0000001110000100	3	2
7644	-2.9	0000001110000010	3	2
7645	-2.9	0000001110000110	3	2
7657	-2.9	0000001100100010	3	2
7659	-2.9	0000001101000100	3	2
7673	-2.9	0000001100100100	3	2
7674	-2.9	0000001100100100	3	2
7678	-2.9	0000001101000010	3	2
7683	-2.9	0000001101000010	3	2
7690	-2.9	0000001100100110	3	2
7696	-2.9	0000001101000110	3	2
7702	-2.9	0000001110011100	3	2
7705	-2.9	0000001100111010	3	2
7706	-2.9	0000001101011100	3	2
7709	-2.9	0000001100111100	3	2
7714	-2.9	0000001110011010	3	2
7716	-2.9	0000001110011010	3	2
7717	-2.9	0000001101011010	3	2
7718	-2.9	0000001101011010	3	2
7720	-2.9	0000001110100110	3	2
7722	-2.9	0000001101011110	3	2
7725	-2.9	0000001110011110	3	2
7726	-2.9	0000001110100110	3	2
7952	-2.9	0010000000100001	4	1
7953	-2.9	0010000001000001	4	1
7954	-2.9	0010000001100001	4	1
7990	-2.9	0010000000100011	4	2
8001	-2.9	0010000000100101	4	2
8015	-2.9	0010000001000101	4	2
8016	-2.9	0010000001000011	4	2
8023	-2.9	0010000001100011	4	2
8035	-2.9	0010000001100101	4	2
8051	-2.9	0010000011100000	2	2
8058	-2.9	0010000011100110	2	2
8064	-2.9	0000010000011000	3	2
8065	-2.9	0010000000011000	3	2
8092	-2.9	0000010001000010	3	2
8093	-2.9	0000010000100100	3	2
8094	-2.9	0010000000100100	3	2
8095	-2.9	0010000001000010	3	2
8097	-2.9	0000010001100110	3	2
8100	-2.9	0010000001011010	3	2
8101	-2.9	0010000001100110	3	2
8102	-2.9	0010000000000100	3	2
8103	-2.9	0010000000000100	3	2
8105	-2.9	0010000000100000	3	2
8108	-2.9	0010000010100000	3	2
8110	-2.9	0010000001100000	3	1
8114	-2.9	0010000000000110	3	2
8122	-2.9	0010000000011000	3	2
8123	-2.9	0010000000011000	3	2
8139	-2.9	0010000000011010	3	2
8141	-2.9	0010000001011000	3	2
8155	-2.9	0010000000011100	3	2
8156	-2.9	0010000000111000	3	2
8178	-2.9	0010000000100010	3	2
8179	-2.9	0010000001000100	3	2
8188	-2.9	0010000000100100	3	2
8189	-2.9	0010000000100100	3	2
8192	-2.9	0010000001000010	3	2
8195	-2.9	0010000001000010	3	2
8196	-2.9	0010000001100010	3	2
8198	-2.9	0010000000100110	3	2
8199	-2.9	0010000001100100	3	2
8203	-2.9	0010000001000110	3	2
8212	-2.9	0010000000111010	3	2
8213	-2.9	0010000001011100	3	2
8216	-2.9	0010000000111100	3	2
8222	-2.9	0010000001011010	3	2
8223	-2.9	0010000001011010	3	2
8226	-2.9	0010000010100110	3	2
8229	-2.9	0010000001011110	3	2
8230	-2.9	0010000001100110	3	2
8231	-2.9	0010000001111010	3	2
8232	-2.9	0010000010100110	3	2
8262	-2.9	0010000000000110	3	2
8269	-2.9	0010000000011000	3	2
8270	-2.9	0010000000011000	3	2
8284	-2.9	0010000000011010	3	2
8291	-2.9	0010000001011000	3	2
8301	-2.9	0010000000011100	3	2
8306	-2.9	0010000000111000	3	2
8326	-2.9	0010000000100010	3	2
8329	-2.9	0010000001000100	3	2
8332	-2.9	0010000001000010	3	2
8333	-2.9	0010000001000010	3	2
8334	-2.9	0010000001100010	3	2
8335	-2.9	0010000000100100	3	2
8336	-2.9	0010000000100100	3	2
8346	-2.9	0010000000100110	3	2
8349	-2.9	0010000001100100	3	2
8355	-2.9	0010000001000110	3	2
8360	-2.9	0010000000111010	3	2
8363	-2.9	0010000001011100	3	2
8366	-2.9	0010000001011010	3	2
8367	-2.9	0010000001100110	3	2
8595	-2.9	0000010000000110	3	2
8602	-2.9	0000010000011000	3	2
8603	-2.9	0000010000011000	3	2
8617	-2.9	0000010000011010	3	2
8624	-2.9	0000010001011000	3	2
8634	-2.9	0000010000011100	3	2
8639	-2.9	0000010000111000	3	2
8659	-2.9	0000010000100010	3	2
8662	-2.9	0000010001000100	3	2
8665	-2.9	0000010001000010	3	2
8666	-2.9	0000010001000010	3	2
8667	-2.9	0000010001100010	3	2
8668	-2.9	0000010000100100	3	2
8669	-2.9	0000010000100100	3	2
8679	-2.9	0000010000100110	3	2
8682	-2.9	0000010001100100	3	2
8688	-2.9	0000010001000110	3	2
8693	-2.9	0000010000111010	3	2
8696	-2.9	0000010001011100	3	2
8699	-2.9	0000010001011010	3	2
8700	-2.9	0000010001100110	3	2
8798	-2.9	0000010110000110	3	2
8877	-2.9	0000010111000110	3	1
8938	-2.9	1010000000100001	4	1
8939	-2.9	1010000001000001	4	1
8940	-2.9	1010000001100001	4	1
8976	-2.9	1010000000100011	4	1
8987	-2.9	1010000000100101	4	1
9001	-2.9	1010000001000101	4	1
9002	-2.9	1010000001000011	4	1
9009	-2.9	1010000001100011	4	1
9021	-2.9	1010000001100101	4	1
9044	-2.9	0000010100000110	3	2
9053	-2.9	0000010100011000	3	2
9054	-2.9	0000010100011000	3	2
9072	-2.9	0000010100011010	3	2
9083	-2.9	0000010101011000	3	2
9091	-2.9	0000010110000100	3	2
9092	-2.9	0000010110000110	3	2
9102	-2.9	0000010100011100	3	2
9111	-2.9	0000010100111000	3	2
9116	-2.9	0000010110000100	3	2
9117	-2.9	0000010110000110	3	2
9135	-2.9	0000010110000001	1	1
9143	-2.9	0000010110000010	3	2
9144	-2.9	0000010110000110	3	2
9150	-2.9	0000010100100010	3	2
9155	-2.9	0000010101000100	3	2
9157	-2.9	0000010110100010	3	2
9159	-2.9	0000010101000010	3	2
9160	-2.9	0000010110100010	3	2
9161	-2.9	0000010101000010	3	2
9162	-2.9	0000010101100010	3	2
9163	-2.9	0000010110100010	3	2
9166	-2.9	0000010100100100	3	2
9167	-2.9	0000010100100100	3	2
9175	-2.9	0000010110100100	3	2
9178	-2.9	0000010110100100	3	2
9183	-2.9	0000010110100100	3	2
9186	-2.9	0000010100100110	3	2
9190	-2.9	0000010101100100	3	2
9196	-2.9	0000010101000110	3	2
9206	-2.9	0000010100111010	3	2
9209	-2.9	0000010101011100	3	2
9210	-2.9	0000010110100110	3	2
9213	-2.9	0000010101100110	3	2
9214	-2.9	0000010101011010	3	2
9215	-2.9	0000010101100110	3	2
9232	-2.9	0000010110100101	1	1
9241	-2.9	0000010110011001	1	1
9248	-2.9	0000011000011000	3	1
9249	-2.9	0110000000011000	3	2
9265	-2.9	0000011001000010	3	1
9266	-2.9	0000011000100100	3	1
9267	-2.9	0110000000100100	3	2
9268	-2.9	0110000001000010	3	1
9270	-2.9	0110000001011010	3	2
9383	-2.9	0000011000000110	3	1
9390	-2.9	0000011000011000	3	1
9391	-2.9	0000011000011000	3	1
9405	-2.9	0000011000011010	3	1
9412	-2.9	0000011001011000	3	1
9422	-2.9	0000011000011100	3	1
9427	-2.9	0000011000111000	3	1
9447	-2.9	0000011000100010	3	1
9450	-2.9	0000011001000100	3	1
9453	-2.9	0000011001000010	3	1
9454	-2.9	0000011001000010	3	1
9455	-2.9	0000011001100010	3	1
9456	-2.9	0000011000100100	3	1
9457	-2.9	0000011000100100	3	1
9467	-2.9	0000011000100110	3	1
9470	-2.9	0000011001100100	3	1
9476	-2.9	0000011001000110	3	1
9481	-2.9	0000011000111010	3	1
9484	-2.9	0000011001011100	3	1
9487	-2.9	0000011001011010	3	1
9488	-2.9	0000011001100110	3	1
9739	-2.9	0110000000100001	4	1
9740	-2.9	0110000001000001	4	1
9741	-2.9	0110000001100001	4	1
9777	-2.9	0110000000100011	4	1
9788	-2.9	0110000000100101	4	1
9802	-2.9	0110000001000101	4	1
9803	-2.9	0110000001000011	4	1
9810	-2.9	0110000001100011	4	1
9822	-2.9	0110000001100101	4	1
9835	-2.9	0110000000000110	3	2
9836	-2.9	0110000000000110	3	2
9844	-2.9	0110000000011000	3	2
9845	-2.9	0110000000011000	3	2
9861	-2.9	0110000000011010	3	2
9863	-2.9	0110000001011000	3	2
9877	-2.9	0110000000011100	3	2
9878	-2.9	0110000000111000	3	2
9900	-2.9	0110000000100010	3	1
9901	-2.9	0110000001000100	3	2
9910	-2.9	0110000000100100	3	2
9911	-2.9	0110000000100100	3	2
9914	-2.9	0110000001000010	3	1
9917	-2.9	0110000001000010	3	1
9918	-2.9	0110000001100010	3	1
9920	-2.9	0110000000100110	3	2
9921	-2.9	0110000001100100	3	2
9925	-2.9	0110000001000110	3	2
9934	-2.9	0110000000111010	3	2
9935	-2.9	0110000001011100	3	2
9938	-2.9	0110000000111100	3	2
9944	-2.9	0110000001011010	3	2
9945	-2.9	0110000001011010	3	2
9948	-2.9	0110000010100110	3	2
9951	-2.9	0110000001011110	3	2
9952	-2.9	0110000001100110	3	2
9953	-2.9	0110000001111010	3	2
9954	-2.9	0110000010100110	3	2
9968	-2.9	0110000000011000	3	2
9969	-2.9	0110000000011000	3	2
9983	-2.9	0110000000011010	3	2
9990	-2.9	0110000001011000	3	2
10000	-2.9	0110000000011100	3	2
10005	-2.9	0110000000111000	3	2
10025	-2.9	0110000000100010	3	1
10028	-2.9	0110000001000100	3	2
10031	-2.9	0110000001000010	3	1
10032	-2.9	0110000001000010	3	1
10033	-2.9	0110000001100010	3	1
10034	-2.9	0110000000100100	3	2
10035	-2.9	0110000000100100	3	2
10045	-2.9	0110000000100110	3	2
10048	-2.9	0110000001100100	3	2
10054	-2.9	0110000001000110	3	2
10059	-2.9	0110000000111010	3	2
10062	-2.9	0110000001011100	3	2
10065	-2.9	0110000001011010	3	2
10066	-2.9	0110000001100110	3	2
10118	-2.9	1110000000100001	4	1
10119	-2.9	1110000001000001	4	1
10120	-2.9	1110000001100001	4	1
10156	-2.9	1110000000100011	4	1
10167	-2.9	1110000000100101	4	1
10181	-2.9	1110000001000101	4	1
10182	-2.9	1110000001000011	4	1
10189	-2.9	1110000001100011	4	1
10201	-2.9	1110000001100101	4	1
10247	-2.9	0000011100011000	2	2
10327	-2.9	0000011100100010	2	2
10328	-2.9	0000011100100010	2	2
10343	-2.9	0000011100100100	2	2
10344	-2.9	0000011100100100	2	2
10362	-2.9	0000011100100110	2	2
10690	-2.9	0001100010100101	4	2
10726	-2.9	0001100000100001	4	2
10727	-2.9	0001100001000001	4	2
10728	-2.9	0001100001100001	4	2
10764	-2.9	0001100000100011	4	2
10775	-2.9	0001100000100101	4	2
10789	-2.9	0001100001000101	4	2
10790	-2.9	0001100001000011	4	2
10797	-2.9	0001100001100011	4	2
10809	-2.9	0001100001100101	4	2
10828	-2.9	0001100011100110	2	2
10830	-2.9	0001100000011000	3	2
10831	-2.9	0001100000011000	3	2
10858	-2.9	0001100001000010	3	2
10859	-2.9	0001100000100100	3	2
10860	-2.9	0001100000100100	3	2
10861	-2.9	0001100001000010	3	2
10863	-2.9	0001100001100110	3	2
10866	-2.9	0001100001011010	3	2
10867	-2.9	0001100001100110	3	2
10868	-2.9	0001100000011000	3	2
10869	-2.9	0001100000011000	3	2
10870	-2.9	0001100000011000	3	2
10880	-2.9	0001100001011000	3	2
10882	-2.9	0001100000011010	3	2
10883	-2.9	0001100000011010	3	2
10885	-2.9	0001100001011000	3	2
10891	-2.9	0001100010000100	3	2
10892	-2.9	0001100010000010	3	2
10893	-2.9	0001100010000110	3	2
10907	-2.9	0001100000011100	3	2
10911	-2.9	0001100000111000	3	2
10935	-2.9	0001100001000100	3	2
10937	-2.9	0001100000100010	3	2
10938	-2.9	0001100000100010	3	2
10939	-2.9	0001100001000100	3	2
10943	-2.9	0001100001000010	3	2
10944	-2.9	0001100001000110	3	2
10945	-2.9	0001100011000100	3	2
10950	-2.9	0001100000100100	3	2
10953	-2.9	0001100000100100	3	2
10957	-2.9	0001100010100100	3	2
10959	-2.9	0001100001100010	3	2
10960	-2.9	0001100010100010	3	2
10961	-2.9	0001100011000010	3	2
10962	-2.9	0001100001000010	3	2
10963	-2.9	0001100001100010	3	2
10964	-2.9	0001100001100100	3	2
10966	-2.9	0001100000100110	3	2
10967	-2.9	0001100000100110	3	2
10968	-2.9	0001100001100100	3	2
10972	-2.9	0001100001000110	3	2
10979	-2.9	0001100001011010	3	2
10980	-2.9	0001100000111010	3	2
10981	-2.9	0001100000111010	3	2
10982	-2.9	0001100001100110	3	2
10983	-2.9	0001100001011100	3	2
10985	-2.9	0001100011000110	3	2
10986	-2.9	0001100000111100	3	2
10993	-2.9	0001100001011010	3	2
10995	-2.9	0001100010100110	3	2
10997	-2.9	0001100001011110	3	2
10998	-2.9	0001100001100110	3	2
10999	-2.9	0001100001111010	3	2
11000	-2.9	0001100010100110	3	2
11007	-2.9	0001100000011000	3	2
11008	-2.9	0001100000011000	3	2
11009	-2.9	0001100000011000	3	2
11025	-2.9	0001100000011010	3	2
11027	-2.9	0001100001011000	3	2
11041	-2.9	0001100000011100	3	2
11042	-2.9	0001100000111000	3	2
11064	-2.9	0001100000100010	3	2
11065	-2.9	0001100001000100	3	2
11074	-2.9	0001100000100100	3	2
11075	-2.9	0001100000100100	3	2
11078	-2.9	0001100001000010	3	2
11081	-2.9	0001100001000010	3	2
11082	-2.9	0001100001100010	3	2
11084	-2.9	0001100000100110	3	2
11085	-2.9	0001100001100100	3	2
11089	-2.9	0001100001000110	3	2
11098	-2.9	0001100000111010	3	2
11099	-2.9	0001100001011100	3	2
11102	-2.9	0001100000111100	3	2
11108	-2.9	0001100001011010	3	2
11109	-2.9	0001100001011010	3	2
11112	-2.9	0001100010100110	3	2
11115	-2.9	0001100001011110	3	2
11116	-2.9	0001100001100110	3	2
11117	-2.9	0001100001111010	3	2
11118	-2.9	0001100010100110	3	2
11152	-2.9	0001100000011010	3	2
11163	-2.9	0001100001011000	3	2
11174	-2.9	0001100000011100	3	2
11175	-2.9	0001100000011100	3	2
11176	-2.9	0001100000111000	3	2
11179	-2.9	0001100000111000	3	2
11184	-2.9	0001100010000100	3	2
11185	-2.9	0001100010000110	3	2
11202	-2.9	0001100000100010	3	2
11203	-2.9	0001100000100010	3	2
11204	-2.9	0001100001000100	3	2
11207	-2.9	0001100001000100	3	2
11210	-2.9	0001100001000010	3	2
11211	-2.9	0001100001100010	3	2
11212	-2.9	0001100010100010	3	2
11214	-2.9	0001100001000010	3	2
11215	-2.9	0001100001100010	3	2
11216	-2.9	0001100000100100	3	2
11217	-2.9	0001100000100100	3	2
11226	-2.9	0001100001000110	3	2
11228	-2.9	0001100010100100	3	2
11231	-2.9	0001100000100110	3	2
11232	-2.9	0001100000100110	3	2
11233	-2.9	0001100001100100	3	2
11236	-2.9	0001100001100100	3	2
11240	-2.9	0001100001000110	3	2
11244	-2.9	0001100000111010	3	2
11245	-2.9	0001100001011100	3	2
11247	-2.9	0001100001100110	3	2
11249	-2.9	0001100001011100	3	2
11250	-2.9	0001100010100110	3	2
11252	-2.9	0001100001011010	3	2
11253	-2.9	0001100001100110	3	2
11287	-2.9	0001100000011010	3	2
11294	-2.9	0001100001011000	3	2
11304	-2.9	0001100000011100	3	2
11309	-2.9	0001100000111000	3	2
11329	-2.9	0001100000100010	3	2
11332	-2.9	0001100001000100	3	2
11335	-2.9	0001100001000010	3	2
11336	-2.9	0001100001000010	3	2
11337	-2.9	0001100001100010	3	2
11338	-2.9	0001100000100100	3	2
11339	-2.9	0001100000100100	3	2
11349	-2.9	0001100000100110	3	2
11352	-2.9	0001100001100100	3	2
11358	-2.9	0001100001000110	3	2
11363	-2.9	0001100000111010	3	2
11366	-2.9	0001100001011100	3	2
11369	-2.9	0001100001011010	3	2
11370	-2.9	0001100001100110	3	2
11400	-3.2	0001100000011000	3	2
11648	-2.9	0110000110100101	4	1
11734	-2.9	0010000111000110	3	2
11835	-2.9	0100000111000110	3	1
11971	-2.9	1000000110100101	4	1
11995	-2.9	1000010000100001	4	1
11996	-2.9	1000010001000001	4	1
11997	-2.9	1000010001100001	4	1
12033	-2.9	1000010000100011	4	1
12044	-2.9	1000010000100101	4	1
12058	-2.9	1000010001000101	4	1
12059	-2.9	1000010001000011	4	1
12066	-2.9	1000010001100011	4	1
12078	-2.9	1000010001100101	4	1
12106	-2.9	1000001000100001	4	1
12107	-2.9	1000001001000001	4	1
12108	-2.9	1000001001100001	4	1
12144	-2.9	1000001000100011	4	1
12155	-2.9	1000001000100101	4	1
12169	-2.9	1000001001000101	4	1
12170	-2.9	1000001001000011	4	1
12177	-2.9	1000001001100011	4	1
12189	-2.9	1000001001100101	4	1
12216	-2.9	1000011000100001	4	1
12217	-2.9	1000011001000001	4	1
12218	-2.9	1000011001100001	4	1
12254	-2.9	1000011000100011	4	1
12265	-2.9	1000011000100101	4	1
12279	-2.9	1000011001000101	4	1
12280	-2.9	1000011001000011	4	1
12287	-2.9	1000011001100011	4	1
12299	-2.9	1000011001100101	4	1
12493	-2.9	0101100000100001	4	1
12494	-2.9	0101100001000001	4	1
12495	-2.9	0101100001100001	4	1
12531	-2.9	0101100000100011	4	1
12542	-2.9	0101100000100101	4	2
12556	-2.9	0101100001000101	4	2
12557	-2.9	0101100001000011	4	1
12564	-2.9	0101100001100011	4	1
12576	-2.9	0101100001100101	4	2
12929	-2.9	0001101001000010	3	2
12930	-2.9	0001101000100100	3	2
12932	-2.9	0001101001100110	3	2
12946	-2.9	0101100000011010	3	2
12950	-2.9	0101100000011010	3	2
12952	-2.9	0101100001011000	3	2
12966	-2.9	0101100000011100	3	2
12967	-2.9	0101100000111000	3	2
12989	-2.9	0101100000100010	3	1
12990	-2.9	0101100001000100	3	2
12999	-2.9	0101100000100100	3	2
13000	-2.9	0101100000100100	3	2
13003	-2.9	0101100001000010	3	1
13006	-2.9	0101100001000010	3	1
13007	-2.9	0101100001100010	3	1
13009	-2.9	0101100000100110	3	2
13010	-2.9	0101100001100100	3	2
13014	-2.9	0101100001000110	3	2
13023	-2.9	0101100000111010	3	2
13024	-2.9	0101100001011100	3	2
13027	-2.9	0101100000111100	3	2
13033	-2.9	0101100001011010	3	2
13034	-2.9	0101100001011010	3	2
13037	-2.9	0101100010100110	3	2
13040	-2.9	0101100001011110	3	2
13041	-2.9	0101100001100110	3	2
13042	-2.9	0101100001111010	3	2
13043	-2.9	0101100010100110	3	2
13466	-2.9	0101100001000010	3	1
13467	-2.9	0101100000100100	3	2
13469	-2.9	0101100001100110	3	2
13473	-2.9	0101100001011000	3	2
13483	-2.9	0101100000011100	3	2
13488	-2.9	0101100000111000	3	2
13508	-2.9	0101100000100010	3	1
13511	-2.9	0101100001000100	3	2
13514	-2.9	0101100001000010	3	1
13515	-2.9	0101100001000010	3	1
13516	-2.9	0101100001100010	3	1
13517	-2.9	0101100000100100	3	2
13518	-2.9	0101100000100100	3	2
13528	-2.9	0101100000100110	3	2
13531	-2.9	0101100001100100	3	2
13537	-2.9	0101100001000110	3	2
13542	-2.9	0101100000111010	3	2
13545	-2.9	0101100001011100	3	2
13548	-2.9	0101100001011010	3	2
13549	-2.9	0101100001100110	3	2
13696	-2.9	0001101000100001	4	2
13697	-2.9	0001101001000001	4	2
13698	-2.9	0001101001100001	4	2
13734	-2.9	0001101000100011	4	2
13745	-2.9	0001101000100101	4	2
13759	-2.9	0001101001000101	4	2
13760	-2.9	0001101001000011	4	2
13767	-2.9	0001101001100011	4	2
13779	-2.9	0001101001100101	4	2
13793	-2.9	0001101001011000	3	2
13803	-2.9	0001101000011100	3	2
13808	-2.9	0001101000111000	3	2
13828	-2.9	0001101000100010	3	2
13831	-2.9	0001101001000100	3	2
13834	-2.9	0001101001000010	3	2
13835	-2.9	0001101001000010	3	2
13836	-2.9	0001101001100010	3	2
13837	-2.9	0001101000100100	3	2
13838	-2.9	0001101000100100	3	2
13848	-2.9	0001101000100110	3	2
13851	-2.9	0001101001100100	3	2
13857	-2.9	0001101001000110	3	2
13862	-2.9	0001101000111010	3	2
13865	-2.9	0001101001011100	3	2
13868	-2.9	0001101001011010	3	2
13869	-2.9	0001101001100110	3	2
13891	-2.9	0001101001011000	3	2
13904	-2.9	0001101000011100	3	2
13905	-2.9	0001101000111000	3	2
13927	-2.9	0001101000100010	3	2
13928	-2.9	0001101001000100	3	2
13937	-2.9	0001101000100100	3	2
13938	-2.9	0001101000100100	3	2
13941	-2.9	0001101001000010	3	2
13944	-2.9	0001101001000010	3	2
13945	-2.9	0001101001100010	3	2
13947	-2.9	0001101000100110	3	2
13948	-2.9	0001101001100100	3	2
13952	-2.9	0001101001000110	3	2
13961	-2.9	0001101000111010	3	2
13962	-2.9	0001101001011100	3	2
13965	-2.9	0001101000111100	3	2
13971	-2.9	0001101001011010	3	2
13972	-2.9	0001101001011010	3	2
13975	-2.9	0001101010100110	3	2
13978	-2.9	0001101001011110	3	2
13979	-2.9	0001101001100110	3	2
13980	-2.9	0001101001111010	3	2
13981	-2.9	0001101010100110	3	2
14049	-2.9	0010000110100101	4	2
14116	-2.9	0100000110100101	4	1
14173	-2.9	0110000110000001	1	1
14258	-2.9	0110000110100101	4	1
14263	-2.9	0110000110100101	1	1
14272	-2.9	0110000110011001	1	1
14333	-2.9	1010000110100101	4	1
14344	-2.9	0010000110000100	3	2
14345	-2.9	0010000110000110	3	2
14372	-2.9	0010000101000010	3	2
14373	-2.9	0010000110100010	3	2
14374	-2.9	0010000100100100	3	2
14378	-2.9	0010000110100100	3	2
14391	-2.9	0010000101100110	3	2
14407	-2.9	0100000110000100	3	2
14408	-2.9	0100000110000110	3	1
14435	-2.9	0100000101000010	3	1
14436	-2.9	0100000110100010	3	1
14437	-2.9	0100000100100100	3	2
14441	-2.9	0100000110100100	3	2
14454	-2.9	0100000101100110	3	1
14469	-2.9	0110000110000100	3	2
14470	-2.9	0110000110000110	3	2
14497	-2.9	0110000101000010	3	1
14498	-2.9	0110000110100010	3	1
14499	-2.9	0110000100100100	3	2
14503	-2.9	0110000110100100	3	2
14516	-2.9	0110000101100110	3	2
14530	-2.9	0010000110000100	3	2
14556	-2.9	0010000111000100	3	2
14563	-2.9	0010000110100100	3	2
14566	-2.9	0010000110100010	3	2
14567	-2.9	0010000111000010	3	2
14575	-2.9	0010000111000110	3	2
14582	-2.9	0010000110100110	3	2
14586	-2.9	0010000110100110	3	2
14591	-2.9	0110000110000110	3	2
14616	-2.9	0110000111000100	3	2
14623	-2.9	0110000110100100	3	2
14626	-2.9	0110000110100010	3	1
14627	-2.9	0110000111000010	3	1
14635	-2.9	0110000111000110	3	2
14642	-2.9	0110000110100110	3	2
14646	-2.9	0110000110100110	3	2
14651	-2.9	1000010000011100	4	1
14662	-2.9	1000010000011110	4	1
14663	-2.9	1000010000100010	4	1
14664	-2.9	1000010000100100	4	1
14665	-2.9	1000010000100110	4	1
14666	-2.9	1000010000111010	4	1
14667	-2.9	1000010000111100	4	1
14668	-2.9	1000010001000010	4	1
14669	-2.9	1000010001000100	4	1
14670	-2.9	1000010001000110	4	1
14671	-2.9	1000010001011010	4	1
14672	-2.9	1000010001011100	4	1
14673	-2.9	1000010001100010	4	1
14674	-2.9	1000010001100100	4	1
14675	-2.9	1000010001100110	4	1
14676	-2.9	1000010001111000	4	1
14681	-2.9	1000010000100011	4	1
14689	-2.9	1000010000100101	4	1
14700	-2.9	1000010001000101	4	1
14701	-2.9	1000010001000011	4	1
14706	-2.9	1000010001100011	4	1
14715	-2.9	1000010001011001	4	1
14717	-2.9	1000010001100101	4	1
14727	-2.9	1000010001100111	4	1
14728	-2.9	1000010001111001	4	1
14730	-2.9	1000001000011100	4	1
14741	-2.9	1000001000011110	4	1
14742	-2.9	1000001000100010	4	1
14743	-2.9	1000001000100100	4	1
14744	-2.9	1000001000100110	4	1
14745	-2.9	1000001000111010	4	1
14746	-2.9	1000001000111100	4	1
14747	-2.9	1000001001000010	4	1
14748	-2.9	1000001001000100	4	1
14749	-2.9	1000001001000110	4	1
14750	-2.9	1000001001011010	4	1
14751	-2.9	1000001001011100	4	1
14752	-2.9	1000001001100010	4	1
14753	-2.9	1000001001100100	4	1
14754	-2.9	1000001001100110	4	1
14755	-2.9	1000001001111000	4	1
14760	-2.9	1000001000100011	4	1
14768	-2.9	1000001000100101	4	1
14779	-2.9	1000001001000101	4	1
14780	-2.9	1000001001000011	4	1
14785	-2.9	1000001001100011	4	1
14794	-2.9	1000001001011001	4	1
14796	-2.9	1000001001100101	4	1
14806	-2.9	1000001001100111	4	1
14807	-2.9	1000001001111001	4	1
14809	-2.9	1000011000011100	4	1
14820	-2.9	1000011000011110	4	1
14821	-2.9	1000011000100010	4	1
14822	-2.9	1000011000100100	4	1
14823	-2.9	1000011000100110	4	1
14824	-2.9	1000011000111010	4	1
14825	-2.9	1000011000111100	4	1
14826	-2.9	1000011001000010	4	1
14827	-2.9	1000011001000100	4	1
14828	-2.9	1000011001000110	4	1
14829	-2.9	1000011001011010	4	1
14830	-2.9	1000011001011100	4	1
14831	-2.9	1000011001100010	4	1
14832	-2.9	1000011001100100	4	1
14833	-2.9	1000011001100110	4	1
14834	-2.9	1000011001111000	4	1
14839	-2.9	1000011000100011	4	1
14847	-2.9	1000011000100101	4	1
14858	-2.9	1000011001000101	4	1
14859	-2.9	1000011001000011	4	1
14864	-2.9	1000011001100011	4	1
14873	-2.9	1000011001011001	4	1
14875	-2.9	1000011001100101	4	1
14885	-2.9	1000011001100111	4	1
14886	-2.9	1000011001111001	4	1
14988	-2.9	0011100010100101	4	2
15033	-2.9	0011100000100011	4	2
15044	-2.9	0011100000100101	4	2
15058	-2.9	0011100001000101	4	2
15059	-2.9	0011100001000011	4	2
15066	-2.9	0011100001100011	4	2
15078	-2.9	0011100001100101	4	2
15189	-2.9	0100010010100101	4	1
15297	-2.9	0010010010100101	4	2
15339	-2.9	0110010010100101	4	1
15436	-2.9	0001110010100101	4	2
15447	-2.9	0011100000100100	3	2
15448	-2.9	0011100001000010	3	1
15451	-2.9	0011100001011010	3	2
15452	-2.9	0011100001100110	3	2
15453	-2.9	0011100000011100	3	2
15456	-2.9	0011100000011100	3	2
15457	-2.9	0011100000111000	3	2
15479	-2.9	0011100000100010	3	1
15480	-2.9	0011100001000100	3	2
15489	-2.9	0011100000100100	3	2
15490	-2.9	0011100000100100	3	2
15493	-2.9	0011100001000010	3	1
15496	-2.9	0011100001000010	3	1
15497	-2.9	0011100001100010	3	1
15499	-2.9	0011100000100110	3	2
15500	-2.9	0011100001100100	3	2
15504	-2.9	0011100001000110	3	2
15513	-2.9	0011100000111010	3	2
15514	-2.9	0011100001011100	3	2
15517	-2.9	0011100000111100	3	2
15523	-2.9	0011100001011010	3	2
15524	-2.9	0011100001011010	3	2
15527	-2.9	0011100010100110	3	2
15530	-2.9	0011100001011110	3	2
15531	-2.9	0011100001100110	3	2
15532	-2.9	0011100001111010	3	2
15533	-2.9	0011100010100110	3	2
15634	-2.9	0100001010100101	4	1
15737	-2.9	0010001010100101	4	2
15776	-2.9	0110001010100101	4	1
15785	-2.9	0001110000100100	3	2
15786	-2.9	0001110001000010	3	2
15789	-2.9	0001110001011010	3	2
15790	-2.9	0001110001100110	3	2
15793	-2.9	0011100000111000	3	2
15813	-2.9	0011100000100010	3	1
15816	-2.9	0011100001000100	3	2
15819	-2.9	0011100001000010	3	1
15820	-2.9	0011100001000010	3	1
15821	-2.9	0011100001100010	3	1
15822	-2.9	0011100000100100	3	2
15823	-2.9	0011100000100100	3	2
15833	-2.9	0011100000100110	3	2
15836	-2.9	0011100001100100	3	2
15842	-2.9	0011100001000110	3	2
15847	-2.9	0011100000111010	3	2
15850	-2.9	0011100001011100	3	2
15853	-2.9	0011100001011010	3	2
15854	-2.9	0011100001100110	3	2
15903	-2.9	0100011010100101	4	1
15932	-2.9	0010011010100101	4	2
15960	-2.9	0110011010100101	4	1
15962	-2.9	0001110000111000	3	2
15982	-2.9	0001110000100010	3	2
15985	-2.9	0001110001000100	3	2
15988	-2.9	0001110001000010	3	2
15989	-2.9	0001110001000010	3	2
15990	-2.9	0001110001100010	3	2
15991	-2.9	0001110000100100	3	2
15992	-2.9	0001110000100100	3	2
16002	-2.9	0001110000100110	3	2
16005	-2.9	0001110001100100	3	2
16011	-2.9	0001110001000110	3	2
16016	-2.9	0001110000111010	3	2
16019	-2.9	0001110001011100	3	2
16022	-2.9	0001110001011010	3	2
16023	-2.9	0001110001100110	3	2
16045	-2.9	0001110000111000	3	2
16066	-2.9	0001110000100010	3	2
16067	-2.9	0001110001000100	3	2
16076	-2.9	0001110000100100	3	2
16077	-2.9	0001110000100100	3	2
16080	-2.9	0001110001000010	3	2
16083	-2.9	0001110001000010	3	2
16084	-2.9	0001110001100010	3	2
16086	-2.9	0001110000100110	3	2
16087	-2.9	0001110001100100	3	2
16091	-2.9	0001110001000110	3	2
16100	-2.9	0001110000111010	3	2
16101	-2.9	0001110001011100	3	2
16104	-2.9	0001110000111100	3	2
16110	-2.9	0001110001011010	3	2
16111	-2.9	0001110001011010	3	2
16114	-2.9	0001110010100110	3	2
16117	-2.9	0001110001011110	3	2
16118	-2.9	0001110001100110	3	2
16119	-2.9	0001110001111010	3	2
16120	-2.9	0001110010100110	3	2
16165	-2.9	0011100110100101	4	2
16176	-2.9	0010000110000100	3	2
16177	-2.9	0010000110000110	3	2
16182	-2.9	0010000110100010	3	2
16193	-2.9	0010000110100100	3	2
16201	-2.9	0010000110100110	3	2
16209	-2.9	0100010110100101	4	1
16219	-2.9	0100000110000100	3	2
16220	-2.9	0100000110000110	3	1
16225	-2.9	0100000110100010	3	1
16236	-2.9	0100000110100100	3	2
16244	-2.9	0100000110100110	3	1
16252	-2.9	0010010110100101	4	2
16261	-2.9	0110000110000100	3	2
16262	-2.9	0110000110000110	3	2
16267	-2.9	0110000110100010	3	1
16278	-2.9	0110000110100100	3	2
16286	-2.9	0110000110100110	3	2
16294	-2.9	0110010110100101	4	1
16302	-2.9	0010000110000100	3	2
16311	-2.9	0010000111000100	3	2
16313	-2.9	0010000100100100	3	2
16314	-2.9	0010000101000010	3	2
16315	-2.9	0010000110100010	3	2
16316	-2.9	0010000111000010	3	2
16318	-2.9	0010000110100100	3	2
16326	-2.9	0010000110011100	3	2
16330	-2.9	0010000110011010	3	2
16331	-2.9	0010000101011010	3	2
16332	-2.9	0010000101100110	3	2
16333	-2.9	0010000110011110	3	2
16334	-2.9	0010000110100110	3	2
16338	-2.9	0010000110100110	3	2
16343	-2.9	0110000110000110	3	2
16351	-2.9	0110000111000100	3	2
16353	-2.9	0110000100100100	3	2
16354	-2.9	0110000101000010	3	1
16355	-2.9	0110000110100010	3	1
16356	-2.9	0110000111000010	3	1
16358	-2.9	0110000110100100	3	2
16366	-2.9	0110000110011100	3	2
16370	-2.9	0110000110011010	3	2
16371	-2.9	0110000101011010	3	2
16372	-2.9	0110000101100110	3	2
16373	-2.9	0110000110011110	3	2
16374	-2.9	0110000110100110	3	2
16378	-2.9	0110000110100110	3	2
16608	-2.9	0111100000100011	4	1
16619	-2.9	0111100000100101	4	1
16633	-2.9	0111100001000101	4	1
16634	-2.9	0111100001000011	4	1
16641	-2.9	0111100001100011	4	1
16653	-2.9	0111100001100101	4	1
16686	-2.9	0100010000100011	4	1
16697	-2.9	0100010000100101	4	1
16711	-2.9	0100010001000101	4	1
16712	-2.9	0100010001000011	4	1
16719	-2.9	0100010001100011	4	1
16731	-2.9	0100010001100101	4	1
16763	-2.9	0010010000100011	4	2
16774	-2.9	0010010000100101	4	2
16788	-2.9	0010010001000101	4	2
16789	-2.9	0010010001000011	4	2
16796	-2.9	0010010001100011	4	2
16808	-2.9	0010010001100101	4	2
16839	-2.9	0110010000100011	4	1
16850	-2.9	0110010000100101	4	1
16864	-2.9	0110010001000101	4	1
16865	-2.9	0110010001000011	4	1
16872	-2.9	0110010001100011	4	1
16884	-2.9	0110010001100101	4	1
16914	-2.9	0101110000100011	4	1
16925	-2.9	0101110000100101	4	1
16939	-2.9	0101110001000101	4	1
16940	-2.9	0101110001000011	4	1
16947	-2.9	0101110001100011	4	1
16959	-2.9	0101110001100101	4	1
16988	-2.9	0011110000100011	4	1
16999	-2.9	0011110000100101	4	2
17013	-2.9	0011110001000101	4	2
17014	-2.9	0011110001000011	4	1
17021	-2.9	0011110001100011	4	1
17033	-2.9	0011110001100101	4	2
17061	-2.9	0100001000100011	4	1
17072	-2.9	0100001000100101	4	1
17086	-2.9	0100001001000101	4	1
17087	-2.9	0100001001000011	4	1
17094	-2.9	0100001001100011	4	1
17106	-2.9	0100001001100101	4	1
17133	-2.9	0010001000100011	4	2
17144	-2.9	0010001000100101	4	2
17158	-2.9	0010001001000101	4	2
17159	-2.9	0010001001000011	4	2
17166	-2.9	0010001001100011	4	2
17178	-2.9	0010001001100101	4	2
17204	-2.9	0110001000100011	4	1
17215	-2.9	0110001000100101	4	1
17229	-2.9	0110001001000101	4	1
17230	-2.9	0110001001000011	4	1
17237	-2.9	0110001001100011	4	1
17249	-2.9	0110001001100101	4	1
17274	-2.9	0101101000100011	4	1
17285	-2.9	0101101000100101	4	2
17299	-2.9	0101101001000101	4	2
17300	-2.9	0101101001000011	4	1
17307	-2.9	0101101001100011	4	1
17319	-2.9	0101101001100101	4	2
17343	-2.9	0011101000100011	4	2
17354	-2.9	0011101000100101	4	2
17368	-2.9	0011101001000101	4	2
17369	-2.9	0011101001000011	4	2
17376	-2.9	0011101001100011	4	2
17388	-2.9	0011101001100101	4	2
17411	-2.9	0100011000100011	4	1
17422	-2.9	0100011000100101	4	1
17436	-2.9	0100011001000101	4	1
17437	-2.9	0100011001000011	4	1
17444	-2.9	0100011001100011	4	1
17456	-2.9	0100011001100101	4	1
17478	-2.9	0010011000100011	4	2
17489	-2.9	0010011000100101	4	2
17503	-2.9	0010011001000101	4	2
17504	-2.9	0010011001000011	4	2
17511	-2.9	0010011001100011	4	2
17523	-2.9	0010011001100101	4	2
17544	-2.9	0110011000100011	4	1
17555	-2.9	0110011000100101	4	1
17569	-2.9	0110011001000101	4	1
17570	-2.9	0110011001000011	4	1
17577	-2.9	0110011001100011	4	1
17589	-2.9	0110011001100101	4	1
17603	-2.9	1000000110000110	1	1
17609	-2.9	0001111000100011	4	2
17620	-2.9	0001111000100101	4	2
17634	-2.9	0001111001000101	4	2
17635	-2.9	0001111001000011	4	2
17642	-2.9	0001111001100011	4	2
17653	-2.9	1000000110100110	1	1
17654	-2.9	0001111001100101	4	2
17659	-2.9	1000000110100110	1	1
17753	-2.9	0110000110100101	4	1
17756	-2.9	0110000110100101	1	1
17764	-2.9	0110000110011001	1	1
17793	-2.9	0100000110100110	3	1
17794	-2.9	0100000110100110	3	1
17798	-2.9	0110000110100110	3	2
17799	-2.9	0110000110100110	3	2
17824	-2.9	0100010011100110	2	1
17830	-2.9	0100010011100110	2	1
17832	-2.9	0010001001000010	3	2
17833	-2.9	0010001000100100	3	2
17834	-2.9	0100010000100100	3	1
17835	-2.9	0100010001000010	3	1
17837	-2.9	0010001001100110	3	2
17840	-2.9	0100010001011010	3	1
17841	-2.9	0100010001100110	3	1
17842	-2.9	0100010000100010	3	1
17843	-2.9	0100010000100010	3	1
17844	-2.9	0100010001000100	3	2
17853	-2.9	0100010000100100	3	1
17854	-2.9	0100010000100100	3	1
17857	-2.9	0100010001000010	3	1
17860	-2.9	0100010001000010	3	1
17861	-2.9	0100010001100010	3	1
17863	-2.9	0100010000100110	3	1
17864	-2.9	0100010001100100	3	1
17868	-2.9	0100010001000110	3	1
17877	-2.9	0100010000111010	3	1
17878	-2.9	0100010001011100	3	1
17881	-2.9	0100010000111100	3	1
17887	-2.9	0100010001011010	3	1
17888	-2.9	0100010001011010	3	1
17891	-2.9	0100010010100110	3	1
17894	-2.9	0100010001011110	3	1
17895	-2.9	0100010001100110	3	1
17896	-2.9	0100010001111010	3	1
17897	-2.9	0100010010100110	3	1
17911	-2.9	0100010001000010	3	1
17912	-2.9	0100010000100100	3	2
17913	-2.9	0010001000100100	3	2
17914	-2.9	0010001001000010	3	2
17916	-2.9	0100010001100110	3	1
17919	-2.9	0010001001011010	3	2
17920	-2.9	0010001001100110	3	2
17923	-2.9	0100010001000100	3	2
17926	-2.9	0100010001000010	3	1
17927	-2.9	0100010001000010	3	1
17928	-2.9	0100010001100010	3	1
17929	-2.9	0100010000100100	3	2
17930	-2.9	0100010000100100	3	2
17940	-2.9	0100010000100110	3	1
17943	-2.9	0100010001100100	3	1
17949	-2.9	0100010001000110	3	1
17954	-2.9	0100010000111010	3	1
17957	-2.9	0100010001011100	3	1
17960	-2.9	0100010001011010	3	1
17961	-2.9	0100010001100110	3	1
17990	-2.9	0010001001000100	3	2
17993	-2.9	0010001001000010	3	2
17994	-2.9	0010001001000010	3	2
17995	-2.9	0010001001100010	3	2
17996	-2.9	0010001000100100	3	2
17997	-2.9	0010001000100100	3	2
18007	-2.9	0010001000100110	3	2
18010	-2.9	0010001001100100	3	2
18016	-2.9	0010001001000110	3	2
18021	-2.9	0010001000111010	3	2
18024	-2.9	0010001001011100	3	2
18027	-2.9	0010001001011010	3	2
18028	-2.9	0010001001100110	3	2
18050	-2.9	0010001001000100	3	2
18058	-2.9	0010001000100100	3	2
18059	-2.9	0010001000100100	3	2
18062	-2.9	0010001001000010	3	2
18065	-2.9	0010001001000010	3	2
18066	-2.9	0010001001100010	3	2
18068	-2.9	0010001000100110	3	2
18069	-2.9	0010001001100100	3	2
18073	-2.9	0010001001000110	3	2
18082	-2.9	0010001000111010	3	2
18083	-2.9	0010001001011100	3	2
18086	-2.9	0010001000111100	3	2
18092	-2.9	0010001001011010	3	2
18093	-2.9	0010001001011010	3	2
18096	-2.9	0010001010100110	3	2
18099	-2.9	0010001001011110	3	2
18100	-2.9	0010001001100110	3	2
18101	-2.9	0010001001111010	3	2
18102	-2.9	0010001010100110	3	2
18119	-2.9	1100010000100011	4	1
18130	-2.9	1100010000100101	4	1
18144	-2.9	1100010001000101	4	1
18145	-2.9	1100010001000011	4	1
18152	-2.9	1100010001100011	4	1
18164	-2.9	1100010001100101	4	1
18177	-2.9	0100001001000010	3	1
18178	-2.9	0100001000100100	3	2
18179	-2.9	0100001000100100	3	1
18180	-2.9	0100001001000010	3	1
18182	-2.9	0100001001100110	3	1
18185	-2.9	0100001001011010	3	1
18186	-2.9	0100001001100110	3	1
18187	-2.9	0110001001000010	3	1
18188	-2.9	0110001000100100	3	2
18189	-2.9	0100011000100100	3	1
18190	-2.9	0100011001000010	3	1
18192	-2.9	0100011001011010	3	1
18194	-2.9	0100010110100010	3	1
18196	-2.9	0010001101000010	3	2
18198	-2.9	0010001100100100	3	2
18199	-2.9	0100010100100100	3	1
18200	-2.9	0100010101000010	3	1
18201	-2.9	0100010110100010	3	1
18204	-2.9	0100010110100100	3	1
18212	-2.9	0100010110011100	3	1
18216	-2.9	0100010110011010	3	1
18217	-2.9	0100010101011010	3	1
18218	-2.9	0100010101100110	3	1
18219	-2.9	0100010110011110	3	1
18220	-2.9	0100010110100110	3	1
18224	-2.9	0100010110100110	3	1
18235	-2.9	1100010000100101	4	1
18246	-2.9	1100010001000101	4	1
18247	-2.9	1100010001000011	4	1
18252	-2.9	1100010001100011	4	1
18261	-2.9	1100010001011001	4	1
18263	-2.9	1100010001100101	4	1
18273	-2.9	1100010001100111	4	1
18274	-2.9	1100010001111001	4	1
18276	-2.9	0100001001000010	3	1
18278	-2.9	0100001001000010	3	1
18280	-2.9	0100001000100100	3	1
18283	-2.9	0100001000100100	3	1
18287	-2.9	0100001010100100	3	1
18289	-2.9	0100001001100010	3	1
18290	-2.9	0100001010100010	3	1
18291	-2.9	0100001011000010	3	1
18292	-2.9	0100001001000010	3	1
18293	-2.9	0100001001100010	3	1
18294	-2.9	0100001001100100	3	1
18296	-2.9	0100001000100110	3	1
18297	-2.9	0100001000100110	3	1
18298	-2.9	0100001001100100	3	1
18302	-2.9	0100001001000110	3	1
18309	-2.9	0100001001011010	3	1
18310	-2.9	0100001000111010	3	1
18311	-2.9	0100001000111010	3	1
18312	-2.9	0100001001100110	3	1
18313	-2.9	0100001001011100	3	1
18315	-2.9	0100001011000110	3	1
18316	-2.9	0100001000111100	3	1
18323	-2.9	0100001001011010	3	1
18325	-2.9	0100001010100110	3	1
18327	-2.9	0100001001011110	3	1
18328	-2.9	0100001001100110	3	1
18329	-2.9	0100001001111010	3	1
18330	-2.9	0100001010100110	3	1
18339	-2.9	0100010110100010	3	1
18343	-2.9	0100010110100100	3	1
18346	-2.9	0100010110100010	3	1
18362	-2.9	0100010110100110	3	1
18366	-2.9	0100010110100110	3	1
18371	-2.9	0100001001000010	3	1
18375	-2.9	0100001000100100	3	1
18376	-2.9	0100001000100100	3	1
18379	-2.9	0100001001000010	3	1
18382	-2.9	0100001001000010	3	1
18383	-2.9	0100001001100010	3	1
18385	-2.9	0100001000100110	3	1
18386	-2.9	0100001001100100	3	1
18390	-2.9	0100001001000110	3	1
18399	-2.9	0100001000111010	3	1
18400	-2.9	0100001001011100	3	1
18403	-2.9	0100001000111100	3	1
18409	-2.9	0100001001011010	3	1
18410	-2.9	0100001001011010	3	1
18413	-2.9	0100001010100110	3	1
18416	-2.9	0100001001011110	3	1
18417	-2.9	0100001001100110	3	1
18418	-2.9	0100001001111010	3	1
18419	-2.9	0100001010100110	3	1
18427	-2.9	0100011001100010	3	1
18430	-2.9	0100011000100100	3	1
18431	-2.9	0100011000100100	3	1
18434	-2.9	0100011001000010	3	1
18437	-2.9	0100011001000010	3	1
18438	-2.9	0100011001100010	3	1
18440	-2.9	0100011000100110	3	1
18441	-2.9	0100011001100100	3	1
18445	-2.9	0100011001000110	3	1
18454	-2.9	0100011000111010	3	1
18455	-2.9	0100011001011100	3	1
18458	-2.9	0100011000111100	3	1
18464	-2.9	0100011001011010	3	1
18465	-2.9	0100011001011010	3	1
18468	-2.9	0100011010100110	3	1
18471	-2.9	0100011001011110	3	1
18472	-2.9	0100011001100110	3	1
18473	-2.9	0100011001111010	3	1
18474	-2.9	0100011010100110	3	1
18482	-2.9	0100010110100110	3	1
18483	-2.9	0100010110100110	3	1
18493	-2.9	0010010011100110	2	2
18499	-2.9	0010010011100110	2	2
18501	-2.9	0010010000100100	3	2
18502	-2.9	0010010000100100	3	2
18503	-2.9	0010010001000010	3	2
18505	-2.9	0010010001100110	3	2
18508	-2.9	0010010001011010	3	2
18509	-2.9	0010010001100110	3	2
18510	-2.9	0010010000100100	3	2
18511	-2.9	0010010000100100	3	2
18512	-2.9	0010010000100100	3	2
18516	-2.9	0010010010100100	3	2
18518	-2.9	0010010001100010	3	2
18519	-2.9	0010010010100010	3	2
18520	-2.9	0010010011000010	3	2
18521	-2.9	0010010001000010	3	2
18522	-2.9	0010010001100010	3	2
18523	-2.9	0010010001100100	3	2
18525	-2.9	0010010000100110	3	2
18526	-2.9	0010010000100110	3	2
18527	-2.9	0010010001100100	3	2
18531	-2.9	0010010001000110	3	2
18538	-2.9	0010010001011010	3	2
18539	-2.9	0010010000111010	3	2
18540	-2.9	0010010000111010	3	2
18541	-2.9	0010010001100110	3	2
18542	-2.9	0010010001011100	3	2
18544	-2.9	0010010011000110	3	2
18545	-2.9	0010010000111100	3	2
18552	-2.9	0010010001011010	3	2
18554	-2.9	0010010010100110	3	2
18556	-2.9	0010010001011110	3	2
18557	-2.9	0010010001100110	3	2
18558	-2.9	0010010001111010	3	2
18559	-2.9	0010010010100110	3	2
18566	-2.9	0010010000100100	3	2
18567	-2.9	0010010000100100	3	2
18568	-2.9	0010010000100100	3	2
18571	-2.9	0010010001000010	3	2
18574	-2.9	0010010001000010	3	2
18575	-2.9	0010010001100010	3	2
18577	-2.9	0010010000100110	3	2
18578	-2.9	0010010001100100	3	2
18582	-2.9	0010010001000110	3	2
18591	-2.9	0010010000111010	3	2
18592	-2.9	0010010001011100	3	2
18595	-2.9	0010010000111100	3	2
18601	-2.9	0010010001011010	3	2
18602	-2.9	0010010001011010	3	2
18605	-2.9	0010010010100110	3	2
18608	-2.9	0010010001011110	3	2
18609	-2.9	0010010001100110	3	2
18610	-2.9	0010010001111010	3	2
18611	-2.9	0010010010100110	3	2
18627	-2.9	0010010001000110	3	2
18629	-2.9	0010010010100100	3	2
18632	-2.9	0010010000100110	3	2
18633	-2.9	0010010000100110	3	2
18634	-2.9	0010010001100100	3	2
18637	-2.9	0010010001100100	3	2
18641	-2.9	0010010001000110	3	2
18645	-2.9	0010010000111010	3	2
18646	-2.9	0010010001011100	3	2
18648	-2.9	0010010001100110	3	2
18650	-2.9	0010010001011100	3	2
18651	-2.9	0010010010100110	3	2
18653	-2.9	0010010001011010	3	2
18654	-2.9	0010010001100110	3	2
18684	-2.9	0010010000100110	3	2
18687	-2.9	0010010001100100	3	2
18693	-2.9	0010010001000110	3	2
18698	-2.9	0010010000111010	3	2
18701	-2.9	0010010001011100	3	2
18704	-2.9	0010010001011010	3	2
18705	-2.9	0010010001100110	3	2
18733	-3.2	0010010000100100	3	2
18790	-2.9	1010010000100101	4	1
18804	-2.9	1010010001000101	4	1
18805	-2.9	1010010001000011	4	1
18812	-2.9	1010010001100011	4	1
18824	-2.9	1010010001100101	4	1
18840	-2.9	0100001001000110	3	1
18842	-2.9	0100001010100100	3	2
18845	-2.9	0100001000100110	3	1
18846	-2.9	0100001000100110	3	1
18847	-2.9	0100001001100100	3	1
18850	-2.9	0100001001100100	3	1
18854	-2.9	0100001001000110	3	1
18858	-2.9	0100001000111010	3	1
18859	-2.9	0100001001011100	3	1
18861	-2.9	0100001001100110	3	1
18863	-2.9	0100001001011100	3	1
18864	-2.9	0100001010100110	3	1
18866	-2.9	0100001001011010	3	1
18867	-2.9	0100001001100110	3	1
18892	-2.9	0010010110100100	3	2
18895	-2.9	0100010110100100	3	2
18903	-2.9	0100010110100110	3	1
18905	-2.9	0010010101100110	3	2
18919	-2.9	0010010110100100	3	2
18921	-2.9	0010010110100010	3	2
18937	-2.9	0010010110100110	3	2
18941	-2.9	0010010110100110	3	2
18954	-2.9	1010010001000101	4	1
18955	-2.9	1010010001000011	4	1
18960	-2.9	1010010001100011	4	1
18969	-2.9	1010010001011001	4	1
18971	-2.9	1010010001100101	4	1
18981	-2.9	1010010001100111	4	1
18982	-2.9	1010010001111001	4	1
18985	-2.9	0110001001011010	3	2
18988	-2.9	0010010110100100	3	2
18996	-2.9	0010010110100110	3	2
18998	-2.9	0100010101100110	3	1
19012	-2.9	0010010110100100	3	2
19019	-2.9	0010010110011100	3	2
19023	-2.9	0010010110011010	3	2
19024	-2.9	0010010101011010	3	2
19025	-2.9	0010010101100110	3	2
19026	-2.9	0010010110011110	3	2
19027	-2.9	0010010110100110	3	2
19031	-2.9	0010010110100110	3	2
19074	-2.9	0100001000100110	3	1
19077	-2.9	0100001001100100	3	1
19083	-2.9	0100001001000110	3	1
19088	-2.9	0100001000111010	3	1
19091	-2.9	0100001001011100	3	1
19094	-2.9	0100001001011010	3	1
19095	-2.9	0100001001100110	3	1
19118	-2.9	0100011000100110	3	1
19121	-2.9	0100011001100100	3	1
19127	-2.9	0100011001000110	3	1
19132	-2.9	0100011000111010	3	1
19135	-2.9	0100011001011100	3	1
19138	-2.9	0100011001011010	3	1
19139	-2.9	0100011001100110	3	1
19166	-2.9	0010010110100110	3	2
19167	-2.9	0010010110100110	3	2
19180	-2.9	0110010011100110	2	1
19183	-2.9	0110010001011010	3	2
19187	-2.9	0110010000100110	3	1
19188	-2.9	0110010000100110	3	1
19189	-2.9	0110010001100100	3	2
19193	-2.9	0110010001000110	3	2
19202	-2.9	0110010000111010	3	2
19203	-2.9	0110010001011100	3	2
19206	-2.9	0110010000111100	3	2
19212	-2.9	0110010001011010	3	2
19213	-2.9	0110010001011010	3	2
19216	-2.9	0110010010100110	3	1
19219	-2.9	0110010001011110	3	1
19220	-2.9	0110010001100110	3	1
19221	-2.9	0110010001111010	3	2
19222	-2.9	0110010010100110	3	1
19233	-2.9	0010011001011010	3	2
19237	-2.9	0110010001100100	3	2
19243	-2.9	0110010001000110	3	2
19248	-2.9	0110010000111010	3	2
19251	-2.9	0110010001011100	3	2
19254	-2.9	0110010001011010	3	2
19255	-2.9	0110010001100110	3	1
19284	-2.9	0010011001100100	3	2
19290	-2.9	0010011001000110	3	2
19295	-2.9	0010011000111010	3	2
19298	-2.9	0010011001011100	3	2
19301	-2.9	0010011001011010	3	2
19302	-2.9	0010011001100110	3	2
19324	-2.9	0010011001100100	3	2
19327	-2.9	0010011001000110	3	2
19336	-2.9	0010011000111010	3	2
19337	-2.9	0010011001011100	3	2
19340	-2.9	0010011000111100	3	2
19346	-2.9	0010011001011010	3	2
19347	-2.9	0010011001011010	3	2
19350	-2.9	0010011010100110	3	2
19353	-2.9	0010011001011110	3	2
19354	-2.9	0010011001100110	3	2
19355	-2.9	0010011001111010	3	2
19356	-2.9	0010011010100110	3	2
19370	-2.9	1010001001000101	4	1
19371	-2.9	1010001001000011	4	1
19378	-2.9	1010001001100011	4	1
19390	-2.9	1010001001100101	4	1
19408	-2.9	1100001001000101	4	1
19409	-2.9	1100001001000011	4	1
19416	-2.9	1100001001100011	4	1
19428	-2.9	1100001001100101	4	1
19444	-2.9	0110001001000110	3	2
19449	-2.9	0110001000111010	3	2
19452	-2.9	0110001001011100	3	2
19455	-2.9	0110001001011010	3	2
19456	-2.9	0110001001100110	3	2
19532	-2.9	0110001001000110	3	2
19538	-2.9	0110001000111010	3	2
19539	-2.9	0110001001011100	3	2
19542	-2.9	0110001000111100	3	2
19548	-2.9	0110001001011010	3	2
19549	-2.9	0110001001011010	3	2
19552	-2.9	0110001010100110	3	2
19555	-2.9	0110001001011110	3	2
19556	-2.9	0110001001100110	3	2
19557	-2.9	0110001001111010	3	2
19558	-2.9	0110001010100110	3	2
19568	-2.9	1010001001100011	4	1
19577	-2.9	1010001001011001	4	1
19579	-2.9	1010001001100101	4	1
19589	-2.9	1010001001100111	4	1
19590	-2.9	1010001001111001	4	1
19594	-2.9	1100001001100011	4	1
19603	-2.9	1100001001011001	4	1
19605	-2.9	1100001001100101	4	1
19615	-2.9	1100001001100111	4	1
19616	-2.9	1100001001111001	4	1
19623	-3.2	0100001001000010	3	1
19671	-2.9	0110001110011010	3	2
19675	-2.9	0011100110100110	3	2
19683	-2.9	1100010110100101	4	1
19696	-2.9	1100011001100011	4	1
19708	-2.9	1100011001100101	4	1
19721	-2.9	0101110000111010	3	2
19722	-2.9	0101110000111010	3	2
19723	-2.9	0101110001011100	3	2
19726	-2.9	0101110000111100	3	2
19732	-2.9	0101110001011010	3	2
19733	-2.9	0101110001011010	3	2
19736	-2.9	0101110010100110	3	2
19739	-2.9	0101110001011110	3	2
19740	-2.9	0101110001100110	3	2
19741	-2.9	0101110001111010	3	2
19742	-2.9	0101110010100110	3	2
19750	-2.9	0101101001100110	3	2
19751	-2.9	0101110001100110	3	2
19754	-2.9	0011101001011010	3	2
19755	-2.9	0011101001100110	3	2
19758	-2.9	0101110001011100	3	2
19761	-2.9	0101110001011010	3	2
19762	-2.9	0101110001100110	3	2
19785	-2.9	0110011001011010	3	2
19787	-2.9	0011101001011100	3	2
19790	-2.9	0011101001011010	3	2
19791	-2.9	0011101001100110	3	2
19813	-2.9	0011101001011100	3	2
19815	-2.9	0011101000111100	3	2
19821	-2.9	0011101001011010	3	2
19822	-2.9	0011101001011010	3	2
19825	-2.9	0011101010100110	3	2
19828	-2.9	0011101001011110	3	2
19829	-2.9	0011101001100110	3	2
19830	-2.9	0011101001111010	3	2
19831	-2.9	0011101010100110	3	2
19839	-2.9	0110010110100110	3	1
19842	-2.9	0110010110011010	3	2
19843	-2.9	0110010101011010	3	2
19844	-2.9	0110010101100110	3	1
19845	-2.9	0110010110011110	3	1
19846	-2.9	0110010110100110	3	1
19850	-2.9	0110010110100110	3	1
19858	-2.9	1100011001011001	4	1
19860	-2.9	1100011001100101	4	1
19870	-2.9	1100011001100111	4	1
19871	-2.9	1100011001111001	4	1
19874	-2.9	0011110001011010	3	2
19875	-2.9	0011110001100110	3	2
19899	-2.9	0110011010100110	3	1
19902	-2.9	0101101001011010	3	2
19907	-2.9	0101101001011010	3	2
19908	-2.9	0101101001011010	3	2
19911	-2.9	0101101010100110	3	2
19914	-2.9	0101101001011110	3	2
19915	-2.9	0101101001100110	3	2
19916	-2.9	0101101001111010	3	2
19917	-2.9	0101101010100110	3	2
19925	-2.9	0110011001100110	3	1
19929	-2.9	0110011001011010	3	2
19930	-2.9	0110011001011010	3	2
19933	-2.9	0110011010100110	3	1
19936	-2.9	0110011001011110	3	1
19937	-2.9	0110011001100110	3	1
19938	-2.9	0110011001111010	3	2
19939	-2.9	0110011010100110	3	1
19972	-2.9	1001101001100101	4	1
19992	-2.9	1010010110100101	4	1
20006	-2.9	1010011001100101	4	1
20060	-3.2	0101101001011010	3	2
20077	-2.9	1110010110100101	4	1
20092	-2.9	0110010110100101	1	1
20101	-2.9	0110010110011001	1	1
20105	-2.9	1010010110100101	3	1
20118	-2.9	1010011001100111	4	1
20119	-2.9	1010011001111001	4	1
20151	-2.9	1010010110100110	1	1
20169	-2.9	0110010110011001	1	1
20184	-3.2	0110011001100110	3	2
20203	-3.2	0111111001111110	3	2
