11	-4.6	11111	0	0
101	-4.6	11111	0	0
114	-4.6	11111	0	0
178	-4.6	11111	0	0
296	-4.9	0000000000000000	3	2
297	-4.9	0000000000000000	3	2
494	-4.9	0000000000000000	3	2
495	-4.9	0000000000000000	3	2
689	-4.9	0000000000000000	3	2
946	-8.3	0000000000000000	3	2
947	-8.3	0000000000000000	3	2
1138	-8.3	0000000000000000	3	2
1335	-6.6	0000000000000000	3	2
1336	-6.6	0000000000000000	3	2
1529	-6.6	0000000000000000	3	2
1717	-10	0000000000000000	3	2
1904	-6.6	1000000000000001	4	1
2048	-6.6	1000000000000001	4	1
2192	-6.6	1000000000000001	4	1
2360	-4.9	0000010000100000	3	1
2367	-4.9	0000010000100000	3	1
2864	-4.6	11111	0	0
3067	-6.6	0000000110000000	3	2
3178	-8.3	0000000110000000	3	2
3417	-4.9	0000010000100000	3	1
3421	-4.9	0000010000100000	3	1
3850	-6.6	0000000110000000	3	2
4083	-4.9	0000010000100000	3	1
4402	-6.6	0000000110000000	3	2
4598	-4.6	11111	0	0
4836	-4.9	0100000000000010	3	1
4837	-4.9	0100000000000010	3	1
5014	-4.9	0100000000000010	3	1
5015	-4.9	0100000000000010	3	1
5189	-4.9	0100000000000010	3	1
5403	-8.3	0100000000000010	3	1
5616	-6.6	0100000000000010	3	1
5812	-4.6	11111	0	0
5825	-4.6	11111	0	0
6000	-6.6	0000001001000000	3	2
6150	-8.3	0000001001000000	3	2
6299	-4.9	0010000000000100	3	2
6310	-4.9	0010000000000100	3	2
6564	-6.6	1100000000000011	4	1
6697	-6.6	1100000000000011	4	1
7039	-8.3	0000010110100000	3	1
7252	-8.3	0000010000100000	3	1
7395	-8.3	0000011001100000	3	1
7747	-4.9	0010000000000100	3	2
7748	-4.9	0010000000000100	3	2
7909	-4.9	0010000000000100	3	2
8102	-8.3	0010000000000100	3	2
8252	-6.6	0010000000000100	3	2
8399	-4.6	11111	0	0
8412	-4.6	11111	0	0
8587	-6.6	0000010000100000	3	2
8782	-6.6	1010000000000101	4	1
8901	-6.6	1010000000000101	4	1
9707	-4.9	0110000000000110	3	2
9835	-8.3	0110000000000110	3	2
9962	-6.6	0110000000000110	3	2
10088	-6.6	1110000000000111	4	1
10414	-4.9	0001100000011000	3	2
10415	-4.9	0001100000011000	3	2
10559	-4.9	0001100000011000	3	2
10560	-4.9	0001100000011000	3	2
10701	-4.9	0001100000011000	3	2
10868	-8.3	0001100000011000	3	2
10869	-8.3	0001100000011000	3	2
11007	-8.3	0001100000011000	3	2
11134	-6.6	0001100000011000	3	2
11135	-6.6	0001100000011000	3	2
11275	-6.6	0001100000011000	3	2
11400	-10	0001100000011000	3	2
11657	-6.6	1000010000100001	4	1
11759	-6.6	1000001001000001	4	1
11899	-6.6	1000000110000001	4	1
11979	-6.6	1000010000100001	4	1
12091	-6.6	1000001001000001	4	1
12319	-4.9	0101100000011010	3	2
12321	-4.9	0101100000011010	3	2
12481	-4.9	0101100000011010	3	2
12589	-4.9	0100010000100010	3	1
12629	-4.9	0100010000100010	3	1
12717	-4.9	0010010000100100	3	2
12757	-4.9	0010010000100100	3	2
12946	-8.3	0101100000011010	3	2
13470	-6.6	0101100000011010	3	2
13792	-6.6	0001101001011000	3	2
13891	-8.3	0001101001011000	3	2
14276	-6.6	1010000110000101	4	1
14341	-6.6	0010000110000100	3	2
14405	-6.6	0100000110000010	3	1
14468	-6.6	0110000110000110	3	2
14530	-8.3	0010000110000100	3	2
14591	-8.3	0110000110000110	3	2
14888	-4.9	0011100000011100	3	2
14889	-4.9	0011100000011100	3	2
14999	-4.9	0011100000011100	3	2
15091	-4.9	0100010000100010	3	1
15113	-4.9	0100010000100010	3	1
15200	-4.9	0010010000100100	3	2
15222	-4.9	0010010000100100	3	2
15453	-8.3	0011100000011100	3	2
15791	-6.6	0011100000011100	3	2
15961	-6.6	0001110000111000	3	2
16045	-8.3	0001110000111000	3	2
16128	-6.6	1100000110000011	4	1
16173	-6.6	0010000110000100	3	2
16217	-6.6	0100000110000010	3	1
16260	-6.6	0110000110000110	3	2
16302	-8.3	0010000110000100	3	2
16343	-8.3	0110000110000110	3	2
16666	-4.9	0100010000100010	3	1
16744	-4.9	0010010000100100	3	2
16821	-4.9	0110010000100110	3	1
17401	-6.6	0010000110000100	3	2
17469	-6.6	0100000110000010	3	1
17536	-6.6	0110000110000110	3	2
17602	-6.6	1000000110000001	3	1
17842	-8.3	0100010000100010	3	1
17921	-6.6	0100010000100010	3	1
17989	-6.6	0010001001000100	3	2
18050	-8.3	0010001001000100	3	2
18118	-6.6	1100010000100011	4	1
18194	-8.3	0100010110100010	3	1
18276	-8.3	0100001001000010	3	1
18278	-8.3	0100001001000010	3	1
18339	-8.3	0100010110100010	3	1
18371	-8.3	0100001001000010	3	1
18427	-8.3	0100011001100010	3	1
18510	-8.3	0010010000100100	3	2
18511	-8.3	0010010000100100	3	2
18566	-8.3	0010010000100100	3	2
18619	-6.6	0010010000100100	3	2
18620	-6.6	0010010000100100	3	2
18676	-6.6	0010010000100100	3	2
18733	-10	0010010000100100	3	2
18788	-6.6	1010010000100101	4	1
18837	-6.6	0100001001000010	3	1
18843	-6.6	0100001001000010	3	1
18919	-8.3	0010010110100100	3	2
19012	-8.3	0010010110100100	3	2
19072	-6.6	0100001001000010	3	1
19187	-8.3	0110010000100110	3	1
19235	-6.6	0110010000100110	3	2
19324	-8.3	0010011001100100	3	2
19364	-6.6	1010001001000101	4	1
19403	-6.6	1100001001000011	4	1
19441	-6.6	0110001001000110	3	2
19532	-8.3	0110001001000110	3	2
19623	-10	0100001001000010	3	1
19721	-8.3	0101110000111010	3	2
19756	-6.6	0101110000111010	3	2
19786	-6.6	0011101001011100	3	2
19813	-8.3	0011101001011100	3	2
19839	-8.3	0110010110100110	3	1
19873	-6.6	0011110000111100	3	2
19902	-8.3	0101101001011010	3	2
19925	-8.3	0110011001100110	3	1
19952	-6.6	1001101001011001	4	1
19965	-6.6	1001101001011001	4	1
20024	-6.6	0101101001011010	3	2
20025	-6.6	0101101001011010	3	2
20040	-6.6	0101101001011010	3	2
20060	-10	0101101001011010	3	2
20105	-8.3	1010010110100101	3	1
20129	-6.6	0111101001011110	3	2
20184	-10	0110011001100110	3	2
20203	-10	0111111001111110	3	2
