871	-4.9	0000000011111111	2	2
882	-2.9	0000000000111001	2	2
887	-4.9	0000000011111111	2	2
946	-4.6	0000000000000000	3	2
947	-4.6	0000000000000000	3	2
1127	-4.9	0000000010100101	4	2
1138	-4.6	0000000000000000	3	2
1148	-4.9	0000000000000001	4	2
1151	-4.9	0000000000000001	2	2
1167	-4.9	0000000000000011	4	2
1168	-4.9	0000000000000011	2	2
1181	-4.9	0000000000000101	2	2
1197	-2.9	0000000000011001	4	2
1216	-4.9	0000000000100001	4	2
1217	-4.9	0000000001000001	4	2
1218	-4.9	0000000001100001	4	2
1230	-4.9	0000000000100001	2	2
1231	-4.9	0000000001000001	2	2
1232	-4.9	0000000001100001	2	2
1254	-4.9	0000000000100011	4	2
1265	-4.9	0000000000100101	4	2
1266	-4.9	0000000000100101	2	2
1276	-4.9	0000000001000101	2	2
1277	-4.9	0000000001000011	2	2
1279	-4.9	0000000001000101	4	2
1280	-4.9	0000000001000011	4	2
1287	-4.9	0000000001100011	4	2
1299	-4.9	0000000001100101	4	2
1300	-4.9	0000000001100101	2	2
1332	-2.9	0000000001100110	3	2
1335	-4.3	0000000000000000	5	2
1336	-4.3	0000000000000000	5	2
1337	-4.9	0000000000000000	3	2
1383	-4.9	0000000011100000	3	2
1390	-4.9	0000000000011000	3	2
1474	-4.9	0000000000100100	3	2
1495	-4.9	0000000001000010	3	2
1516	-4.9	0000000001011010	3	2
1523	-4.9	0000000001100110	3	2
1525	-4.9	0000000011100110	3	2
1527	-4.9	0000000001111110	3	2
1529	-4.3	0000000000000000	5	2
1530	-4.9	0000000000000000	3	2
1577	-4.9	0000000011100000	3	2
1585	-4.9	0000000000011000	3	2
1651	-4.9	0000000000100100	3	2
1670	-4.9	0000000001000010	3	2
1685	-4.9	0000000001011010	3	2
1694	-4.6	0000000001100110	3	2
1695	-4.9	0000000001100110	3	2
1697	-4.9	0000000011100110	3	2
1699	-4.9	0000000001111110	3	2
1705	-2.9	0000000000100000	3	2
1706	-4.6	0000000010100000	3	2
1708	-4.9	0000000011100000	3	2
1713	-4.6	0000000010100110	3	2
1715	-4.9	0000000011100110	3	2
1717	-5.2	0000000000000000	3	2
1736	-4.9	0000000000000010	3	2
1738	-4.9	0000000001000000	3	2
1751	-4.9	0000000000000100	3	2
1753	-4.9	0000000000100000	3	2
1756	-4.9	0000000010100000	3	2
1758	-4.9	0000000001100000	3	2
1762	-4.9	0000000000000110	3	2
1770	-4.9	0000000000011000	3	2
1771	-4.9	0000000000011000	3	2
1787	-4.9	0000000000011010	3	2
1789	-4.9	0000000001011000	3	2
1803	-4.9	0000000000011100	3	2
1804	-4.9	0000000000111000	3	2
1826	-4.9	0000000000100010	3	2
1827	-4.9	0000000001000100	3	2
1836	-4.9	0000000000100100	3	2
1837	-4.9	0000000000100100	3	2
1840	-4.9	0000000001000010	3	2
1843	-4.9	0000000001000010	3	2
1844	-4.9	0000000001100010	3	2
1846	-4.9	0000000000100110	3	2
1847	-4.9	0000000001100100	3	2
1851	-4.9	0000000001000110	3	2
1860	-4.9	0000000000111010	3	2
1861	-4.9	0000000001011100	3	2
1864	-4.9	0000000000111100	3	2
1870	-4.9	0000000001011010	3	2
1871	-4.9	0000000001011010	3	2
1874	-4.9	0000000010100110	3	2
1877	-4.9	0000000001011110	3	2
1878	-4.9	0000000001100110	3	2
1879	-4.9	0000000001111010	3	2
1880	-4.9	0000000010100110	3	2
1881	-4.9	0000000001100110	3	2
1891	-2.9	1000000011000000	4	2
1904	-2.9	1000000000000001	4	1
2048	-2.9	1000000000000001	4	1
2192	-2.9	1000000000000001	4	1
2362	-2.9	0000000110000000	3	2
2369	-2.9	0000000110000000	3	2
2432	-2.9	0000000110000100	3	2
2433	-2.9	0000000110000010	3	2
2434	-2.9	0000000110000110	3	2
2471	-2.9	0000000110000100	3	2
2472	-2.9	0000000110000010	3	2
2473	-2.9	0000000110000110	3	2
2612	-2.9	0000000110000001	2	2
2613	-2.9	0000000110000011	2	2
2653	-2.9	0000000110000011	2	2
2738	-4.6	0000000110000000	3	2
2752	-4.6	0000000110100000	3	2
2763	-2.9	0000000110000100	3	2
2764	-2.9	0000000110000010	3	2
2774	-4.6	0000000110000100	3	2
2775	-4.6	0000000110000010	3	2
2776	-4.6	0000000110000110	3	2
2791	-4.6	0000000111000100	3	2
2797	-4.6	0000000110100100	3	2
2799	-4.6	0000000110100010	3	2
2800	-4.6	0000000111000010	3	2
2804	-4.6	0000000111000110	3	2
2808	-4.6	0000000110100110	3	2
3067	-4.3	0000000110000000	5	2
3069	-4.9	0000000110000000	3	2
3081	-4.9	0000000111000000	3	2
3091	-4.9	0000000111100000	3	2
3092	-4.9	0000000111100000	3	2
3107	-4.6	0000000110000100	3	2
3108	-4.6	0000000110000010	3	2
3109	-4.6	0000000110000110	3	2
3119	-4.9	0000000110000100	3	2
3120	-4.9	0000000110000010	3	2
3121	-4.9	0000000110000110	3	2
3144	-4.9	0000000111000100	3	2
3152	-4.9	0000000110100100	3	2
3158	-4.9	0000000110100010	3	2
3159	-4.9	0000000111000010	3	2
3160	-4.9	0000000111100010	3	2
3163	-4.9	0000000111000110	3	2
3167	-4.6	0000000110100110	3	2
3171	-4.9	0000000110100110	3	2
3174	-4.6	0000000101100110	3	2
3175	-4.9	0000000111100110	3	2
3176	-4.9	0000000111100110	3	2
3178	-4.6	0000000110000000	3	2
3203	-2.9	0000000110000001	4	2
3216	-4.6	0000000110000001	4	2
3276	-4.6	0000000110100101	4	2
3280	-4.9	0000000110100101	4	2
3293	-4.9	1000000000000010	4	1
3297	-4.9	1000000001000000	4	2
3300	-4.9	1000000000100000	4	1
3301	-4.9	1000000001100000	4	1
3303	-4.9	1000000000000100	4	1
3308	-4.9	0000000110100000	3	2
3312	-4.9	1000000000000110	4	1
3316	-4.9	1000000000011000	4	2
3324	-4.9	1000000000011010	4	1
3328	-4.9	1000000001011000	4	2
3333	-4.9	0000000110000100	3	2
3334	-4.9	0000000110000010	3	2
3335	-4.9	0000000110000110	3	2
3339	-4.9	1000000000011100	4	1
3342	-4.9	1000000000111000	4	1
3364	-4.9	1000000000100010	4	1
3367	-4.9	1000000001000100	4	1
3369	-4.9	0000000111000100	3	2
3371	-4.9	1000000001000010	4	1
3372	-4.9	1000000001100010	4	1
3373	-4.9	1000000000100100	4	1
3377	-4.9	0000000110100100	3	2
3379	-4.9	0000000110100010	3	2
3380	-4.9	0000000111000010	3	2
3383	-4.9	1000000000100110	4	1
3386	-4.9	1000000001100100	4	1
3390	-4.9	1000000001000110	4	1
3394	-4.9	1000000000111010	4	1
3397	-4.9	1000000001011100	4	1
3398	-4.9	0000000111000110	3	2
3400	-4.9	1000000001011010	4	1
3401	-4.9	1000000001100110	4	1
3407	-4.9	0000000110100110	3	2
3419	-2.9	0000000110000000	3	2
3423	-2.9	0000000110000000	3	2
3501	-2.9	0000000110000100	3	2
3502	-2.9	0000000110000010	3	2
3503	-2.9	0000000110000110	3	2
3523	-2.9	0000000110000100	3	2
3524	-2.9	0000000110000010	3	2
3525	-2.9	0000000110000110	3	2
3676	-2.9	0000000110000001	2	2
3699	-2.9	0000000110000011	2	2
3782	-4.6	0000000110000000	3	2
3786	-2.9	1000000001000000	2	2
3791	-4.6	0000000111000000	3	2
3794	-4.6	0000000110100000	3	2
3815	-2.9	0000000110000100	3	2
3816	-2.9	0000000110000010	3	2
3822	-4.6	0000000110000100	3	2
3823	-4.6	0000000110000010	3	2
3824	-4.6	0000000110000110	3	2
3833	-4.6	0000000111000100	3	2
3837	-4.6	0000000110100010	3	2
3838	-4.6	0000000111000010	3	2
3839	-4.6	0000000110100100	3	2
3841	-4.6	0000000110011100	3	2
3846	-4.6	0000000110011010	3	2
3847	-4.6	0000000110100110	3	2
3850	-4.3	0000000110000000	5	2
3851	-4.9	0000000110000000	3	2
3860	-4.9	0000000111000000	3	2
3866	-4.9	0000000110100000	3	2
3868	-4.9	0000000111100000	3	2
3869	-4.9	0000000111100000	3	2
3907	-4.6	0000000110000100	3	2
3908	-4.6	0000000110000010	3	2
3909	-4.6	0000000110000110	3	2
3916	-4.9	0000000110000100	3	2
3917	-4.9	0000000110000010	3	2
3918	-4.9	0000000110000110	3	2
3932	-4.9	0000000110100100	3	2
3933	-4.9	0000000110100010	3	2
3934	-4.9	0000000111000010	3	2
3937	-4.9	0000000111100100	3	2
3941	-4.6	0000000111000110	3	2
3949	-4.9	0000000110100110	3	2
3951	-4.6	0000000101100110	3	2
3952	-4.9	0000000111100110	3	2
3953	-4.9	0000000111100110	3	2
3959	-4.9	1000000000000010	2	1
3961	-4.6	1000000001000000	2	2
3963	-4.9	1000000001000000	2	2
3965	-4.9	0000000111000000	3	2
3966	-4.9	1000000000100000	2	1
3967	-4.9	1000000001100000	2	1
3969	-4.9	1000000000000100	2	1
3974	-4.9	0000000110100000	3	2
3978	-4.9	1000000000000110	2	1
3982	-4.9	1000000000011000	2	2
3990	-4.9	1000000000011010	2	1
3994	-4.9	1000000001011000	2	2
4005	-4.9	1000000000011100	2	1
4008	-4.9	1000000000111000	2	2
4010	-4.9	0000000110000100	3	2
4011	-4.9	0000000110000010	3	2
4012	-4.9	0000000110000110	3	2
4030	-4.9	1000000000100010	2	1
4033	-4.9	1000000001000100	2	1
4036	-4.9	0000000111000100	3	2
4037	-4.9	1000000001000010	2	1
4038	-4.9	1000000001100010	2	1
4039	-4.9	1000000000100100	2	1
4043	-4.9	0000000110100010	3	2
4044	-4.9	0000000111000010	3	2
4045	-4.9	0000000110100100	3	2
4049	-4.9	1000000000100110	2	1
4052	-4.9	1000000001100100	2	1
4056	-4.9	1000000001000110	2	1
4058	-4.9	0000000110011100	3	2
4060	-4.9	1000000000111010	2	1
4063	-4.9	1000000001011100	2	1
4066	-4.9	1000000001011010	2	1
4067	-4.9	1000000001100110	2	1
4069	-4.9	0000000110011010	3	2
4073	-4.9	0000000110100110	3	2
4074	-4.9	0000000111011010	3	2
4085	-2.9	0000000110000000	3	2
4175	-2.9	0000000110000100	3	2
4176	-2.9	0000000110000010	3	2
4177	-2.9	0000000110000110	3	2
4313	-2.9	0000000110000001	2	2
4328	-2.9	0000000110000011	2	2
4402	-3.2	0000000110000000	3	2
4424	-2.9	0000000100100000	3	2
4428	-4.6	0000000110100000	3	2
4436	-4.9	0000000111100000	3	2
4453	-2.9	0000000110000100	3	2
4454	-2.9	0000000110000010	3	2
4469	-2.9	0000000110000100	3	2
4470	-2.9	0000000110000010	3	2
4482	-2.9	0000000110000100	3	2
4483	-2.9	0000000110000010	3	2
4484	-2.9	0000000110000110	3	2
4546	-4.6	0000000110100110	3	2
4552	-4.6	0000000110100110	3	2
4556	-4.9	0000000111100110	3	2
4776	-4.9	0000000111100000	3	2
4781	-4.6	0000000101100110	3	2
4782	-4.9	0000000111100110	3	2
4800	-4.9	0000000110100000	3	2
4805	-4.9	0000000110100110	3	2
4806	-4.9	0000000110100110	3	2
4807	-4.9	0000000101100110	3	2
5351	-2.9	0100000000111001	2	1
5356	-4.9	0100000011111111	2	1
5403	-4.6	0100000000000010	3	1
5411	-4.9	0100000000000011	4	1
5412	-4.9	0100000000000011	2	1
5425	-4.9	0100000000000101	2	1
5441	-2.9	0100000000011001	4	1
5460	-4.9	0100000000100001	4	1
5461	-4.9	0100000001000001	4	1
5462	-4.9	0100000001100001	4	1
5474	-4.9	0100000000100001	2	1
5475	-4.9	0100000001000001	2	1
5476	-4.9	0100000001100001	2	1
5498	-4.9	0100000000100011	4	1
5509	-4.9	0100000000100101	4	1
5510	-4.9	0100000000100101	2	1
5520	-4.9	0100000001000101	2	1
5521	-4.9	0100000001000011	2	1
5523	-4.9	0100000001000101	4	1
5524	-4.9	0100000001000011	4	1
5531	-4.9	0100000001100011	4	1
5543	-4.9	0100000001100101	4	1
5544	-4.9	0100000001100101	2	1
5567	-2.9	0100000001100110	3	1
5616	-4.3	0100000000000010	5	1
5644	-4.9	0100000011100000	3	2
5652	-4.9	0100000000011000	3	2
5718	-4.9	0100000000100100	3	2
5737	-4.9	0100000001000010	3	1
5752	-4.9	0100000001011010	3	1
5761	-4.6	0100000001100110	3	1
5762	-4.9	0100000001100110	3	1
5764	-4.9	0100000011100110	3	1
5766	-4.9	0100000001111110	3	1
5776	-2.9	0000010000111001	2	1
5781	-4.9	0000010011111111	2	1
5789	-2.9	0000001000000011	2	2
5791	-4.6	0000001000000011	2	2
5809	-4.6	0000001000000101	2	2
5827	-2.9	0000001000011001	2	2
5860	-2.9	0000001000100001	2	2
5861	-2.9	0000001001000001	2	1
5870	-4.6	0000001000100001	2	2
5871	-4.6	0000001001000001	2	2
5872	-4.6	0000001001100001	2	2
5894	-4.6	0000001010000111	2	2
5900	-4.9	0000001010000001	2	2
5912	-2.9	0000001000100011	2	2
5931	-4.6	0000001000100101	2	2
5939	-2.9	0000001001000011	2	1
5950	-4.6	0000001001000101	2	2
5951	-4.6	0000001001000011	2	2
5959	-2.9	0000001000111001	2	1
5985	-4.6	0000001001100101	2	2
5998	-4.9	0000001011100111	2	2
5999	-4.9	0000001011111111	2	1
6000	-4.3	0000001001000000	5	2
6026	-4.9	0000001011100000	3	2
6034	-4.9	0000001000011000	3	2
6100	-4.9	0000001000100100	3	2
6119	-4.9	0000001001000010	3	2
6134	-4.9	0000001001011010	3	2
6143	-4.6	0000001001100110	3	2
6144	-4.9	0000001001100110	3	2
6146	-4.9	0000001011100110	3	2
6148	-4.9	0000001001111110	3	2
6150	-4.6	0000001001000000	3	2
6154	-4.9	0000001000000011	4	2
6155	-4.9	0000001000000011	2	2
6168	-4.9	0000001000000101	2	2
6184	-2.9	0000001000011001	4	2
6203	-4.9	0000001000100001	4	2
6204	-4.9	0000001001000001	4	2
6205	-4.9	0000001001100001	4	2
6217	-4.9	0000001000100001	2	2
6218	-4.9	0000001001000001	2	2
6219	-4.9	0000001001100001	2	2
6241	-4.9	0000001000100011	4	2
6252	-4.9	0000001000100101	4	2
6253	-4.9	0000001000100101	2	2
6263	-4.9	0000001001000101	2	2
6264	-4.9	0000001001000011	2	2
6266	-4.9	0000001001000101	4	2
6267	-4.9	0000001001000011	4	2
6274	-4.9	0000001001100011	4	2
6286	-4.9	0000001001100101	4	2
6287	-4.9	0000001001100101	2	2
6564	-2.9	1100000000000011	4	1
6697	-2.9	1100000000000011	4	1
6917	-4.9	1100000000100000	4	1
6918	-4.9	1100000001100000	4	1
6920	-4.9	1100000000000100	4	2
6925	-4.9	0000001110100000	3	2
6929	-4.9	1100000000000110	4	1
6933	-4.9	1100000000011000	4	2
6941	-4.9	1100000000011010	4	1
6945	-4.9	1100000001011000	4	2
6950	-4.9	0000001110000100	3	2
6951	-4.9	0000001110000010	3	2
6952	-4.9	0000001110000110	3	2
6956	-4.9	1100000000011100	4	2
6959	-4.9	1100000000111000	4	2
6981	-4.9	1100000000100010	4	1
6984	-4.9	1100000001000100	4	2
6986	-4.9	0000001111000100	3	2
6988	-4.9	1100000001000010	4	1
6989	-4.9	1100000001100010	4	1
6990	-4.9	1100000000100100	4	2
6994	-4.9	0000001110100100	3	2
6996	-4.9	0000001110100010	3	2
6997	-4.9	0000001111000010	3	2
7000	-4.9	1100000000100110	4	1
7003	-4.9	1100000001100100	4	2
7007	-4.9	1100000001000110	4	1
7011	-4.9	1100000000111010	4	1
7014	-4.9	1100000001011100	4	2
7015	-4.9	0000001111000110	3	2
7017	-4.9	1100000001011010	4	1
7018	-4.9	1100000001100110	4	1
7024	-4.9	0000001110100110	3	2
7039	-4.6	0000010110100000	3	1
7040	-4.9	0000001111000000	3	2
7046	-4.9	0000001110100000	3	2
7063	-4.6	0000010110000001	4	1
7087	-4.6	0000001110000100	3	2
7088	-4.6	0000001110000010	3	2
7089	-4.6	0000001110000110	3	2
7096	-4.9	0000001110000100	3	2
7097	-4.9	0000001110000010	3	2
7098	-4.9	0000001110000110	3	2
7112	-4.9	0000001110100100	3	2
7113	-4.9	0000001110100010	3	2
7114	-4.9	0000001111000010	3	2
7123	-4.6	0000010110100101	4	1
7127	-4.9	0000010110100101	4	1
7129	-4.9	0000001110100110	3	2
7135	-4.9	1100000000100000	2	1
7136	-4.9	1100000001100000	2	1
7138	-4.9	1100000000000100	2	2
7143	-4.9	0000001110100000	3	2
7147	-4.9	1100000000000110	2	1
7151	-4.9	1100000000011000	2	2
7159	-4.9	1100000000011010	2	1
7163	-4.9	1100000001011000	2	2
7174	-4.9	1100000000011100	2	2
7177	-4.9	1100000000111000	2	2
7179	-4.9	0000001110000100	3	2
7180	-4.9	0000001110000010	3	2
7181	-4.9	0000001110000110	3	2
7199	-4.9	1100000000100010	2	1
7202	-4.9	1100000001000100	2	2
7205	-4.9	0000001111000100	3	2
7206	-4.9	1100000001000010	2	1
7207	-4.9	1100000001100010	2	1
7208	-4.9	1100000000100100	2	2
7212	-4.9	0000001110100010	3	2
7213	-4.9	0000001111000010	3	2
7214	-4.9	0000001110100100	3	2
7218	-4.9	1100000000100110	2	1
7221	-4.9	1100000001100100	2	2
7225	-4.9	1100000001000110	2	1
7227	-4.9	0000001110011100	3	2
7229	-4.9	1100000000111010	2	1
7232	-4.9	1100000001011100	2	2
7235	-4.9	1100000001011010	2	1
7236	-4.9	1100000001100110	2	1
7238	-4.9	0000001110011010	3	2
7242	-4.9	0000001110100110	3	2
7252	-4.6	0000010000100000	3	1
7264	-4.9	0000010000000101	2	1
7280	-2.9	0000010000011001	4	1
7299	-4.9	0000010000100001	4	1
7300	-4.9	0000010001000001	4	1
7301	-4.9	0000010001100001	4	1
7313	-4.9	0000010000100001	2	1
7314	-4.9	0000010001000001	2	1
7315	-4.9	0000010001100001	2	1
7337	-4.9	0000010000100011	4	1
7348	-4.9	0000010000100101	4	1
7349	-4.9	0000010000100101	2	1
7359	-4.9	0000010001000101	2	1
7360	-4.9	0000010001000011	2	1
7362	-4.9	0000010001000101	4	1
7363	-4.9	0000010001000011	4	1
7370	-4.9	0000010001100011	4	1
7382	-4.9	0000010001100101	4	1
7383	-4.9	0000010001100101	2	1
7395	-4.6	0000011001100000	3	1
7406	-4.9	0000011000000101	2	1
7422	-2.9	0000011000011001	4	1
7441	-4.9	0000011000100001	4	1
7442	-4.9	0000011001000001	4	1
7443	-4.9	0000011001100001	4	1
7455	-4.9	0000011000100001	2	1
7456	-4.9	0000011001000001	2	1
7457	-4.9	0000011001100001	2	1
7479	-4.9	0000011000100011	4	1
7490	-4.9	0000011000100101	4	1
7491	-4.9	0000011000100101	2	1
7501	-4.9	0000011001000101	2	1
7502	-4.9	0000011001000011	2	1
7504	-4.9	0000011001000101	4	1
7505	-4.9	0000011001000011	4	1
7512	-4.9	0000011001100011	4	1
7524	-4.9	0000011001100101	4	1
7525	-4.9	0000011001100101	2	1
7594	-4.6	0000001110000001	4	1
7596	-4.6	0000001110000001	4	1
7634	-4.6	0000001110000101	4	1
7635	-4.6	0000001110000011	4	1
7639	-4.9	0000001110000001	4	1
7646	-4.9	0000001110000111	2	2
7713	-4.6	0000001110011001	4	1
7721	-4.9	0000001110100101	4	2
7724	-4.9	0000001110100101	4	1
7732	-4.9	0000001110011001	4	1
7737	-4.9	0000001110100000	3	2
7742	-4.9	0000001110100110	3	2
7743	-4.9	0000001110100110	3	2
7744	-4.9	0000001101100110	3	2
8054	-2.9	0010000000111001	2	2
8059	-4.9	0010000011111111	2	2
8102	-4.6	0010000000000100	3	2
8109	-4.9	0010000000000101	2	2
8125	-2.9	0010000000011001	4	2
8144	-4.9	0010000000100001	4	1
8145	-4.9	0010000001000001	4	1
8146	-4.9	0010000001100001	4	1
8158	-4.9	0010000000100001	2	1
8159	-4.9	0010000001000001	2	1
8160	-4.9	0010000001100001	2	1
8182	-4.9	0010000000100011	4	2
8193	-4.9	0010000000100101	4	2
8194	-4.9	0010000000100101	2	2
8204	-4.9	0010000001000101	2	2
8205	-4.9	0010000001000011	2	2
8207	-4.9	0010000001000101	4	2
8208	-4.9	0010000001000011	4	2
8215	-4.9	0010000001100011	4	2
8227	-4.9	0010000001100101	4	2
8228	-4.9	0010000001100101	2	2
8249	-2.9	0010000001100110	3	2
8252	-4.3	0010000000000100	5	2
8265	-4.9	0010000011100000	3	2
8273	-4.9	0010000000011000	3	2
8339	-4.9	0010000000100100	3	2
8358	-4.9	0010000001000010	3	2
8373	-4.9	0010000001011010	3	2
8382	-4.6	0010000001100110	3	2
8383	-4.9	0010000001100110	3	2
8385	-4.9	0010000011100110	3	2
8387	-4.9	0010000001111110	3	2
8410	-2.9	0000010000011000	3	2
8418	-2.9	0000010010011000	3	1
8471	-2.9	0000010010000100	3	1
8472	-2.9	0000010010000010	3	1
8473	-2.9	0000010010000110	3	1
8508	-2.9	0000010000100100	3	2
8531	-2.9	0000010001000010	3	2
8548	-2.9	0000010010011100	3	1
8556	-2.9	0000010000111100	3	2
8579	-2.9	0000010001100110	3	1
8587	-4.3	0000010000100000	5	2
8598	-4.9	0000010011100000	3	2
8606	-4.9	0000010000011000	3	2
8672	-4.9	0000010000100100	3	2
8691	-4.9	0000010001000010	3	2
8706	-4.9	0000010001011010	3	2
8715	-4.6	0000010001100110	3	2
8716	-4.9	0000010001100110	3	2
8718	-4.9	0000010011100110	3	2
8720	-4.9	0000010001111110	3	2
9039	-4.9	0000010110100000	3	2
9040	-4.6	0000010110100000	3	1
9041	-4.9	0000010110100000	3	2
9047	-4.9	0000010111100000	3	1
9048	-4.9	0000010111100000	3	1
9058	-4.6	0000010100011000	3	2
9059	-4.9	0000010100011000	3	2
9065	-4.6	0000010110011000	3	1
9066	-4.9	0000010110011000	3	2
9078	-4.6	0000010110000100	3	1
9079	-4.6	0000010110000010	3	1
9080	-4.6	0000010110000110	3	1
9093	-4.9	0000010110000100	3	2
9094	-4.9	0000010110000010	3	2
9095	-4.9	0000010110000110	3	2
9107	-4.6	0000010110000100	3	1
9108	-4.6	0000010110000010	3	1
9109	-4.6	0000010110000110	3	1
9118	-4.9	0000010110000100	3	2
9119	-4.9	0000010110000010	3	2
9120	-4.9	0000010110000110	3	2
9132	-4.6	0000010110000100	3	1
9133	-4.6	0000010110000010	3	1
9134	-4.6	0000010110000110	3	1
9145	-4.9	0000010110000100	3	2
9146	-4.9	0000010110000010	3	2
9147	-4.9	0000010110000110	3	2
9158	-4.9	0000010111000100	3	2
9164	-4.9	0000010111000100	3	2
9170	-4.6	0000010100100100	3	2
9171	-4.9	0000010100100100	3	2
9176	-4.9	0000010110100100	3	2
9179	-4.9	0000010110100100	3	2
9181	-4.6	0000010110100100	3	1
9184	-4.9	0000010110100100	3	2
9188	-4.6	0000010101000010	3	2
9189	-4.6	0000010110100010	3	1
9194	-4.9	0000010110100010	3	2
9195	-4.9	0000010111000010	3	2
9197	-4.9	0000010110100010	3	2
9198	-4.9	0000010111000010	3	2
9200	-4.9	0000010101000010	3	2
9201	-4.9	0000010110100010	3	2
9202	-4.9	0000010111000010	3	2
9205	-4.6	0000010110011100	3	1
9211	-4.9	0000010111000110	3	2
9216	-4.9	0000010111000110	3	2
9219	-4.6	0000010110011010	3	1
9223	-4.6	0000010110100110	3	1
9224	-4.9	0000010101011010	3	2
9228	-4.9	0000010110100110	3	2
9229	-4.9	0000010110100110	3	2
9231	-4.6	0000010110100110	3	1
9235	-4.9	0000010110100110	3	2
9236	-4.6	0000010101100110	3	1
9237	-4.9	0000010101100110	3	2
9238	-4.6	0000010110011110	3	1
9239	-4.9	0000010111100110	3	1
9240	-4.9	0000010111100110	3	1
9242	-4.9	0000010101111110	3	2
9275	-4.9	1010000000000110	2	1
9279	-4.9	1010000000011000	2	2
9287	-4.9	1010000000011010	2	2
9291	-4.9	1010000001011000	2	2
9302	-4.9	1010000000011100	2	2
9305	-4.9	1010000000111000	2	2
9307	-4.9	0000010110000100	3	2
9308	-4.9	0000010110000010	3	2
9309	-4.9	0000010110000110	3	2
9327	-4.9	1010000000100010	2	1
9330	-4.9	1010000001000100	2	2
9333	-4.9	0000010111000100	3	2
9334	-4.9	1010000001000010	2	1
9335	-4.9	1010000001100010	2	1
9336	-4.9	1010000000100100	2	2
9340	-4.9	0000010110100010	3	2
9341	-4.9	0000010111000010	3	2
9342	-4.9	0000010110100100	3	2
9346	-4.9	1010000000100110	2	1
9349	-4.9	1010000001100100	2	2
9353	-4.9	1010000001000110	2	1
9355	-4.9	0000010110011100	3	2
9357	-4.9	1010000000111010	2	2
9360	-4.9	1010000001011100	2	2
9363	-4.9	1010000001011010	2	2
9364	-4.9	1010000001100110	2	1
9366	-4.9	0000010110011010	3	2
9370	-4.9	0000010110100110	3	2
9371	-4.9	0000010111011010	3	2
9380	-4.3	0000011001100000	5	1
9394	-4.9	0000011000011000	3	1
9460	-4.9	0000011000100100	3	1
9479	-4.9	0000011001000010	3	1
9494	-4.9	0000011001011010	3	1
9496	-4.6	0000010110100110	3	2
9502	-4.6	0000010110100110	3	2
9503	-4.6	0000011001100110	3	1
9504	-4.9	0000011001100110	3	1
9508	-4.9	0000011001111110	3	1
9514	-4.9	0000010110100110	3	2
9515	-4.9	0000010110100110	3	2
9516	-4.9	0000010101100110	3	2
9835	-4.6	0110000000000110	3	2
9847	-2.9	0110000000011001	4	2
9866	-4.9	0110000000100001	4	1
9867	-4.9	0110000001000001	4	1
9868	-4.9	0110000001100001	4	1
9880	-4.9	0110000000100001	2	1
9881	-4.9	0110000001000001	2	1
9882	-4.9	0110000001100001	2	1
9904	-4.9	0110000000100011	4	1
9915	-4.9	0110000000100101	4	1
9916	-4.9	0110000000100101	2	1
9926	-4.9	0110000001000101	2	1
9927	-4.9	0110000001000011	2	1
9929	-4.9	0110000001000101	4	1
9930	-4.9	0110000001000011	4	1
9937	-4.9	0110000001100011	4	1
9949	-4.9	0110000001100101	4	1
9950	-4.9	0110000001100101	2	1
9962	-4.3	0110000000000110	5	2
9964	-4.9	0110000011100000	3	2
9972	-4.9	0110000000011000	3	2
10038	-4.9	0110000000100100	3	2
10057	-4.9	0110000001000010	3	1
10072	-4.9	0110000001011010	3	2
10081	-4.6	0110000001100110	3	2
10082	-4.9	0110000001100110	3	2
10084	-4.9	0110000011100110	3	2
10086	-4.9	0110000001111110	3	2
10220	-4.9	0000011110000100	3	2
10221	-4.9	0000011110000010	3	2
10222	-4.9	0000011110000110	3	2
10226	-4.9	0000011110000100	3	2
10227	-4.9	0000011110000010	3	2
10228	-4.9	0000011110000110	3	2
10237	-4.9	0000011110011100	3	2
10239	-4.9	0000011110011010	3	2
10240	-4.9	0000011110100110	3	2
10251	-4.9	0000011100011000	3	2
10252	-4.9	0000011100011000	3	2
10253	-4.9	0000011100011000	3	2
10259	-4.9	0000011110011000	3	1
10269	-4.9	0000011100011010	3	2
10271	-4.9	0000011101011000	3	2
10277	-4.9	0000011110000100	3	2
10278	-4.9	0000011110000010	3	2
10279	-4.9	0000011110000110	3	2
10290	-4.9	0000011100011100	3	2
10291	-4.9	0000011100111000	3	2
10294	-4.9	0000011110000100	3	2
10295	-4.9	0000011110000010	3	2
10296	-4.9	0000011110000110	3	2
10310	-4.9	0000011110000100	3	1
10311	-4.9	0000011110000010	3	1
10312	-4.9	0000011110000110	3	1
10317	-4.9	0000011110000100	3	2
10318	-4.9	0000011110000010	3	2
10319	-4.9	0000011110000110	3	2
10331	-4.9	0000011100100010	3	2
10333	-4.9	0000011101000100	3	2
10347	-4.9	0000011100100100	3	2
10348	-4.9	0000011100100100	3	2
10349	-4.9	0000011100100100	3	2
10352	-4.9	0000011101000010	3	2
10357	-4.9	0000011101000010	3	2
10364	-4.9	0000011100100110	3	2
10365	-4.9	0000011101000010	3	2
10370	-4.9	0000011101000110	3	2
10376	-4.9	0000011110011100	3	2
10377	-4.9	0000011110011100	3	1
10379	-4.9	0000011100111010	3	2
10380	-4.9	0000011101011100	3	2
10383	-4.9	0000011100111100	3	2
10388	-4.9	0000011110011010	3	2
10389	-4.9	0000011110011010	3	1
10390	-4.9	0000011110011010	3	2
10391	-4.9	0000011101011010	3	2
10392	-4.9	0000011101011010	3	2
10394	-4.9	0000011110100110	3	2
10396	-4.9	0000011101011110	3	2
10399	-4.9	0000011110011110	3	2
10400	-4.9	0000011110100110	3	2
10402	-4.9	0000011101100110	3	1
10404	-4.9	0000011110011110	3	1
10455	-2.9	1000000110000100	4	1
10456	-2.9	1000000110000110	4	1
10611	-2.9	1000000110000100	4	1
10612	-2.9	1000000110000110	4	1
10824	-2.9	0001100000111001	2	2
10829	-4.9	0001100011111111	2	2
10868	-4.6	0001100000011000	3	2
10869	-4.6	0001100000011000	3	2
10996	-4.9	0001100010100101	4	2
11007	-4.6	0001100000011000	3	2
11011	-2.9	0001100000011001	4	2
11030	-4.9	0001100000100001	4	2
11031	-4.9	0001100001000001	4	2
11032	-4.9	0001100001100001	4	2
11044	-4.9	0001100000100001	2	2
11045	-4.9	0001100001000001	2	2
11046	-4.9	0001100001100001	2	2
11068	-4.9	0001100000100011	4	2
11079	-4.9	0001100000100101	4	2
11080	-4.9	0001100000100101	2	2
11090	-4.9	0001100001000101	2	2
11091	-4.9	0001100001000011	2	2
11093	-4.9	0001100001000101	4	2
11094	-4.9	0001100001000011	4	2
11101	-4.9	0001100001100011	4	2
11113	-4.9	0001100001100101	4	2
11114	-4.9	0001100001100101	2	2
11131	-2.9	0001100001100110	3	2
11134	-4.3	0001100000011000	5	2
11135	-4.3	0001100000011000	5	2
11136	-4.9	0001100000011000	3	2
11220	-4.9	0001100000100100	3	2
11241	-4.9	0001100001000010	3	2
11262	-4.9	0001100001011010	3	2
11269	-4.9	0001100001100110	3	2
11271	-4.9	0001100011100110	3	2
11273	-4.9	0001100001111110	3	2
11275	-4.3	0001100000011000	5	2
11276	-4.9	0001100000011000	3	2
11342	-4.9	0001100000100100	3	2
11361	-4.9	0001100001000010	3	2
11376	-4.9	0001100001011010	3	2
11385	-4.6	0001100001100110	3	2
11386	-4.9	0001100001100110	3	2
11388	-4.9	0001100011100110	3	2
11390	-4.9	0001100001111110	3	2
11396	-4.6	0001100010100110	3	2
11398	-4.9	0001100011100110	3	2
11400	-5.2	0001100000011000	3	2
11415	-4.9	0001100000011010	3	2
11417	-4.9	0001100001011000	3	2
11431	-4.9	0001100000011100	3	2
11432	-4.9	0001100000111000	3	2
11454	-4.9	0001100000100010	3	2
11455	-4.9	0001100001000100	3	2
11464	-4.9	0001100000100100	3	2
11465	-4.9	0001100000100100	3	2
11468	-4.9	0001100001000010	3	2
11471	-4.9	0001100001000010	3	2
11472	-4.9	0001100001100010	3	2
11474	-4.9	0001100000100110	3	2
11475	-4.9	0001100001100100	3	2
11479	-4.9	0001100001000110	3	2
11488	-4.9	0001100000111010	3	2
11489	-4.9	0001100001011100	3	2
11492	-4.9	0001100000111100	3	2
11498	-4.9	0001100001011010	3	2
11499	-4.9	0001100001011010	3	2
11502	-4.9	0001100010100110	3	2
11505	-4.9	0001100001011110	3	2
11506	-4.9	0001100001100110	3	2
11507	-4.9	0001100001111010	3	2
11508	-4.9	0001100010100110	3	2
11509	-4.9	0001100001100110	3	2
11554	-2.9	1001100000011100	4	2
11560	-2.9	1001100000111000	4	2
11583	-2.9	1001100000100010	4	1
11588	-2.9	1001100001000100	4	2
11596	-2.9	1001100001000010	4	1
11597	-2.9	1001100001100010	4	1
11599	-2.9	1001100000100100	4	2
11617	-2.9	1001100000100110	4	1
11623	-2.9	1001100001100100	4	2
11627	-2.9	1001100001000110	4	2
11639	-2.9	1001100001100110	4	1
11657	-2.9	1000010000100001	4	1
11759	-2.9	1000001001000001	4	1
11899	-2.9	1000000110000001	4	1
11979	-2.9	1000010000100001	4	1
12091	-2.9	1000001001000001	4	1
12202	-3.2	0001100110011000	3	2
12298	-4.6	0001100110100110	3	2
12304	-4.6	0001100110100110	3	2
12308	-4.9	0001100111100110	3	2
12314	-4.9	0001100110100110	3	2
12315	-4.9	0001100110100110	3	2
12316	-4.9	0001100101100110	3	2
12600	-2.9	0010000110000100	3	2
12601	-2.9	0010000110000010	3	2
12602	-2.9	0010000110000110	3	2
12639	-2.9	0010000110000100	3	2
12640	-2.9	0010000110000010	3	2
12641	-2.9	0010000110000110	3	2
12727	-2.9	0100000110000100	3	2
12728	-2.9	0100000110000010	3	1
12729	-2.9	0100000110000110	3	1
12766	-2.9	0100000110000100	3	2
12767	-2.9	0100000110000010	3	1
12768	-2.9	0100000110000110	3	1
12890	-2.9	1000000110000100	2	1
12891	-2.9	1000000110000010	2	1
12892	-2.9	1000000110000110	2	1
12933	-2.9	1100000110000100	2	2
12934	-2.9	1100000110000010	2	1
12935	-2.9	1100000110000110	2	1
12946	-4.6	0101100000011010	3	2
12955	-4.9	0101100000100001	4	1
12956	-4.9	0101100001000001	4	1
12957	-4.9	0101100001100001	4	1
12969	-4.9	0101100000100001	2	1
12970	-4.9	0101100001000001	2	1
12971	-4.9	0101100001100001	2	1
12993	-4.9	0101100000100011	4	1
13004	-4.9	0101100000100101	4	2
13005	-4.9	0101100000100101	2	2
13015	-4.9	0101100001000101	2	2
13016	-4.9	0101100001000011	2	1
13018	-4.9	0101100001000101	4	2
13019	-4.9	0101100001000011	4	1
13026	-4.9	0101100001100011	4	1
13038	-4.9	0101100001100101	4	2
13039	-4.9	0101100001100101	2	2
13089	-2.9	0010000110000011	2	2
13210	-2.9	0100000110000011	2	1
13336	-4	001010	0	0
13341	-4	001010	0	0
13351	-4.6	1000000110000100	4	1
13352	-4.6	1000000110000110	4	1
13393	-4.6	1000000110100010	4	1
13405	-4.6	1000000110100100	4	1
13444	-4.6	1000000110100101	4	1
13470	-4.3	0101100000011010	5	2
13521	-4.9	0101100000100100	3	2
13540	-4.9	0101100001000010	3	1
13555	-4.9	0101100001011010	3	2
13564	-4.6	0101100001100110	3	2
13565	-4.9	0101100001100110	3	2
13567	-4.9	0101100011100110	3	2
13569	-4.9	0101100001111110	3	2
13575	-4.6	0010000110000100	3	2
13576	-4.6	0010000110000010	3	2
13577	-4.6	0010000110000110	3	2
13592	-4.6	0010000111000100	3	2
13598	-4.6	0010000110100100	3	2
13600	-4.6	0010000110100010	3	2
13601	-4.6	0010000111000010	3	2
13605	-4.6	0010000111000110	3	2
13609	-4.6	0010000110100110	3	2
13616	-4.6	0100000110000100	3	2
13617	-4.6	0100000110000010	3	1
13618	-4.6	0100000110000110	3	1
13633	-4.6	0100000111000100	3	2
13639	-4.6	0100000110100100	3	2
13641	-4.6	0100000110100010	3	1
13642	-4.6	0100000111000010	3	1
13646	-4.6	0100000111000110	3	1
13650	-4.6	0100000110100110	3	1
13657	-4.6	0110000110000100	3	2
13658	-4.6	0110000110000010	3	1
13659	-4.6	0110000110000110	3	2
13674	-4.6	0110000111000100	3	2
13680	-4.6	0110000110100100	3	2
13682	-4.6	0110000110100010	3	1
13683	-4.6	0110000111000010	3	1
13686	-4.6	0110000111000110	3	2
13690	-4.6	0110000110100110	3	2
13692	-4	001010	0	0
13792	-4.3	0001101001011000	5	2
13841	-4.9	0001101000100100	3	2
13860	-4.9	0001101001000010	3	2
13875	-4.9	0001101001011010	3	2
13884	-4.6	0001101001100110	3	2
13885	-4.9	0001101001100110	3	2
13887	-4.9	0001101011100110	3	2
13889	-4.9	0001101001111110	3	2
13891	-4.6	0001101001011000	3	2
13893	-4.9	0001101000100001	4	2
13894	-4.9	0001101001000001	4	2
13895	-4.9	0001101001100001	4	2
13907	-4.9	0001101000100001	2	2
13908	-4.9	0001101001000001	2	2
13909	-4.9	0001101001100001	2	2
13931	-4.9	0001101000100011	4	2
13942	-4.9	0001101000100101	4	2
13943	-4.9	0001101000100101	2	2
13953	-4.9	0001101001000101	2	2
13954	-4.9	0001101001000011	2	2
13956	-4.9	0001101001000101	4	2
13957	-4.9	0001101001000011	4	2
13964	-4.9	0001101001100011	4	2
13976	-4.9	0001101001100101	4	2
13977	-4.9	0001101001100101	2	2
14341	-4.3	0010000110000100	5	2
14346	-4.9	0010000110000100	3	2
14347	-4.9	0010000110000010	3	2
14348	-4.9	0010000110000110	3	2
14371	-4.9	0010000111000100	3	2
14379	-4.9	0010000110100100	3	2
14385	-4.9	0010000110100010	3	2
14386	-4.9	0010000111000010	3	2
14387	-4.9	0010000111100010	3	2
14390	-4.9	0010000111000110	3	2
14394	-4.6	0010000110100110	3	2
14398	-4.9	0010000110100110	3	2
14401	-4.6	0010000101100110	3	2
14402	-4.9	0010000111100110	3	2
14403	-4.9	0010000111100110	3	2
14405	-4.3	0100000110000010	5	1
14409	-4.9	0100000110000100	3	2
14410	-4.9	0100000110000010	3	1
14411	-4.9	0100000110000110	3	1
14434	-4.9	0100000111000100	3	2
14442	-4.9	0100000110100100	3	2
14448	-4.9	0100000110100010	3	1
14449	-4.9	0100000111000010	3	1
14450	-4.9	0100000111100010	3	1
14453	-4.9	0100000111000110	3	1
14457	-4.6	0100000110100110	3	1
14461	-4.9	0100000110100110	3	1
14464	-4.6	0100000101100110	3	1
14465	-4.9	0100000111100110	3	1
14466	-4.9	0100000111100110	3	1
14468	-4.3	0110000110000110	5	2
14471	-4.9	0110000110000100	3	2
14472	-4.9	0110000110000010	3	1
14473	-4.9	0110000110000110	3	2
14496	-4.9	0110000111000100	3	2
14504	-4.9	0110000110100100	3	2
14510	-4.9	0110000110100010	3	1
14511	-4.9	0110000111000010	3	1
14512	-4.9	0110000111100010	3	1
14515	-4.9	0110000111000110	3	2
14519	-4.6	0110000110100110	3	2
14523	-4.9	0110000110100110	3	2
14527	-4.9	0110000111100110	3	2
14528	-4.9	0110000111100110	3	2
14530	-4.6	0010000110000100	3	2
14579	-4.6	0010000110100101	4	2
14583	-4.9	0010000110100101	4	2
14591	-4.6	0110000110000110	3	2
14639	-4.6	0110000110100101	4	1
14643	-4.9	0110000110100101	4	1
14652	-4.9	1000010000011100	4	1
14655	-4.9	1000010000111000	4	1
14677	-4.9	1000010000100010	4	1
14680	-4.9	1000010001000100	4	1
14682	-4.9	0010000111000100	3	2
14684	-4.9	1000010001000010	4	1
14685	-4.9	1000010001100010	4	1
14686	-4.9	1000010000100100	4	1
14690	-4.9	0010000110100100	3	2
14692	-4.9	0010000110100010	3	2
14693	-4.9	0010000111000010	3	2
14696	-4.9	1000010000100110	4	1
14699	-4.9	1000010001100100	4	1
14703	-4.9	1000010001000110	4	1
14707	-4.9	1000010000111010	4	1
14710	-4.9	1000010001011100	4	1
14711	-4.9	0010000111000110	3	2
14713	-4.9	1000010001011010	4	1
14714	-4.9	1000010001100110	4	1
14720	-4.9	0010000110100110	3	2
14731	-4.9	1000001000011100	4	1
14734	-4.9	1000001000111000	4	1
14756	-4.9	1000001000100010	4	1
14759	-4.9	1000001001000100	4	1
14761	-4.9	0100000111000100	3	2
14763	-4.9	1000001001000010	4	1
14764	-4.9	1000001001100010	4	1
14765	-4.9	1000001000100100	4	1
14769	-4.9	0100000110100100	3	2
14771	-4.9	0100000110100010	3	1
14772	-4.9	0100000111000010	3	1
14775	-4.9	1000001000100110	4	1
14778	-4.9	1000001001100100	4	1
14782	-4.9	1000001001000110	4	1
14786	-4.9	1000001000111010	4	1
14789	-4.9	1000001001011100	4	1
14790	-4.9	0100000111000110	3	1
14792	-4.9	1000001001011010	4	1
14793	-4.9	1000001001100110	4	1
14799	-4.9	0100000110100110	3	1
14810	-4.9	1000011000011100	4	1
14813	-4.9	1000011000111000	4	1
14835	-4.9	1000011000100010	4	1
14838	-4.9	1000011001000100	4	1
14840	-4.9	0110000111000100	3	2
14842	-4.9	1000011001000010	4	1
14843	-4.9	1000011001100010	4	1
14844	-4.9	1000011000100100	4	1
14848	-4.9	0110000110100100	3	2
14850	-4.9	0110000110100010	3	1
14851	-4.9	0110000111000010	3	1
14854	-4.9	1000011000100110	4	1
14857	-4.9	1000011001100100	4	1
14861	-4.9	1000011001000110	4	1
14865	-4.9	1000011000111010	4	1
14868	-4.9	1000011001011100	4	1
14869	-4.9	0110000111000110	3	2
14871	-4.9	1000011001011010	4	1
14872	-4.9	1000011001100110	4	1
14878	-4.9	0110000110100110	3	2
14909	-2.9	1100000110000100	4	2
14910	-2.9	1100000110000110	4	1
15101	-2.9	0010000110000100	3	2
15102	-2.9	0010000110000010	3	2
15103	-2.9	0010000110000110	3	2
15123	-2.9	0010000110000100	3	2
15124	-2.9	0010000110000010	3	2
15125	-2.9	0010000110000110	3	2
15209	-2.9	0100000110000100	3	2
15210	-2.9	0100000110000010	3	1
15211	-2.9	0100000110000110	3	1
15231	-2.9	0100000110000100	3	2
15232	-2.9	0100000110000010	3	1
15233	-2.9	0100000110000110	3	1
15343	-2.9	1000000110000100	2	1
15344	-2.9	1000000110000010	2	1
15345	-2.9	1000000110000110	2	1
15365	-2.9	1000000110000100	2	1
15366	-2.9	1000000110000010	2	1
15367	-2.9	1000000110000110	2	1
15453	-4.6	0011100000011100	3	2
15459	-4.9	0011100000100001	2	1
15460	-4.9	0011100001000001	2	1
15461	-4.9	0011100001100001	2	1
15483	-4.9	0011100000100011	4	2
15494	-4.9	0011100000100101	4	2
15495	-4.9	0011100000100101	2	2
15505	-4.9	0011100001000101	2	2
15506	-4.9	0011100001000011	2	2
15508	-4.9	0011100001000101	4	2
15509	-4.9	0011100001000011	4	2
15516	-4.9	0011100001100011	4	2
15528	-4.9	0011100001100101	4	2
15529	-4.9	0011100001100101	2	2
15562	-2.9	0010000110000011	2	2
15665	-2.9	0100000110000011	2	1
15777	-2.9	0011100001100110	3	2
15791	-4.3	0011100000011100	5	2
15826	-4.9	0011100000100100	3	2
15845	-4.9	0011100001000010	3	1
15860	-4.9	0011100001011010	3	2
15869	-4.6	0011100001100110	3	2
15870	-4.9	0011100001100110	3	2
15872	-4.9	0011100011100110	3	2
15874	-4.9	0011100001111110	3	2
15877	-4.6	0010000110000100	3	2
15878	-4.6	0010000110000010	3	2
15879	-4.6	0010000110000110	3	2
15888	-4.6	0010000111000100	3	2
15892	-4.6	0010000110100010	3	2
15893	-4.6	0010000111000010	3	2
15894	-4.6	0010000110100100	3	2
15896	-4.6	0010000110011100	3	2
15901	-4.6	0010000110011010	3	2
15902	-4.6	0010000110100110	3	2
15906	-4.6	0100000110000100	3	2
15907	-4.6	0100000110000010	3	1
15908	-4.6	0100000110000110	3	1
15917	-4.6	0100000111000100	3	2
15921	-4.6	0100000110100010	3	1
15922	-4.6	0100000111000010	3	1
15923	-4.6	0100000110100100	3	2
15925	-4.6	0100000110011100	3	1
15930	-4.6	0100000110011010	3	1
15931	-4.6	0100000110100110	3	1
15935	-4.6	0110000110000100	3	2
15936	-4.6	0110000110000010	3	1
15937	-4.6	0110000110000110	3	2
15946	-4.6	0110000111000100	3	2
15950	-4.6	0110000110100010	3	1
15951	-4.6	0110000111000010	3	1
15952	-4.6	0110000110100100	3	2
15954	-4.6	0110000110011100	3	2
15958	-4.6	0110000110011010	3	2
15959	-4.6	0110000110100110	3	2
15961	-4.3	0001110000111000	5	2
15995	-4.9	0001110000100100	3	2
16014	-4.9	0001110001000010	3	2
16029	-4.9	0001110001011010	3	2
16038	-4.6	0001110001100110	3	2
16039	-4.9	0001110001100110	3	2
16041	-4.9	0001110011100110	3	2
16043	-4.9	0001110001111110	3	2
16045	-4.6	0001110000111000	3	2
16046	-4.9	0001110000100001	2	2
16047	-4.9	0001110001000001	2	2
16048	-4.9	0001110001100001	2	2
16070	-4.9	0001110000100011	4	2
16081	-4.9	0001110000100101	4	2
16082	-4.9	0001110000100101	2	2
16092	-4.9	0001110001000101	2	2
16093	-4.9	0001110001000011	2	2
16095	-4.9	0001110001000101	4	2
16096	-4.9	0001110001000011	4	2
16103	-4.9	0001110001100011	4	2
16115	-4.9	0001110001100101	4	2
16116	-4.9	0001110001100101	2	2
16128	-2.9	1100000110000011	4	1
16173	-4.3	0010000110000100	5	2
16178	-4.9	0010000110000100	3	2
16179	-4.9	0010000110000010	3	2
16180	-4.9	0010000110000110	3	2
16194	-4.9	0010000110100100	3	2
16195	-4.9	0010000110100010	3	2
16196	-4.9	0010000111000010	3	2
16199	-4.9	0010000111100100	3	2
16203	-4.6	0010000111000110	3	2
16211	-4.9	0010000110100110	3	2
16213	-4.6	0010000101100110	3	2
16214	-4.9	0010000111100110	3	2
16215	-4.9	0010000111100110	3	2
16217	-4.3	0100000110000010	5	1
16221	-4.9	0100000110000100	3	2
16222	-4.9	0100000110000010	3	1
16223	-4.9	0100000110000110	3	1
16237	-4.9	0100000110100100	3	2
16238	-4.9	0100000110100010	3	1
16239	-4.9	0100000111000010	3	1
16242	-4.9	0100000111100100	3	1
16246	-4.6	0100000111000110	3	1
16254	-4.9	0100000110100110	3	1
16256	-4.6	0100000101100110	3	1
16257	-4.9	0100000111100110	3	1
16258	-4.9	0100000111100110	3	1
16260	-4.3	0110000110000110	5	2
16263	-4.9	0110000110000100	3	2
16264	-4.9	0110000110000010	3	1
16265	-4.9	0110000110000110	3	2
16279	-4.9	0110000110100100	3	2
16280	-4.9	0110000110100010	3	1
16281	-4.9	0110000111000010	3	1
16284	-4.9	0110000111100100	3	2
16288	-4.6	0110000111000110	3	2
16296	-4.9	0110000110100110	3	2
16299	-4.9	0110000111100110	3	2
16300	-4.9	0110000111100110	3	2
16302	-4.6	0010000110000100	3	2
16343	-4.6	0110000110000110	3	2
16398	-4.9	1000010000100010	2	1
16401	-4.9	1000010001000100	2	1
16404	-4.9	0010000111000100	3	2
16405	-4.9	1000010001000010	2	1
16406	-4.9	1000010001100010	2	1
16407	-4.9	1000010000100100	2	1
16411	-4.9	0010000110100010	3	2
16412	-4.9	0010000111000010	3	2
16413	-4.9	0010000110100100	3	2
16417	-4.9	1000010000100110	2	1
16420	-4.9	1000010001100100	2	1
16424	-4.9	1000010001000110	2	1
16426	-4.9	0010000110011100	3	2
16428	-4.9	1000010000111010	2	1
16431	-4.9	1000010001011100	2	1
16434	-4.9	1000010001011010	2	1
16435	-4.9	1000010001100110	2	1
16437	-4.9	0010000110011010	3	2
16441	-4.9	0010000110100110	3	2
16442	-4.9	0010000111011010	3	2
16466	-4.9	1000001000100010	2	1
16469	-4.9	1000001001000100	2	1
16472	-4.9	0100000111000100	3	2
16473	-4.9	1000001001000010	2	1
16474	-4.9	1000001001100010	2	1
16475	-4.9	1000001000100100	2	1
16479	-4.9	0100000110100010	3	1
16480	-4.9	0100000111000010	3	1
16481	-4.9	0100000110100100	3	2
16485	-4.9	1000001000100110	2	1
16488	-4.9	1000001001100100	2	1
16492	-4.9	1000001001000110	2	1
16494	-4.9	0100000110011100	3	1
16496	-4.9	1000001000111010	2	1
16499	-4.9	1000001001011100	2	1
16502	-4.9	1000001001011010	2	1
16503	-4.9	1000001001100110	2	1
16505	-4.9	0100000110011010	3	1
16509	-4.9	0100000110100110	3	1
16510	-4.9	0100000111011010	3	1
16534	-4.9	1000011000100010	2	1
16537	-4.9	1000011001000100	2	1
16540	-4.9	0110000111000100	3	2
16541	-4.9	1000011001000010	2	1
16542	-4.9	1000011001100010	2	1
16543	-4.9	1000011000100100	2	1
16547	-4.9	0110000110100010	3	1
16548	-4.9	0110000111000010	3	1
16549	-4.9	0110000110100100	3	2
16553	-4.9	1000011000100110	2	1
16556	-4.9	1000011001100100	2	1
16560	-4.9	1000011001000110	2	1
16562	-4.9	0110000110011100	3	2
16564	-4.9	1000011000111010	2	1
16567	-4.9	1000011001011100	2	1
16570	-4.9	1000011001011010	2	1
16571	-4.9	1000011001100110	2	1
16573	-4.9	0110000110011010	3	2
16577	-4.9	0110000110100110	3	2
16578	-4.9	0110000111011010	3	2
16676	-2.9	0010000110000100	3	2
16677	-2.9	0010000110000010	3	2
16678	-2.9	0010000110000110	3	2
16753	-2.9	0100000110000100	3	2
16754	-2.9	0100000110000010	3	1
16755	-2.9	0100000110000110	3	1
16829	-2.9	0110000110000100	3	2
16830	-2.9	0110000110000010	3	1
16831	-2.9	0110000110000110	3	2
16973	-2.9	1100000110000100	2	2
16974	-2.9	1100000110000010	2	1
16975	-2.9	1100000110000110	2	1
17332	-4	001010	0	0
17401	-3.2	0010000110000100	3	2
17455	-4.6	0010000110100110	3	2
17461	-4.6	0010000110100110	3	2
17465	-4.9	0010000111100110	3	2
17469	-3.2	0100000110000010	3	1
17522	-4.6	0100000110100110	3	1
17528	-4.6	0100000110100110	3	1
17532	-4.9	0100000111100110	3	1
17536	-3.2	0110000110000110	3	2
17588	-4.6	0110000110100110	3	2
17594	-4.6	0110000110100110	3	2
17598	-4.9	0110000111100110	3	2
17602	-4.3	001010	0	0
17775	-4.6	0010000101100110	3	2
17776	-4.9	0010000111100110	3	2
17780	-4.6	0100000101100110	3	1
17781	-4.9	0100000111100110	3	1
17785	-4.6	0110000101100110	3	2
17786	-4.9	0110000111100110	3	2
17803	-4.9	0010000110100110	3	2
17804	-4.9	0010000110100110	3	2
17805	-4.9	0010000101100110	3	2
17808	-4.9	0100000110100110	3	1
17809	-4.9	0100000110100110	3	1
17810	-4.9	0100000101100110	3	1
17813	-4.9	0110000110100110	3	2
17814	-4.9	0110000110100110	3	2
17815	-4.9	0110000101100110	3	2
17825	-4.9	0100010011111111	2	1
17826	-2.9	0100010000111001	2	1
17831	-4.9	0100010011111111	2	1
17842	-4.6	0100010000100010	3	1
17847	-4.9	0100010000100011	4	1
17858	-4.9	0100010000100101	4	1
17859	-4.9	0100010000100101	2	1
17869	-4.9	0100010001000101	2	1
17870	-4.9	0100010001000011	2	1
17872	-4.9	0100010001000101	4	1
17873	-4.9	0100010001000011	4	1
17880	-4.9	0100010001100011	4	1
17892	-4.9	0100010001100101	4	1
17893	-4.9	0100010001100101	2	1
17921	-4.3	0100010000100010	5	1
17933	-4.9	0100010000100100	3	2
17952	-4.9	0100010001000010	3	1
17967	-4.9	0100010001011010	3	1
17976	-4.6	0100010001100110	3	1
17977	-4.9	0100010001100110	3	1
17979	-4.9	0100010011100110	3	1
17981	-4.9	0100010001111110	3	1
17989	-4.3	0010001001000100	5	2
18000	-4.9	0010001000100100	3	2
18019	-4.9	0010001001000010	3	2
18034	-4.9	0010001001011010	3	2
18043	-4.6	0010001001100110	3	2
18044	-4.9	0010001001100110	3	2
18046	-4.9	0010001011100110	3	2
18048	-4.9	0010001001111110	3	2
18050	-4.6	0010001001000100	3	2
18052	-4.9	0010001000100011	4	2
18063	-4.9	0010001000100101	4	2
18064	-4.9	0010001000100101	2	2
18074	-4.9	0010001001000101	2	2
18075	-4.9	0010001001000011	2	2
18077	-4.9	0010001001000101	4	2
18078	-4.9	0010001001000011	4	2
18085	-4.9	0010001001100011	4	2
18097	-4.9	0010001001100101	4	2
18098	-4.9	0010001001100101	2	2
18118	-2.9	1100010000100011	4	1
18194	-4.6	0100010110100010	3	1
18195	-4.9	0010001111000100	3	2
18203	-4.9	0010001110100100	3	2
18209	-4.9	0010001110100010	3	2
18210	-4.9	0010001111000010	3	2
18214	-4.9	0010001111000110	3	2
18222	-4.9	0010001110100110	3	2
18230	-4.9	1100010001000010	4	1
18231	-4.9	1100010001100010	4	1
18232	-4.9	1100010000100100	4	2
18236	-4.9	0010001110100100	3	2
18238	-4.9	0010001110100010	3	2
18239	-4.9	0010001111000010	3	2
18242	-4.9	1100010000100110	4	1
18245	-4.9	1100010001100100	4	2
18249	-4.9	1100010001000110	4	1
18253	-4.9	1100010000111010	4	1
18256	-4.9	1100010001011100	4	2
18257	-4.9	0010001111000110	3	2
18259	-4.9	1100010001011010	4	1
18260	-4.9	1100010001100110	4	1
18266	-4.9	0010001110100110	3	2
18276	-4.6	0100001001000010	3	1
18278	-4.6	0100001001000010	3	1
18326	-4.9	0100001010100101	4	1
18339	-4.6	0100010110100010	3	1
18348	-4.9	0010001110100100	3	2
18349	-4.9	0010001110100010	3	2
18350	-4.9	0010001111000010	3	2
18359	-4.6	0100010110100101	4	1
18363	-4.9	0100010110100101	4	1
18365	-4.9	0010001110100110	3	2
18371	-4.6	0100001001000010	3	1
18380	-4.9	0100001000100101	4	1
18381	-4.9	0100001000100101	2	1
18391	-4.9	0100001001000101	2	1
18392	-4.9	0100001001000011	2	1
18394	-4.9	0100001001000101	4	1
18395	-4.9	0100001001000011	4	1
18402	-4.9	0100001001100011	4	1
18414	-4.9	0100001001100101	4	1
18415	-4.9	0100001001100101	2	1
18427	-4.6	0100011001100010	3	1
18435	-4.9	0100011000100101	4	1
18436	-4.9	0100011000100101	2	1
18446	-4.9	0100011001000101	2	1
18447	-4.9	0100011001000011	2	1
18449	-4.9	0100011001000101	4	1
18450	-4.9	0100011001000011	4	1
18457	-4.9	0100011001100011	4	1
18469	-4.9	0100011001100101	4	1
18470	-4.9	0100011001100101	2	1
18487	-4.9	0010001110100110	3	2
18488	-4.9	0010001110100110	3	2
18489	-4.9	0010001101100110	3	2
18494	-4.9	0010010011111111	2	2
18495	-2.9	0010010000111001	2	2
18500	-4.9	0010010011111111	2	2
18510	-4.6	0010010000100100	3	2
18511	-4.6	0010010000100100	3	2
18555	-4.9	0010010010100101	4	2
18566	-4.6	0010010000100100	3	2
18572	-4.9	0010010000100101	4	2
18573	-4.9	0010010000100101	2	2
18583	-4.9	0010010001000101	2	2
18584	-4.9	0010010001000011	2	2
18586	-4.9	0010010001000101	4	2
18587	-4.9	0010010001000011	4	2
18594	-4.9	0010010001100011	4	2
18606	-4.9	0010010001100101	4	2
18607	-4.9	0010010001100101	2	2
18619	-4.3	0010010000100100	5	2
18620	-4.3	0010010000100100	5	2
18621	-4.9	0010010000100100	3	2
18642	-4.9	0010010001000010	3	2
18663	-4.9	0010010001011010	3	2
18670	-4.9	0010010001100110	3	2
18672	-4.9	0010010011100110	3	2
18674	-4.9	0010010001111110	3	2
18676	-4.3	0010010000100100	5	2
18677	-4.9	0010010000100100	3	2
18696	-4.9	0010010001000010	3	2
18711	-4.9	0010010001011010	3	2
18720	-4.6	0010010001100110	3	2
18721	-4.9	0010010001100110	3	2
18723	-4.9	0010010011100110	3	2
18725	-4.9	0010010001111110	3	2
18729	-4.6	0010010010100110	3	2
18731	-4.9	0010010011100110	3	2
18733	-5.2	0010010000100100	3	2
18735	-4.9	0010010001000010	3	2
18738	-4.9	0010010001000010	3	2
18739	-4.9	0010010001100010	3	2
18741	-4.9	0010010000100110	3	2
18742	-4.9	0010010001100100	3	2
18746	-4.9	0010010001000110	3	2
18755	-4.9	0010010000111010	3	2
18756	-4.9	0010010001011100	3	2
18759	-4.9	0010010000111100	3	2
18765	-4.9	0010010001011010	3	2
18766	-4.9	0010010001011010	3	2
18769	-4.9	0010010010100110	3	2
18772	-4.9	0010010001011110	3	2
18773	-4.9	0010010001100110	3	2
18774	-4.9	0010010001111010	3	2
18775	-4.9	0010010010100110	3	2
18776	-4.9	0010010001100110	3	2
18837	-4.3	0100001001000010	5	1
18843	-4.3	0100001001000010	5	1
18855	-4.9	0100001001000010	3	1
18876	-4.9	0100001001011010	3	1
18883	-4.9	0100001001100110	3	1
18885	-4.9	0100001011100110	3	1
18887	-4.9	0100001001111110	3	1
18893	-4.9	0010010110100100	3	2
18896	-4.9	0100010110100100	3	2
18897	-4.9	0100010110100010	3	1
18898	-4.9	0100010111000010	3	1
18899	-4.9	0010010110100010	3	2
18900	-4.9	0010010111000010	3	2
18904	-4.9	0010010111000110	3	2
18908	-4.6	0010010110100110	3	2
18912	-4.9	0010010110100110	3	2
18913	-4.9	0100010110100110	3	1
18919	-4.6	0010010110100100	3	2
18923	-4.9	0100001110100100	3	2
18924	-4.9	0100001110100010	3	1
18925	-4.9	0100001111000010	3	1
18934	-4.6	0010010110100101	4	2
18938	-4.9	0010010110100101	4	2
18940	-4.9	0100001110100110	3	1
18946	-4.9	0010010110100010	3	2
18947	-4.9	0010010111000010	3	2
18950	-4.9	1010010000100110	4	1
18953	-4.9	1010010001100100	4	2
18957	-4.9	1010010001000110	4	1
18961	-4.9	1010010000111010	4	1
18964	-4.9	1010010001011100	4	2
18965	-4.9	0010010111000110	3	2
18967	-4.9	1010010001011010	4	2
18968	-4.9	1010010001100110	4	1
18974	-4.9	0010010110100110	3	2
18989	-4.9	0010010110100100	3	2
18990	-4.9	0010010110100010	3	2
18991	-4.9	0010010111000010	3	2
18992	-4.9	0100010110100010	3	1
18993	-4.9	0100010111000010	3	1
18997	-4.9	0100010111000110	3	1
19001	-4.6	0100010110100110	3	1
19005	-4.9	0100010110100110	3	1
19006	-4.9	0010010110100110	3	2
19012	-4.6	0010010110100100	3	2
19016	-4.9	0100001110100010	3	1
19017	-4.9	0100001111000010	3	1
19021	-4.9	0100001111000110	3	1
19029	-4.9	0100001110100110	3	1
19038	-4.9	1010010000100110	2	1
19041	-4.9	1010010001100100	2	2
19045	-4.9	1010010001000110	2	1
19047	-4.9	0010010110011100	3	2
19049	-4.9	1010010000111010	2	2
19052	-4.9	1010010001011100	2	2
19055	-4.9	1010010001011010	2	2
19056	-4.9	1010010001100110	2	1
19058	-4.9	0010010110011010	3	2
19062	-4.9	0010010110100110	3	2
19063	-4.9	0010010111011010	3	2
19072	-4.3	0100001001000010	5	1
19086	-4.9	0100001001000010	3	1
19101	-4.9	0100001001011010	3	1
19110	-4.6	0100001001100110	3	1
19111	-4.9	0100001001100110	3	1
19113	-4.9	0100001011100110	3	1
19115	-4.9	0100001001111110	3	1
19117	-4.3	0100011001100010	5	1
19130	-4.9	0100011001000010	3	1
19145	-4.9	0100011001011010	3	1
19147	-4.6	0010010110100110	3	2
19153	-4.6	0010010110100110	3	2
19154	-4.6	0100011001100110	3	1
19155	-4.9	0100011001100110	3	1
19159	-4.9	0100011001111110	3	1
19171	-4.9	0010010110100110	3	2
19172	-4.9	0010010110100110	3	2
19173	-4.9	0010010101100110	3	2
19176	-2.9	0110010000111001	2	1
19181	-4.9	0110010011111111	2	1
19187	-4.6	0110010000100110	3	1
19194	-4.9	0110010001000101	2	1
19195	-4.9	0110010001000011	2	1
19197	-4.9	0110010001000101	4	1
19198	-4.9	0110010001000011	4	1
19205	-4.9	0110010001100011	4	1
19217	-4.9	0110010001100101	4	1
19218	-4.9	0110010001100101	2	1
19235	-4.3	0110010000100110	5	2
19246	-4.9	0110010001000010	3	1
19261	-4.9	0110010001011010	3	2
19270	-4.6	0110010001100110	3	2
19271	-4.9	0110010001100110	3	2
19273	-4.9	0110010011100110	3	2
19275	-4.9	0110010001111110	3	2
19279	-4.6	0100001010100110	3	1
19281	-4.9	0100001011100110	3	1
19283	-4.3	0010011001100100	5	2
19293	-4.9	0010011001000010	3	2
19308	-4.9	0010011001011010	3	2
19310	-4.6	0100010110100110	3	1
19316	-4.6	0100010110100110	3	1
19317	-4.6	0010011001100110	3	2
19318	-4.9	0010011001100110	3	2
19322	-4.9	0010011001111110	3	2
19324	-4.6	0010011001100100	3	2
19328	-4.9	0010011001000101	2	2
19329	-4.9	0010011001000011	2	2
19331	-4.9	0010011001000101	4	2
19332	-4.9	0010011001000011	4	2
19339	-4.9	0010011001100011	4	2
19351	-4.9	0010011001100101	4	2
19352	-4.9	0010011001100101	2	2
19403	-2.9	1100001001000011	4	1
19441	-4.3	0110001001000110	5	2
19447	-4.9	0110001001000010	3	1
19462	-4.9	0110001001011010	3	2
19471	-4.6	0110001001100110	3	2
19472	-4.9	0110001001100110	3	2
19474	-4.9	0110001011100110	3	2
19476	-4.9	0110001001111110	3	2
19478	-4.9	1010001001000110	2	1
19480	-4.9	0100010110011100	3	1
19482	-4.9	1010001000111010	2	2
19485	-4.9	1010001001011100	2	2
19488	-4.9	1010001001011010	2	2
19489	-4.9	1010001001100110	2	1
19491	-4.9	0100010110011010	3	1
19495	-4.9	0100010110100110	3	1
19496	-4.9	0100010111011010	3	1
19505	-4.9	1100001001000110	2	1
19507	-4.9	0100001110011100	3	1
19509	-4.9	1100001000111010	2	1
19512	-4.9	1100001001011100	2	2
19515	-4.9	1100001001011010	2	1
19516	-4.9	1100001001100110	2	1
19518	-4.9	0100001110011010	3	1
19522	-4.9	0100001110100110	3	1
19532	-4.6	0110001001000110	3	2
19533	-4.9	0110001001000101	4	1
19534	-4.9	0110001001000011	4	1
19541	-4.9	0110001001100011	4	1
19553	-4.9	0110001001100101	4	1
19554	-4.9	0110001001100101	2	1
19569	-4.9	1010001000111010	4	1
19572	-4.9	1010001001011100	4	2
19573	-4.9	0100010111000110	3	1
19575	-4.9	1010001001011010	4	2
19576	-4.9	1010001001100110	4	1
19582	-4.9	0100010110100110	3	1
19595	-4.9	1100001000111010	4	1
19598	-4.9	1100001001011100	4	2
19599	-4.9	0100001111000110	3	1
19601	-4.9	1100001001011010	4	1
19602	-4.9	1100001001100110	4	1
19608	-4.9	0100001110100110	3	1
19618	-4.9	0010011110011100	3	2
19620	-4.9	0010011110011010	3	2
19623	-5.2	0100001001000010	3	1
19626	-4.9	0100001000111010	3	1
19627	-4.9	0100001001011100	3	1
19630	-4.9	0100001000111100	3	1
19636	-4.9	0100001001011010	3	1
19637	-4.9	0100001001011010	3	1
19640	-4.9	0100001010100110	3	1
19643	-4.9	0100001001011110	3	1
19644	-4.9	0100001001100110	3	1
19645	-4.9	0100001001111010	3	1
19646	-4.9	0100001010100110	3	1
19647	-4.9	0100001001100110	3	1
19654	-4.9	0100010110100110	3	1
19655	-4.9	0100010110100110	3	1
19656	-4.9	0100010101100110	3	1
19659	-4.9	0100001110100110	3	1
19660	-4.9	0100001110100110	3	1
19661	-4.9	0100001101100110	3	1
19674	-4.3	0011100110011100	5	2
19677	-4.6	0011100111000110	3	2
19685	-4.9	0011100110100110	3	2
19687	-4.6	0011100101100110	3	2
19688	-4.9	0011100111100110	3	2
19689	-4.9	0011100111100110	3	2
19691	-3.2	0011100110011100	3	2
19707	-4.6	0011100110100110	3	2
19713	-4.6	0011100110100110	3	2
19717	-4.9	0011100111100110	3	2
19721	-4.6	0101110000111010	3	2
19725	-4.9	0101110001100011	4	1
19737	-4.9	0101110001100101	4	1
19738	-4.9	0101110001100101	2	2
19756	-4.3	0101110000111010	5	2
19768	-4.9	0101110001011010	3	2
19777	-4.6	0101110001100110	3	2
19778	-4.9	0101110001100110	3	2
19780	-4.9	0101110011100110	3	2
19782	-4.9	0101110001111110	3	2
19786	-4.3	0011101001011100	5	2
19797	-4.9	0011101001011010	3	2
19806	-4.6	0011101001100110	3	2
19807	-4.9	0011101001100110	3	2
19809	-4.9	0011101011100110	3	2
19811	-4.9	0011101001111110	3	2
19813	-4.6	0011101001011100	3	2
19814	-4.9	0011101001100011	4	2
19826	-4.9	0011101001100101	4	2
19827	-4.9	0011101001100101	2	2
19839	-4.6	0110010110100110	3	1
19840	-4.9	0110001111000110	3	2
19848	-4.9	0110001110100110	3	2
19856	-4.9	1100011001011010	4	1
19857	-4.9	1100011001100110	4	1
19863	-4.9	0110001110100110	3	2
19873	-4.3	0011110000111100	5	2
19881	-4.9	0011110001011010	3	2
19890	-4.6	0011110001100110	3	2
19891	-4.9	0011110001100110	3	2
19893	-4.9	0011110011100110	3	2
19895	-4.9	0011110001111110	3	2
19898	-4.6	0110001110011010	3	2
19900	-4.9	0110011010100101	4	1
19902	-4.6	0101101001011010	3	2
19912	-4.9	0101101001100101	4	2
19913	-4.9	0101101001100101	2	2
19925	-4.6	0110011001100110	3	1
19934	-4.9	0110011001100101	4	1
19935	-4.9	0110011001100101	2	1
19947	-4.9	0110001110100110	3	2
19948	-4.9	0110001110100110	3	2
19949	-4.9	0110001101100110	3	2
19952	-4	001010	0	0
19965	-4	001010	0	0
19987	-4.3	0101100110011010	5	2
19994	-4.9	0101100110100110	3	2
19996	-4.6	0101100101100110	3	2
19997	-4.9	0101100111100110	3	2
19998	-4.9	0101100111100110	3	2
20005	-4.6	0101100110100110	3	2
20011	-4.6	0101100110100110	3	2
20015	-4.9	0101100111100110	3	2
20021	-4.6	0101100101100110	3	2
20022	-4.9	0101100111100110	3	2
20024	-4.3	0101101001011010	5	2
20025	-4.3	0101101001011010	5	2
20027	-4.9	0101101001011010	3	2
20029	-4.6	1010010110100101	4	1
20034	-4.9	0101101001100110	3	2
20036	-4.9	0101101011100110	3	2
20038	-4.9	0101101001111110	3	2
20040	-4.3	0101101001011010	5	2
20041	-4.9	0101101001011010	3	2
20050	-4.6	0101101001100110	3	2
20051	-4.9	0101101001100110	3	2
20053	-4.9	0101101011100110	3	2
20055	-4.9	0101101001111110	3	2
20057	-4.6	0110010110100110	3	1
20060	-5.2	0101101001011010	3	2
20062	-4.9	0101101010100110	3	2
20065	-4.9	0101101001011110	3	2
20066	-4.9	0101101001100110	3	2
20067	-4.9	0101101001111010	3	2
20068	-4.9	0101101010100110	3	2
20069	-4.9	0101101001100110	3	2
20088	-4.9	0110010110100110	3	2
20089	-4.9	0110010110100110	3	2
20091	-4.6	0110010110100110	3	1
20095	-4.9	0110010110100110	3	2
20097	-4.9	0110010101100110	3	2
20098	-4.6	0110010110011110	3	1
20099	-4.9	0110010111100110	3	1
20100	-4.9	0110010111100110	3	1
20102	-4.9	0110010101111110	3	2
20105	-4.9	1010010110100101	4	1
20107	-4.9	0101101110100110	3	2
20133	-4.6	0111101001100110	3	2
20134	-4.9	0111101001100110	3	2
20136	-4.9	0111101011100110	3	2
20138	-4.9	0111101001111110	3	2
20140	-4.3	0110011001100110	5	1
20142	-4.6	0110010110100110	3	1
20143	-4.6	0110011001100110	3	1
20144	-4.9	0110011001100110	3	1
20148	-4.9	0110011001111110	3	1
20152	-4.6	0101111001100110	3	2
20153	-4.9	0101111001100110	3	2
20157	-4.9	0101111001111110	3	2
20160	-4.6	0111100101100110	3	2
20161	-4.9	0111100111100110	3	2
20164	-4.9	0110010110100110	3	2
20165	-4.6	0110010101100110	3	1
20166	-4.9	0110010101100110	3	2
20167	-4.6	0110010110011110	3	1
20168	-4.9	0110010111100110	3	1
20170	-4.9	0110010101111110	3	2
20173	-4.9	0110010101100110	3	2
20177	-4.9	0110011001100110	3	2
20179	-4.9	0110011011100110	3	2
20181	-4.9	0110011001111110	3	2
20184	-5.2	0110011001100110	3	2
20191	-4.9	0110011110011110	3	1
20200	-4.3	001010	0	0
20203	-5.2	0111111001111110	3	2
