11	-4.6	001111	0	0
101	-4.6	001111	0	0
114	-4.6	001111	0	0
178	-4.6	001111	0	0
296	-4.6	0000000000000000	3	2
297	-4.6	0000000000000000	3	2
494	-4.6	0000000000000000	3	2
495	-4.6	0000000000000000	3	2
689	-4.6	0000000000000000	3	2
871	-8.3	0000000011111111	2	2
882	-4.9	0000000000111001	2	2
887	-8.3	0000000011111111	2	2
890	-6.6	0000000000000001	4	2
905	-6.6	0000000000000101	4	2
910	-6.6	0000000000100001	4	2
911	-6.6	0000000001000001	4	2
912	-6.6	0000000001100001	4	2
942	-6.6	0000000001011001	4	2
943	-6.6	0000000001100101	4	2
946	-8	0000000000000000	4	2
947	-8	0000000000000000	4	2
950	-6.6	0000000000000001	4	2
951	-6.6	0000000000000001	4	2
973	-6.6	0000000000000101	4	2
974	-6.6	0000000000000011	4	2
975	-6.6	0000000000000011	4	2
987	-6.6	0000000000000101	4	2
994	-6.6	0000000000000111	4	2
1003	-6.6	0000000001100001	4	2
1004	-6.6	0000000010000001	4	2
1005	-6.6	0000000000100001	4	2
1006	-6.6	0000000001000001	4	2
1007	-6.6	0000000001100001	4	2
1021	-6.6	0000000010000101	4	2
1072	-6.6	0000000001000101	4	2
1073	-6.6	0000000000100011	4	2
1086	-6.6	0000000000100101	4	2
1087	-6.6	0000000000100101	4	2
1101	-6.6	0000000001000101	4	2
1102	-6.6	0000000001000011	4	2
1106	-6.6	0000000001100011	4	2
1107	-6.6	0000000010100011	4	2
1108	-6.6	0000000001100011	4	2
1121	-6.6	0000000001011001	4	2
1122	-6.6	0000000010100101	4	2
1123	-6.6	0000000001100101	4	2
1127	-8.3	0000000010100101	4	2
1133	-6.6	0000000001100111	4	2
1135	-6.6	0000000001111001	4	2
1138	-8	0000000000000000	4	2
1142	-6.6	0000000000000001	4	2
1143	-6.6	0000000000000001	4	2
1144	-6.6	0000000000000001	4	2
1148	-8.3	0000000000000001	4	2
1165	-6.6	0000000000000011	4	2
1166	-6.6	0000000000000011	4	2
1167	-8.3	0000000000000011	4	2
1178	-6.6	0000000000000101	4	2
1179	-6.6	0000000000000101	4	2
1187	-6.6	0000000000000111	4	2
1197	-4.9	0000000000011001	4	2
1198	-6.6	0000000000100001	4	2
1199	-6.6	0000000001000001	4	2
1200	-6.6	0000000000100001	4	2
1201	-6.6	0000000001000001	4	2
1202	-6.6	0000000001100001	4	2
1216	-8.3	0000000000100001	4	2
1217	-8.3	0000000001000001	4	2
1218	-8.3	0000000001100001	4	2
1253	-6.6	0000000000100011	4	2
1254	-8.3	0000000000100011	4	2
1263	-6.6	0000000000100101	4	2
1265	-8.3	0000000000100101	4	2
1273	-6.6	0000000001000101	4	2
1274	-6.6	0000000001000011	4	2
1279	-8.3	0000000001000101	4	2
1280	-8.3	0000000001000011	4	2
1282	-6.6	0000000001100011	4	2
1287	-8.3	0000000001100011	4	2
1291	-6.6	0000000001011001	4	2
1292	-6.6	0000000001011001	4	2
1293	-6.6	0000000001100101	4	2
1297	-6.6	0000000001011011	4	2
1299	-8.3	0000000001100101	4	2
1307	-6.6	0000000001100111	4	2
1309	-6.6	0000000001111001	4	2
1314	-6.6	0000000011100000	3	2
1317	-6.6	0000000011100110	3	2
1326	-6.6	0000000011100000	3	2
1332	-4.9	0000000001100110	3	2
1333	-6.6	0000000011100110	3	2
1335	-6.6	0000000000000000	3	2
1336	-6.6	0000000000000000	3	2
1337	-8.3	0000000000000000	3	2
1383	-8.3	0000000011100000	3	2
1390	-8.3	0000000000011000	3	2
1474	-8.3	0000000000100100	3	2
1495	-8.3	0000000001000010	3	2
1516	-8.3	0000000001011010	3	2
1523	-8.3	0000000001100110	3	2
1525	-8.3	0000000011100110	3	2
1527	-8.3	0000000001111110	3	2
1529	-6.6	0000000000000000	3	2
1530	-8.3	0000000000000000	3	2
1577	-8.3	0000000011100000	3	2
1585	-8.3	0000000000011000	3	2
1651	-8.3	0000000000100100	3	2
1670	-8.3	0000000001000010	3	2
1685	-8.3	0000000001011010	3	2
1694	-6.6	0000000001100110	3	2
1695	-8.3	0000000001100110	3	2
1697	-8.3	0000000011100110	3	2
1699	-8.3	0000000001111110	3	2
1705	-4.9	0000000000100000	3	2
1706	-6.6	0000000010100000	3	2
1713	-6.6	0000000010100110	3	2
1716	-8.3	0000000011111111	2	2
1717	-8.6	0000000000000000	3	2
1727	-8.3	0000000000000001	3	2
1736	-8.3	0000000000000010	3	2
1738	-8.3	0000000001000000	3	2
1744	-8.3	0000000000000011	3	2
1751	-8.3	0000000000000100	3	2
1752	-6.6	0000000000100000	3	2
1753	-8.3	0000000000100000	3	2
1756	-8.3	0000000010100000	3	2
1757	-8.3	0000000000000101	3	2
1758	-8.3	0000000001100000	3	2
1762	-8.3	0000000000000110	3	2
1770	-8.3	0000000000011000	3	2
1771	-8.3	0000000000011000	3	2
1787	-8.3	0000000000011010	3	2
1789	-8.3	0000000001011000	3	2
1803	-8.3	0000000000011100	3	2
1804	-8.3	0000000000111000	3	2
1806	-8.3	0000000000100001	3	2
1807	-8.3	0000000001000001	3	2
1808	-8.3	0000000001100001	3	2
1826	-8.3	0000000000100010	3	2
1827	-8.3	0000000001000100	3	2
1836	-8.3	0000000000100100	3	2
1837	-8.3	0000000000100100	3	2
1840	-8.3	0000000001000010	3	2
1842	-8.3	0000000000100101	3	2
1843	-8.3	0000000001000010	3	2
1844	-8.3	0000000001100010	3	2
1846	-8.3	0000000000100110	3	2
1847	-8.3	0000000001100100	3	2
1851	-8.3	0000000001000110	3	2
1852	-8.3	0000000001000101	3	2
1853	-8.3	0000000001000011	3	2
1860	-8.3	0000000000111010	3	2
1861	-8.3	0000000001011100	3	2
1864	-8.3	0000000000111100	3	2
1870	-8.3	0000000001011010	3	2
1871	-8.3	0000000001011010	3	2
1874	-8.3	0000000010100110	3	2
1876	-8.3	0000000001100101	3	2
1877	-8.3	0000000001011110	3	2
1878	-8.3	0000000001100110	3	2
1879	-8.3	0000000001111010	3	2
1880	-8.3	0000000010100110	3	2
1891	-4.9	1000000011000000	4	2
1904	-4.9	1000000000000001	4	1
1913	-6.6	1000000000000010	4	1
1914	-6.6	1000000000000010	4	1
1915	-6.6	1000000001000000	4	2
1918	-6.6	1000000001000000	4	2
1921	-6.6	1000000000100000	4	1
1922	-6.6	1000000001100000	4	1
1923	-6.6	1000000000100000	4	1
1924	-6.6	1000000001100000	4	1
1927	-6.6	1000000000000100	4	1
1928	-6.6	1000000000000100	4	1
1933	-6.6	1000000000000110	4	1
1936	-6.6	1000000000000110	4	1
1941	-6.6	1000000000011000	4	2
1942	-6.6	1000000000011000	4	2
1958	-6.6	1000000000011010	4	1
1969	-6.6	1000000001011000	4	1
1971	-6.6	1000000000011100	4	1
1972	-6.6	1000000000011100	4	1
1973	-6.6	1000000000111000	4	1
1976	-6.6	1000000000111000	4	1
1992	-6.6	1000000000100010	4	1
1993	-6.6	1000000000100010	4	1
1994	-6.6	1000000001000100	4	1
1997	-6.6	1000000001000100	4	1
1999	-6.6	1000000001000010	4	1
2000	-6.6	1000000001100010	4	1
2001	-6.6	1000000001000010	4	1
2002	-6.6	1000000001100010	4	1
2003	-6.6	1000000000100100	4	1
2004	-6.6	1000000000100100	4	1
2010	-6.6	1000000001000110	4	1
2013	-6.6	1000000000100110	4	1
2014	-6.6	1000000000100110	4	1
2015	-6.6	1000000001100100	4	1
2018	-6.6	1000000001100100	4	1
2022	-6.6	1000000001000110	4	1
2026	-6.6	1000000000111010	4	1
2027	-6.6	1000000001011100	4	1
2029	-6.6	1000000001100110	4	1
2031	-6.6	1000000001011100	4	1
2033	-6.6	1000000001011010	4	1
2034	-6.6	1000000001100110	4	1
2048	-4.9	1000000000000001	4	1
2058	-6.6	1000000000000010	4	1
2062	-6.6	1000000001000000	4	2
2068	-6.6	1000000000100000	4	1
2069	-6.6	1000000001100000	4	1
2072	-6.6	1000000000000100	4	1
2080	-6.6	1000000000000110	4	1
2086	-6.6	1000000000011000	4	2
2087	-6.6	1000000000011000	4	2
2098	-6.6	1000000000011010	4	1
2103	-6.6	1000000001011000	4	1
2110	-6.6	1000000000011100	4	1
2120	-6.6	1000000000111000	4	1
2137	-6.6	1000000000100010	4	1
2141	-6.6	1000000001000100	4	1
2145	-6.6	1000000001000010	4	1
2146	-6.6	1000000001000010	4	1
2147	-6.6	1000000001100010	4	1
2149	-6.6	1000000000100100	4	1
2150	-6.6	1000000000100100	4	1
2158	-6.6	1000000000100110	4	1
2162	-6.6	1000000001100100	4	1
2166	-6.6	1000000001000110	4	1
2169	-6.6	1000000000111010	4	1
2175	-6.6	1000000001011100	4	1
2177	-6.6	1000000001100110	4	1
2178	-6.6	1000000001011010	4	1
2179	-6.6	1000000001100110	4	1
2192	-4.9	1000000000000001	4	1
2207	-6.6	1000000000000010	4	1
2211	-6.6	1000000001000000	4	2
2217	-6.6	1000000000100000	4	1
2218	-6.6	1000000001100000	4	1
2219	-6.6	1000000011000000	4	2
2222	-6.6	1000000000000100	4	1
2233	-6.6	1000000000000110	4	1
2240	-6.6	1000000000011000	4	2
2241	-6.6	1000000000011000	4	2
2255	-6.6	1000000000011010	4	1
2262	-6.6	1000000001011000	4	1
2272	-6.6	1000000000011100	4	1
2277	-6.6	1000000000111000	4	1
2297	-6.6	1000000000100010	4	1
2300	-6.6	1000000001000100	4	1
2303	-6.6	1000000001000010	4	1
2304	-6.6	1000000001000010	4	1
2305	-6.6	1000000001100010	4	1
2306	-6.6	1000000000100100	4	1
2307	-6.6	1000000000100100	4	1
2317	-6.6	1000000000100110	4	1
2320	-6.6	1000000001100100	4	1
2326	-6.6	1000000001000110	4	1
2331	-6.6	1000000000111010	4	1
2334	-6.6	1000000001011100	4	1
2337	-6.6	1000000001011010	4	1
2338	-6.6	1000000001100110	4	1
2360	-4.6	0000010000100000	3	1
2362	-4.9	0000000110000000	3	2
2367	-4.6	0000010000100000	3	1
2369	-4.9	0000000110000000	3	2
2432	-4.9	0000000110000100	3	2
2433	-4.9	0000000110000010	3	2
2434	-4.9	0000000110000110	3	2
2471	-4.9	0000000110000100	3	2
2472	-4.9	0000000110000010	3	2
2473	-4.9	0000000110000110	3	2
2612	-4.9	0000000110000001	2	2
2613	-4.9	0000000110000011	2	2
2652	-4.9	0000000110000101	2	2
2653	-4.9	0000000110000011	2	2
2662	-6.6	0000000110000001	2	2
2729	-6.6	0000000110100101	2	2
2734	-6.6	0000000110011001	2	2
2738	-6.6	0000000110000000	3	2
2752	-6.6	0000000110100000	3	2
2763	-4.9	0000000110000100	3	2
2764	-4.9	0000000110000010	3	2
2774	-6.6	0000000110000100	3	2
2775	-6.6	0000000110000010	3	2
2776	-6.6	0000000110000110	3	2
2791	-6.6	0000000111000100	3	2
2797	-6.6	0000000110100100	3	2
2799	-6.6	0000000110100010	3	2
2800	-6.6	0000000111000010	3	2
2801	-4.9	1000000000111001	2	1
2804	-6.6	0000000111000110	3	2
2808	-6.6	0000000110100110	3	2
2864	-4.6	001111	0	0
3067	-6.6	0000000110000000	3	2
3069	-8.3	0000000110000000	3	2
3081	-8.3	0000000111000000	3	2
3091	-8.3	0000000111100000	3	2
3092	-8.3	0000000111100000	3	2
3107	-6.6	0000000110000100	3	2
3108	-6.6	0000000110000010	3	2
3109	-6.6	0000000110000110	3	2
3119	-8.3	0000000110000100	3	2
3120	-8.3	0000000110000010	3	2
3121	-8.3	0000000110000110	3	2
3144	-8.3	0000000111000100	3	2
3152	-8.3	0000000110100100	3	2
3158	-8.3	0000000110100010	3	2
3159	-8.3	0000000111000010	3	2
3160	-8.3	0000000111100010	3	2
3163	-8.3	0000000111000110	3	2
3167	-6.6	0000000110100110	3	2
3171	-8.3	0000000110100110	3	2
3174	-6.6	0000000101100110	3	2
3175	-8.3	0000000111100110	3	2
3176	-8.3	0000000111100110	3	2
3178	-8	0000000110000000	4	2
3203	-4.9	0000000110000001	4	2
3208	-6.6	0000000110000001	4	2
3209	-4.9	0000000110000101	4	2
3216	-6.6	0000000110000001	4	2
3223	-6.6	0000000110000101	4	2
3271	-6.6	0000000110100011	4	2
3275	-6.6	0000000110100101	4	2
3276	-6.6	0000000110100101	4	2
3278	-6.6	0000000110100111	4	2
3280	-8.3	0000000110100101	4	2
3293	-8.3	1000000000000010	4	1
3297	-8.3	1000000001000000	4	2
3300	-8.3	1000000000100000	4	1
3301	-8.3	1000000001100000	4	1
3303	-8.3	1000000000000100	4	1
3308	-8.3	0000000110100000	3	2
3312	-8.3	1000000000000110	4	1
3316	-8.3	1000000000011000	4	2
3324	-8.3	1000000000011010	4	1
3328	-8.3	1000000001011000	4	2
3333	-8.3	0000000110000100	3	2
3334	-8.3	0000000110000010	3	2
3335	-8.3	0000000110000110	3	2
3339	-8.3	1000000000011100	4	1
3342	-8.3	1000000000111000	4	1
3364	-8.3	1000000000100010	4	1
3367	-8.3	1000000001000100	4	1
3369	-8.3	0000000111000100	3	2
3371	-8.3	1000000001000010	4	1
3372	-8.3	1000000001100010	4	1
3373	-8.3	1000000000100100	4	1
3377	-8.3	0000000110100100	3	2
3379	-8.3	0000000110100010	3	2
3380	-8.3	0000000111000010	3	2
3383	-8.3	1000000000100110	4	1
3386	-8.3	1000000001100100	4	1
3390	-8.3	1000000001000110	4	1
3394	-8.3	1000000000111010	4	1
3397	-8.3	1000000001011100	4	1
3398	-8.3	0000000111000110	3	2
3400	-8.3	1000000001011010	4	1
3401	-8.3	1000000001100110	4	1
3407	-8.3	0000000110100110	3	2
3417	-4.6	0000010000100000	3	1
3419	-4.9	0000000110000000	3	2
3421	-4.6	0000010000100000	3	1
3423	-4.9	0000000110000000	3	2
3501	-4.9	0000000110000100	3	2
3502	-4.9	0000000110000010	3	2
3503	-4.9	0000000110000110	3	2
3523	-4.9	0000000110000100	3	2
3524	-4.9	0000000110000010	3	2
3525	-4.9	0000000110000110	3	2
3676	-4.9	0000000110000001	2	2
3698	-4.9	0000000110000101	2	2
3699	-4.9	0000000110000011	2	2
3708	-6.6	0000000110000001	2	2
3774	-6.6	0000000110100101	2	2
3779	-6.6	0000000110011001	2	2
3782	-6.6	0000000110000000	3	2
3786	-4.9	1000000001000000	2	2
3791	-6.6	0000000111000000	3	2
3794	-6.6	0000000110100000	3	2
3815	-4.9	0000000110000100	3	2
3816	-4.9	0000000110000010	3	2
3822	-6.6	0000000110000100	3	2
3823	-6.6	0000000110000010	3	2
3824	-6.6	0000000110000110	3	2
3833	-6.6	0000000111000100	3	2
3837	-6.6	0000000110100010	3	2
3838	-6.6	0000000111000010	3	2
3839	-6.6	0000000110100100	3	2
3841	-6.6	0000000110011100	3	2
3845	-4.9	1000000001011001	2	1
3846	-6.6	0000000110011010	3	2
3847	-6.6	0000000110100110	3	2
3850	-6.6	0000000110000000	3	2
3851	-8.3	0000000110000000	3	2
3860	-8.3	0000000111000000	3	2
3866	-8.3	0000000110100000	3	2
3868	-8.3	0000000111100000	3	2
3869	-8.3	0000000111100000	3	2
3907	-6.6	0000000110000100	3	2
3908	-6.6	0000000110000010	3	2
3909	-6.6	0000000110000110	3	2
3916	-8.3	0000000110000100	3	2
3917	-8.3	0000000110000010	3	2
3918	-8.3	0000000110000110	3	2
3932	-8.3	0000000110100100	3	2
3933	-8.3	0000000110100010	3	2
3934	-8.3	0000000111000010	3	2
3937	-8.3	0000000111100100	3	2
3941	-6.6	0000000111000110	3	2
3949	-8.3	0000000110100110	3	2
3951	-6.6	0000000101100110	3	2
3952	-8.3	0000000111100110	3	2
3953	-8.3	0000000111100110	3	2
3961	-6.6	1000000001000000	2	2
3965	-8.3	0000000111000000	3	2
3974	-8.3	0000000110100000	3	2
3984	-8.3	1000000000011000	3	2
4010	-8.3	0000000110000100	3	2
4011	-8.3	0000000110000010	3	2
4012	-8.3	0000000110000110	3	2
4036	-8.3	0000000111000100	3	2
4041	-8.3	1000000000100100	3	1
4043	-8.3	0000000110100010	3	2
4044	-8.3	0000000111000010	3	2
4045	-8.3	0000000110100100	3	2
4057	-8.3	1000000001000010	3	1
4058	-8.3	0000000110011100	3	2
4069	-8.3	0000000110011010	3	2
4072	-8.3	1000000001011010	3	1
4073	-8.3	0000000110100110	3	2
4074	-8.3	0000000111011010	3	2
4079	-8.3	1000000001100110	3	1
4082	-8.3	1000000001111110	3	1
4083	-4.6	0000010000100000	3	1
4085	-4.9	0000000110000000	3	2
4175	-4.9	0000000110000100	3	2
4176	-4.9	0000000110000010	3	2
4177	-4.9	0000000110000110	3	2
4313	-4.9	0000000110000001	2	2
4327	-4.9	0000000110000101	2	2
4328	-4.9	0000000110000011	2	2
4337	-6.6	0000000110000001	2	2
4393	-6.6	0000000110100101	2	2
4399	-6.6	0000000110011001	2	2
4402	-5.2	0000000110000000	3	2
4424	-4.9	0000000100100000	3	2
4428	-6.6	0000000110100000	3	2
4453	-4.9	0000000110000100	3	2
4454	-4.9	0000000110000010	3	2
4469	-4.9	0000000110000100	3	2
4470	-4.9	0000000110000010	3	2
4482	-4.9	0000000110000100	3	2
4483	-4.9	0000000110000010	3	2
4484	-4.9	0000000110000110	3	2
4495	-6.6	0000000110000001	2	2
4546	-6.6	0000000110100110	3	2
4551	-6.6	0000000110100101	2	2
4552	-6.6	0000000110100110	3	2
4557	-6.6	0000000110011001	2	2
4598	-4.6	001111	0	0
4776	-8.3	0000000111100000	3	2
4781	-6.6	0000000101100110	3	2
4782	-8.3	0000000111100110	3	2
4799	-6.6	0000000100100000	3	2
4800	-8.3	0000000110100000	3	2
4805	-8.3	0000000110100110	3	2
4806	-8.3	0000000110100110	3	2
4836	-4.6	0100000000000010	3	1
4837	-4.6	0100000000000010	3	1
5014	-4.6	0100000000000010	3	1
5015	-4.6	0100000000000010	3	1
5189	-4.6	0100000000000010	3	1
5351	-4.9	0100000000111001	2	1
5356	-8.3	0100000011111111	2	1
5362	-6.6	0100000000000101	4	1
5367	-6.6	0100000000100001	4	1
5368	-6.6	0100000001000001	4	1
5369	-6.6	0100000001100001	4	1
5399	-6.6	0100000001011001	4	1
5400	-6.6	0100000001100101	4	1
5403	-8	0100000000000010	4	1
5409	-6.6	0100000000000011	4	1
5410	-6.6	0100000000000011	4	1
5411	-8.3	0100000000000011	4	1
5422	-6.6	0100000000000101	4	1
5423	-6.6	0100000000000101	4	1
5431	-6.6	0100000000000111	4	1
5441	-4.9	0100000000011001	4	1
5442	-6.6	0100000000100001	4	1
5443	-6.6	0100000001000001	4	1
5444	-6.6	0100000000100001	4	1
5445	-6.6	0100000001000001	4	1
5446	-6.6	0100000001100001	4	1
5460	-8.3	0100000000100001	4	1
5461	-8.3	0100000001000001	4	1
5462	-8.3	0100000001100001	4	1
5497	-6.6	0100000000100011	4	1
5498	-8.3	0100000000100011	4	1
5507	-6.6	0100000000100101	4	1
5509	-8.3	0100000000100101	4	1
5517	-6.6	0100000001000101	4	1
5518	-6.6	0100000001000011	4	1
5523	-8.3	0100000001000101	4	1
5524	-8.3	0100000001000011	4	1
5526	-6.6	0100000001100011	4	1
5531	-8.3	0100000001100011	4	1
5535	-6.6	0100000001011001	4	1
5536	-6.6	0100000001011001	4	1
5537	-6.6	0100000001100101	4	1
5541	-6.6	0100000001011011	4	1
5543	-8.3	0100000001100101	4	1
5551	-6.6	0100000001100111	4	1
5553	-6.6	0100000001111001	4	1
5561	-6.6	0100000011100000	3	2
5567	-4.9	0100000001100110	3	1
5568	-6.6	0100000011100110	3	1
5575	-6.6	0000001000000101	4	2
5580	-6.6	0000001000100001	4	2
5581	-6.6	0000001001000001	4	2
5582	-6.6	0000001001100001	4	2
5612	-6.6	0000001001011001	4	2
5613	-6.6	0000001001100101	4	2
5616	-6.6	0100000000000010	3	1
5644	-8.3	0100000011100000	3	2
5652	-8.3	0100000000011000	3	2
5718	-8.3	0100000000100100	3	2
5737	-8.3	0100000001000010	3	1
5752	-8.3	0100000001011010	3	1
5761	-6.6	0100000001100110	3	1
5762	-8.3	0100000001100110	3	1
5764	-8.3	0100000011100110	3	1
5766	-8.3	0100000001111110	3	1
5776	-4.9	0000010000111001	2	1
5781	-8.3	0000010011111111	2	1
5789	-4.9	0000001000000011	2	2
5791	-6.6	0000001000000011	2	2
5808	-4.9	0000001000000101	2	2
5809	-6.6	0000001000000101	2	2
5812	-4.6	001111	0	0
5825	-4.6	001111	0	0
5827	-4.9	0000001000011001	2	2
5860	-4.9	0000001000100001	2	2
5861	-4.9	0000001001000001	2	1
5870	-6.6	0000001000100001	2	2
5871	-6.6	0000001001000001	2	2
5872	-6.6	0000001001100001	2	2
5877	-4.9	0000001010000101	2	1
5878	-4.9	0000001010000011	2	1
5887	-6.6	0000001010000001	2	1
5894	-6.6	0000001010000111	2	2
5900	-8.3	0000001010000001	2	2
5912	-4.9	0000001000100011	2	2
5928	-4.9	0000001000100101	2	2
5931	-6.6	0000001000100101	2	2
5938	-4.9	0000001001000101	2	1
5939	-4.9	0000001001000011	2	1
5950	-6.6	0000001001000101	2	2
5951	-6.6	0000001001000011	2	2
5959	-4.9	0000001000111001	2	1
5985	-6.6	0000001001100101	2	2
5988	-6.6	0000001010100101	2	1
5996	-6.6	0000001010011001	2	1
5998	-8.3	0000001011100111	2	2
5999	-8.3	0000001011111111	2	1
6000	-6.6	0000001001000000	3	2
6026	-8.3	0000001011100000	3	2
6034	-8.3	0000001000011000	3	2
6085	-6.6	0000010110000001	2	1
6100	-8.3	0000001000100100	3	2
6119	-8.3	0000001001000010	3	2
6134	-8.3	0000001001011010	3	2
6143	-6.6	0000001001100110	3	2
6144	-8.3	0000001001100110	3	2
6146	-8.3	0000001011100110	3	2
6147	-6.6	0000010110011001	2	1
6148	-8.3	0000001001111110	3	2
6150	-8	0000001001000000	4	2
6152	-6.6	0000001000000011	4	2
6153	-6.6	0000001000000011	4	2
6154	-8.3	0000001000000011	4	2
6165	-6.6	0000001000000101	4	2
6166	-6.6	0000001000000101	4	2
6174	-6.6	0000001000000111	4	2
6184	-4.9	0000001000011001	4	2
6185	-6.6	0000001000100001	4	2
6186	-6.6	0000001001000001	4	2
6187	-6.6	0000001000100001	4	2
6188	-6.6	0000001001000001	4	2
6189	-6.6	0000001001100001	4	2
6203	-8.3	0000001000100001	4	2
6204	-8.3	0000001001000001	4	2
6205	-8.3	0000001001100001	4	2
6234	-6.6	0000001110000001	2	1
6240	-6.6	0000001000100011	4	2
6241	-8.3	0000001000100011	4	2
6250	-6.6	0000001000100101	4	2
6252	-8.3	0000001000100101	4	2
6260	-6.6	0000001001000101	4	2
6261	-6.6	0000001001000011	4	2
6266	-8.3	0000001001000101	4	2
6267	-8.3	0000001001000011	4	2
6269	-6.6	0000001001100011	4	2
6274	-8.3	0000001001100011	4	2
6278	-6.6	0000001001011001	4	2
6279	-6.6	0000001001011001	4	2
6280	-6.6	0000001001100101	4	2
6284	-6.6	0000001001011011	4	2
6286	-8.3	0000001001100101	4	2
6294	-6.6	0000001001100111	4	2
6299	-4.6	0010000000000100	3	2
6310	-4.6	0010000000000100	3	2
6532	-6.6	1010000000011000	4	2
6557	-6.6	1010000001000010	4	1
6558	-6.6	1010000000100100	4	2
6561	-6.6	1010000001100110	4	1
6564	-4.9	1100000000000011	4	1
6567	-6.6	1100000000100000	4	1
6568	-6.6	1100000001100000	4	1
6571	-6.6	1100000000000100	4	2
6579	-6.6	1100000000000110	4	1
6585	-6.6	1100000000011000	4	2
6586	-6.6	1100000000011000	4	2
6601	-6.6	1100000000011010	4	1
6606	-6.6	1100000001011000	4	2
6613	-6.6	1100000000011100	4	2
6623	-6.6	1100000000111000	4	2
6640	-6.6	1100000000100010	4	1
6644	-6.6	1100000001000100	4	2
6648	-6.6	1100000001000010	4	1
6649	-6.6	1100000001000010	4	1
6650	-6.6	1100000001100010	4	1
6652	-6.6	1100000000100100	4	2
6653	-6.6	1100000000100100	4	2
6662	-6.6	1100000000100110	4	1
6666	-6.6	1100000001100100	4	2
6670	-6.6	1100000001000110	4	1
6673	-6.6	1100000000111010	4	1
6679	-6.6	1100000001011100	4	1
6681	-6.6	1100000001100110	4	1
6682	-6.6	1100000001011010	4	1
6683	-6.6	1100000001100110	4	1
6697	-4.9	1100000000000011	4	1
6700	-6.6	1100000000100000	4	1
6701	-6.6	1100000001100000	4	1
6702	-6.6	1100000011000000	4	2
6705	-6.6	1100000000000100	4	2
6716	-6.6	1100000000000110	4	1
6723	-6.6	1100000000011000	4	2
6724	-6.6	1100000000011000	4	2
6738	-6.6	1100000000011010	4	1
6745	-6.6	1100000001011000	4	2
6755	-6.6	1100000000011100	4	2
6760	-6.6	1100000000111000	4	2
6780	-6.6	1100000000100010	4	1
6783	-6.6	1100000001000100	4	2
6786	-6.6	1100000001000010	4	1
6787	-6.6	1100000001000010	4	1
6788	-6.6	1100000001100010	4	1
6789	-6.6	1100000000100100	4	2
6790	-6.6	1100000000100100	4	2
6800	-6.6	1100000000100110	4	1
6803	-6.6	1100000001100100	4	2
6809	-6.6	1100000001000110	4	1
6814	-6.6	1100000000111010	4	1
6817	-6.6	1100000001011100	4	1
6820	-6.6	1100000001011010	4	1
6821	-6.6	1100000001100110	4	1
6845	-6.6	0000010000000101	4	1
6850	-6.6	0000010000100001	4	1
6851	-6.6	0000010001000001	4	1
6852	-6.6	0000010001100001	4	1
6882	-6.6	0000010001011001	4	1
6883	-6.6	0000010001100101	4	1
6888	-6.6	0000011000000101	4	1
6895	-6.6	0000011000100001	4	1
6896	-6.6	0000011001000001	4	1
6913	-6.6	0000011001011001	4	1
6917	-8.3	1100000000100000	4	1
6918	-8.3	1100000001100000	4	1
6920	-8.3	1100000000000100	4	2
6925	-8.3	0000001110100000	3	2
6929	-8.3	1100000000000110	4	1
6933	-8.3	1100000000011000	4	2
6941	-8.3	1100000000011010	4	1
6945	-8.3	1100000001011000	4	2
6950	-8.3	0000001110000100	3	2
6951	-8.3	0000001110000010	3	2
6952	-8.3	0000001110000110	3	2
6956	-8.3	1100000000011100	4	2
6959	-8.3	1100000000111000	4	2
6981	-8.3	1100000000100010	4	1
6984	-8.3	1100000001000100	4	2
6986	-8.3	0000001111000100	3	2
6988	-8.3	1100000001000010	4	1
6989	-8.3	1100000001100010	4	1
6990	-8.3	1100000000100100	4	2
6994	-8.3	0000001110100100	3	2
6996	-8.3	0000001110100010	3	2
6997	-8.3	0000001111000010	3	2
7000	-8.3	1100000000100110	4	1
7003	-8.3	1100000001100100	4	2
7007	-8.3	1100000001000110	4	1
7011	-8.3	1100000000111010	4	1
7014	-8.3	1100000001011100	4	2
7015	-8.3	0000001111000110	3	2
7017	-8.3	1100000001011010	4	1
7018	-8.3	1100000001100110	4	1
7024	-8.3	0000001110100110	3	2
7037	-4.9	1100000001011001	2	1
7039	-8	0000010110100000	4	1
7040	-8.3	0000001111000000	3	2
7046	-8.3	0000001110100000	3	2
7055	-6.6	0000010110000001	4	1
7063	-6.6	0000010110000001	4	1
7070	-6.6	0000010110000101	4	1
7087	-6.6	0000001110000100	3	2
7088	-6.6	0000001110000010	3	2
7089	-6.6	0000001110000110	3	2
7096	-8.3	0000001110000100	3	2
7097	-8.3	0000001110000010	3	2
7098	-8.3	0000001110000110	3	2
7112	-8.3	0000001110100100	3	2
7113	-8.3	0000001110100010	3	2
7114	-8.3	0000001111000010	3	2
7127	-8.3	0000010110100101	4	1
7129	-8.3	0000001110100110	3	2
7143	-8.3	0000001110100000	3	2
7153	-8.3	1100000000011000	3	2
7179	-8.3	0000001110000100	3	2
7180	-8.3	0000001110000010	3	2
7181	-8.3	0000001110000110	3	2
7205	-8.3	0000001111000100	3	2
7210	-8.3	1100000000100100	3	2
7212	-8.3	0000001110100010	3	2
7213	-8.3	0000001111000010	3	2
7214	-8.3	0000001110100100	3	2
7226	-8.3	1100000001000010	3	1
7227	-8.3	0000001110011100	3	2
7238	-8.3	0000001110011010	3	2
7241	-8.3	1100000001011010	3	1
7242	-8.3	0000001110100110	3	2
7248	-8.3	1100000001100110	3	1
7251	-8.3	1100000001111110	3	1
7252	-8	0000010000100000	4	1
7261	-6.6	0000010000000101	4	1
7262	-6.6	0000010000000101	4	1
7270	-6.6	0000010000000111	4	1
7280	-4.9	0000010000011001	4	1
7281	-6.6	0000010000100001	4	1
7282	-6.6	0000010001000001	4	1
7283	-6.6	0000010000100001	4	1
7284	-6.6	0000010001000001	4	1
7285	-6.6	0000010001100001	4	1
7299	-8.3	0000010000100001	4	1
7300	-8.3	0000010001000001	4	1
7301	-8.3	0000010001100001	4	1
7336	-6.6	0000010000100011	4	1
7337	-8.3	0000010000100011	4	1
7346	-6.6	0000010000100101	4	1
7348	-8.3	0000010000100101	4	1
7356	-6.6	0000010001000101	4	1
7357	-6.6	0000010001000011	4	1
7362	-8.3	0000010001000101	4	1
7363	-8.3	0000010001000011	4	1
7365	-6.6	0000010001100011	4	1
7370	-8.3	0000010001100011	4	1
7374	-6.6	0000010001011001	4	1
7375	-6.6	0000010001011001	4	1
7376	-6.6	0000010001100101	4	1
7380	-6.6	0000010001011011	4	1
7382	-8.3	0000010001100101	4	1
7390	-6.6	0000010001100111	4	1
7392	-6.6	0000010001111001	4	1
7395	-8	0000011001100000	4	1
7403	-6.6	0000011000000101	4	1
7404	-6.6	0000011000000101	4	1
7412	-6.6	0000011000000111	4	1
7422	-4.9	0000011000011001	4	1
7423	-6.6	0000011000100001	4	1
7424	-6.6	0000011001000001	4	1
7425	-6.6	0000011000100001	4	1
7426	-6.6	0000011001000001	4	1
7427	-6.6	0000011001100001	4	1
7441	-8.3	0000011000100001	4	1
7442	-8.3	0000011001000001	4	1
7443	-8.3	0000011001100001	4	1
7472	-6.6	0000001110000001	2	2
7478	-6.6	0000011000100011	4	1
7479	-8.3	0000011000100011	4	1
7488	-6.6	0000011000100101	4	1
7490	-8.3	0000011000100101	4	1
7498	-6.6	0000011001000101	4	1
7499	-6.6	0000011001000011	4	1
7504	-8.3	0000011001000101	4	1
7505	-8.3	0000011001000011	4	1
7507	-6.6	0000011001100011	4	1
7512	-8.3	0000011001100011	4	1
7516	-6.6	0000011001011001	4	1
7517	-6.6	0000011001011001	4	1
7518	-6.6	0000011001100101	4	1
7522	-6.6	0000011001011011	4	1
7524	-8.3	0000011001100101	4	1
7532	-6.6	0000011001100111	4	1
7559	-6.6	0000001100000101	4	2
7567	-6.6	0000001100000111	4	2
7582	-6.6	0000001110000001	4	2
7583	-6.6	0000001100100001	4	2
7584	-6.6	0000001101000001	4	2
7594	-6.6	0000001110000001	4	1
7596	-6.6	0000001110000001	4	1
7602	-6.6	0000001110000101	4	2
7619	-6.6	0000001110000011	4	2
7634	-6.6	0000001110000101	4	1
7635	-6.6	0000001110000011	4	1
7642	-6.6	0000001110000111	4	2
7661	-6.6	0000001100100011	4	2
7677	-6.6	0000001100100101	4	2
7694	-6.6	0000001101000101	4	2
7695	-6.6	0000001101000011	4	2
7721	-8.3	0000001110100101	4	2
7736	-6.6	0000001100100000	3	2
7737	-8.3	0000001110100000	3	2
7742	-8.3	0000001110100110	3	2
7743	-8.3	0000001110100110	3	2
7747	-4.6	0010000000000100	3	2
7748	-4.6	0010000000000100	3	2
7909	-4.6	0010000000000100	3	2
8054	-4.9	0010000000111001	2	2
8059	-8.3	0010000011111111	2	2
8061	-6.6	0010000000000101	4	2
8066	-6.6	0010000000100001	4	1
8067	-6.6	0010000001000001	4	1
8068	-6.6	0010000001100001	4	1
8098	-6.6	0010000001011001	4	2
8099	-6.6	0010000001100101	4	2
8102	-8	0010000000000100	4	2
8106	-6.6	0010000000000101	4	2
8107	-6.6	0010000000000101	4	2
8115	-6.6	0010000000000111	4	2
8125	-4.9	0010000000011001	4	2
8126	-6.6	0010000000100001	4	1
8127	-6.6	0010000001000001	4	1
8128	-6.6	0010000000100001	4	1
8129	-6.6	0010000001000001	4	1
8130	-6.6	0010000001100001	4	1
8144	-8.3	0010000000100001	4	1
8145	-8.3	0010000001000001	4	1
8146	-8.3	0010000001100001	4	1
8181	-6.6	0010000000100011	4	2
8182	-8.3	0010000000100011	4	2
8191	-6.6	0010000000100101	4	2
8193	-8.3	0010000000100101	4	2
8201	-6.6	0010000001000101	4	2
8202	-6.6	0010000001000011	4	2
8207	-8.3	0010000001000101	4	2
8208	-8.3	0010000001000011	4	2
8210	-6.6	0010000001100011	4	2
8215	-8.3	0010000001100011	4	2
8219	-6.6	0010000001011001	4	2
8220	-6.6	0010000001011001	4	2
8221	-6.6	0010000001100101	4	2
8225	-6.6	0010000001011011	4	2
8227	-8.3	0010000001100101	4	2
8235	-6.6	0010000001100111	4	2
8237	-6.6	0010000001111001	4	2
8243	-6.6	0010000011100000	3	2
8249	-4.9	0010000001100110	3	2
8250	-6.6	0010000011100110	3	2
8252	-6.6	0010000000000100	3	2
8265	-8.3	0010000011100000	3	2
8273	-8.3	0010000000011000	3	2
8339	-8.3	0010000000100100	3	2
8358	-8.3	0010000001000010	3	2
8373	-8.3	0010000001011010	3	2
8382	-6.6	0010000001100110	3	2
8383	-8.3	0010000001100110	3	2
8385	-8.3	0010000011100110	3	2
8387	-8.3	0010000001111110	3	2
8398	-6.6	0000010010100000	3	2
8399	-4.6	001111	0	0
8404	-6.6	0000010011100000	3	1
8410	-4.9	0000010000011000	3	2
8411	-6.6	0000010000011000	3	2
8412	-4.6	001111	0	0
8418	-4.9	0000010010011000	3	1
8419	-6.6	0000010010011000	3	2
8471	-4.9	0000010010000100	3	1
8472	-4.9	0000010010000010	3	1
8473	-4.9	0000010010000110	3	1
8484	-6.6	0000010010000100	3	2
8485	-6.6	0000010010000010	3	2
8486	-6.6	0000010010000110	3	2
8504	-6.6	0000010011000100	3	2
8508	-4.9	0000010000100100	3	2
8509	-6.6	0000010000100100	3	2
8523	-6.6	0000010010100100	3	2
8531	-4.9	0000010001000010	3	2
8542	-6.6	0000010001000010	3	2
8543	-6.6	0000010010100010	3	2
8544	-6.6	0000010011000010	3	2
8548	-4.9	0000010010011100	3	1
8556	-4.9	0000010000111100	3	2
8559	-6.6	0000010011000110	3	2
8563	-4.9	0000010010011010	3	1
8566	-4.9	0000010001011010	3	2
8567	-6.6	0000010001011010	3	2
8578	-6.6	0000010010100110	3	2
8579	-4.9	0000010001100110	3	1
8580	-6.6	0000010001100110	3	2
8582	-6.6	0000010011100110	3	1
8584	-6.6	0000010001111110	3	2
8587	-6.6	0000010000100000	3	2
8598	-8.3	0000010011100000	3	2
8606	-8.3	0000010000011000	3	2
8672	-8.3	0000010000100100	3	2
8691	-8.3	0000010001000010	3	2
8706	-8.3	0000010001011010	3	2
8715	-6.6	0000010001100110	3	2
8716	-8.3	0000010001100110	3	2
8718	-8.3	0000010011100110	3	2
8720	-8.3	0000010001111110	3	2
8782	-4.9	1010000000000101	4	1
8783	-6.6	1010000000000110	4	1
8786	-6.6	1010000000000110	4	1
8791	-6.6	1010000000011000	4	2
8792	-6.6	1010000000011000	4	2
8810	-6.6	1010000000011010	4	2
8821	-6.6	1010000001011000	4	2
8823	-6.6	1010000000011100	4	2
8824	-6.6	1010000000011100	4	2
8825	-6.6	1010000000111000	4	2
8828	-6.6	1010000000111000	4	2
8844	-6.6	1010000000100010	4	1
8845	-6.6	1010000000100010	4	1
8846	-6.6	1010000001000100	4	2
8849	-6.6	1010000001000100	4	2
8852	-6.6	1010000001000010	4	1
8853	-6.6	1010000001100010	4	1
8854	-6.6	1010000001000010	4	1
8855	-6.6	1010000001100010	4	1
8856	-6.6	1010000000100100	4	2
8857	-6.6	1010000000100100	4	2
8863	-6.6	1010000001000110	4	1
8866	-6.6	1010000000100110	4	1
8867	-6.6	1010000000100110	4	1
8868	-6.6	1010000001100100	4	2
8871	-6.6	1010000001100100	4	2
8875	-6.6	1010000001000110	4	1
8879	-6.6	1010000000111010	4	1
8880	-6.6	1010000001011100	4	2
8882	-6.6	1010000001100110	4	1
8884	-6.6	1010000001011100	4	2
8886	-6.6	1010000001011010	4	1
8887	-6.6	1010000001100110	4	1
8901	-4.9	1010000000000101	4	1
8907	-6.6	1010000000000110	4	1
8914	-6.6	1010000000011000	4	2
8915	-6.6	1010000000011000	4	2
8929	-6.6	1010000000011010	4	2
8936	-6.6	1010000001011000	4	2
8946	-6.6	1010000000011100	4	2
8951	-6.6	1010000000111000	4	2
8971	-6.6	1010000000100010	4	1
8974	-6.6	1010000001000100	4	2
8977	-6.6	1010000001000010	4	1
8978	-6.6	1010000001000010	4	1
8979	-6.6	1010000001100010	4	1
8980	-6.6	1010000000100100	4	2
8981	-6.6	1010000000100100	4	2
8991	-6.6	1010000000100110	4	1
8994	-6.6	1010000001100100	4	2
9000	-6.6	1010000001000110	4	1
9005	-6.6	1010000000111010	4	1
9008	-6.6	1010000001011100	4	2
9011	-6.6	1010000001011010	4	1
9012	-6.6	1010000001100110	4	1
9036	-4.9	1010000000111001	2	1
9039	-8.3	0000010110100000	3	2
9041	-8.3	0000010110100000	3	2
9047	-8.3	0000010111100000	3	1
9048	-8.3	0000010111100000	3	1
9058	-6.6	0000010100011000	3	2
9059	-8.3	0000010100011000	3	2
9065	-6.6	0000010110011000	3	1
9066	-8.3	0000010110011000	3	2
9078	-6.6	0000010110000100	3	1
9079	-6.6	0000010110000010	3	1
9080	-6.6	0000010110000110	3	1
9093	-8.3	0000010110000100	3	2
9094	-8.3	0000010110000010	3	2
9095	-8.3	0000010110000110	3	2
9107	-6.6	0000010110000100	3	1
9108	-6.6	0000010110000010	3	1
9109	-6.6	0000010110000110	3	1
9118	-8.3	0000010110000100	3	2
9119	-8.3	0000010110000010	3	2
9120	-8.3	0000010110000110	3	2
9132	-6.6	0000010110000100	3	1
9133	-6.6	0000010110000010	3	1
9134	-6.6	0000010110000110	3	1
9145	-8.3	0000010110000100	3	2
9146	-8.3	0000010110000010	3	2
9147	-8.3	0000010110000110	3	2
9158	-8.3	0000010111000100	3	2
9164	-8.3	0000010111000100	3	2
9170	-6.6	0000010100100100	3	2
9171	-8.3	0000010100100100	3	2
9176	-8.3	0000010110100100	3	2
9179	-8.3	0000010110100100	3	2
9184	-8.3	0000010110100100	3	2
9188	-6.6	0000010101000010	3	2
9194	-8.3	0000010110100010	3	2
9195	-8.3	0000010111000010	3	2
9197	-8.3	0000010110100010	3	2
9198	-8.3	0000010111000010	3	2
9200	-8.3	0000010101000010	3	2
9201	-8.3	0000010110100010	3	2
9202	-8.3	0000010111000010	3	2
9205	-6.6	0000010110011100	3	1
9211	-8.3	0000010111000110	3	2
9216	-8.3	0000010111000110	3	2
9219	-6.6	0000010110011010	3	1
9224	-8.3	0000010101011010	3	2
9228	-8.3	0000010110100110	3	2
9229	-8.3	0000010110100110	3	2
9235	-8.3	0000010110100110	3	2
9236	-6.6	0000010101100110	3	1
9237	-8.3	0000010101100110	3	2
9238	-6.6	0000010110011110	3	1
9239	-8.3	0000010111100110	3	1
9240	-8.3	0000010111100110	3	1
9242	-8.3	0000010101111110	3	2
9251	-6.6	0110000000100001	4	1
9252	-6.6	0110000001000001	4	1
9269	-6.6	0110000001011001	4	2
9281	-8.3	1010000000011000	3	2
9307	-8.3	0000010110000100	3	2
9308	-8.3	0000010110000010	3	2
9309	-8.3	0000010110000110	3	2
9333	-8.3	0000010111000100	3	2
9338	-8.3	1010000000100100	3	2
9340	-8.3	0000010110100010	3	2
9341	-8.3	0000010111000010	3	2
9342	-8.3	0000010110100100	3	2
9354	-8.3	1010000001000010	3	1
9355	-8.3	0000010110011100	3	2
9366	-8.3	0000010110011010	3	2
9369	-8.3	1010000001011010	3	2
9370	-8.3	0000010110100110	3	2
9371	-8.3	0000010111011010	3	2
9376	-8.3	1010000001100110	3	1
9379	-8.3	1010000001111110	3	1
9380	-6.6	0000011001100000	3	1
9386	-8.3	0000011011100000	3	1
9394	-8.3	0000011000011000	3	1
9445	-6.6	0000010110000001	2	2
9460	-8.3	0000011000100100	3	1
9479	-8.3	0000011001000010	3	1
9494	-8.3	0000011001011010	3	1
9503	-6.6	0000011001100110	3	1
9504	-8.3	0000011001100110	3	1
9506	-8.3	0000011011100110	3	1
9507	-6.6	0000010110011001	2	2
9508	-8.3	0000011001111110	3	1
9514	-8.3	0000010110100110	3	2
9515	-8.3	0000010110100110	3	2
9835	-8	0110000000000110	4	2
9837	-6.6	0110000000000111	4	2
9847	-4.9	0110000000011001	4	2
9848	-6.6	0110000000100001	4	1
9849	-6.6	0110000001000001	4	1
9850	-6.6	0110000000100001	4	1
9851	-6.6	0110000001000001	4	1
9852	-6.6	0110000001100001	4	1
9866	-8.3	0110000000100001	4	1
9867	-8.3	0110000001000001	4	1
9868	-8.3	0110000001100001	4	1
9903	-6.6	0110000000100011	4	1
9904	-8.3	0110000000100011	4	1
9913	-6.6	0110000000100101	4	1
9915	-8.3	0110000000100101	4	1
9923	-6.6	0110000001000101	4	1
9924	-6.6	0110000001000011	4	1
9929	-8.3	0110000001000101	4	1
9930	-8.3	0110000001000011	4	1
9932	-6.6	0110000001100011	4	1
9937	-8.3	0110000001100011	4	1
9941	-6.6	0110000001011001	4	2
9942	-6.6	0110000001011001	4	2
9943	-6.6	0110000001100101	4	1
9947	-6.6	0110000001011011	4	2
9949	-8.3	0110000001100101	4	1
9957	-6.6	0110000001100111	4	2
9959	-6.6	0110000001111001	4	2
9962	-6.6	0110000000000110	3	2
9964	-8.3	0110000011100000	3	2
9972	-8.3	0110000000011000	3	2
10038	-8.3	0110000000100100	3	2
10057	-8.3	0110000001000010	3	1
10072	-8.3	0110000001011010	3	2
10081	-6.6	0110000001100110	3	2
10082	-8.3	0110000001100110	3	2
10084	-8.3	0110000011100110	3	2
10086	-8.3	0110000001111110	3	2
10093	-6.6	1110000000011000	4	2
10094	-6.6	1110000000011000	4	2
10109	-6.6	1110000000011010	4	2
10116	-6.6	1110000001011000	4	2
10126	-6.6	1110000000011100	4	2
10131	-6.6	1110000000111000	4	2
10151	-6.6	1110000000100010	4	1
10154	-6.6	1110000001000100	4	2
10157	-6.6	1110000001000010	4	1
10158	-6.6	1110000001000010	4	1
10159	-6.6	1110000001100010	4	1
10160	-6.6	1110000000100100	4	2
10161	-6.6	1110000000100100	4	2
10171	-6.6	1110000000100110	4	1
10174	-6.6	1110000001100100	4	2
10180	-6.6	1110000001000110	4	2
10185	-6.6	1110000000111010	4	2
10188	-6.6	1110000001011100	4	2
10191	-6.6	1110000001011010	4	2
10192	-6.6	1110000001100110	4	1
10220	-8.3	0000011110000100	3	2
10221	-8.3	0000011110000010	3	2
10222	-8.3	0000011110000110	3	2
10226	-8.3	0000011110000100	3	2
10227	-8.3	0000011110000010	3	2
10228	-8.3	0000011110000110	3	2
10237	-8.3	0000011110011100	3	2
10239	-8.3	0000011110011010	3	2
10240	-8.3	0000011110100110	3	2
10250	-6.6	0000011100011000	3	2
10251	-8.3	0000011100011000	3	2
10252	-8.3	0000011100011000	3	2
10269	-8.3	0000011100011010	3	2
10271	-8.3	0000011101011000	3	2
10277	-8.3	0000011110000100	3	2
10278	-8.3	0000011110000010	3	2
10279	-8.3	0000011110000110	3	2
10290	-8.3	0000011100011100	3	2
10291	-8.3	0000011100111000	3	2
10294	-8.3	0000011110000100	3	2
10295	-8.3	0000011110000010	3	2
10296	-8.3	0000011110000110	3	2
10317	-8.3	0000011110000100	3	2
10318	-8.3	0000011110000010	3	2
10319	-8.3	0000011110000110	3	2
10320	-8.3	0000011110000111	3	2
10331	-8.3	0000011100100010	3	2
10333	-8.3	0000011101000100	3	2
10347	-8.3	0000011100100100	3	2
10348	-8.3	0000011100100100	3	2
10352	-8.3	0000011101000010	3	2
10357	-8.3	0000011101000010	3	2
10358	-8.3	0000011101100010	3	2
10364	-8.3	0000011100100110	3	2
10366	-8.3	0000011101100100	3	2
10370	-8.3	0000011101000110	3	2
10376	-8.3	0000011110011100	3	2
10379	-8.3	0000011100111010	3	2
10380	-8.3	0000011101011100	3	2
10383	-8.3	0000011100111100	3	2
10388	-8.3	0000011110011010	3	2
10390	-8.3	0000011110011010	3	2
10391	-8.3	0000011101011010	3	2
10392	-8.3	0000011101011010	3	2
10394	-8.3	0000011110100110	3	2
10396	-8.3	0000011101011110	3	2
10397	-8.3	0000011101100110	3	2
10398	-8.3	0000011101111010	3	2
10399	-8.3	0000011110011110	3	2
10400	-8.3	0000011110100110	3	2
10414	-4.6	0001100000011000	3	2
10415	-4.6	0001100000011000	3	2
10455	-4.9	1000000110000100	4	1
10456	-4.9	1000000110000110	4	1
10559	-4.6	0001100000011000	3	2
10560	-4.6	0001100000011000	3	2
10611	-4.9	1000000110000100	4	1
10612	-4.9	1000000110000110	4	1
10701	-4.6	0001100000011000	3	2
10824	-4.9	0001100000111001	2	2
10829	-8.3	0001100011111111	2	2
10832	-6.6	0001100000100001	4	2
10833	-6.6	0001100001000001	4	2
10834	-6.6	0001100001100001	4	2
10864	-6.6	0001100001011001	4	2
10865	-6.6	0001100001100101	4	2
10868	-8	0001100000011000	4	2
10869	-8	0001100000011000	4	2
10872	-6.6	0001100001100001	4	2
10873	-6.6	0001100010000001	4	2
10874	-6.6	0001100000100001	4	2
10875	-6.6	0001100001000001	4	2
10876	-6.6	0001100001100001	4	2
10890	-6.6	0001100010000101	4	2
10941	-6.6	0001100001000101	4	2
10942	-6.6	0001100000100011	4	2
10955	-6.6	0001100000100101	4	2
10956	-6.6	0001100000100101	4	2
10970	-6.6	0001100001000101	4	2
10971	-6.6	0001100001000011	4	2
10975	-6.6	0001100001100011	4	2
10976	-6.6	0001100010100011	4	2
10977	-6.6	0001100001100011	4	2
10990	-6.6	0001100001011001	4	2
10991	-6.6	0001100010100101	4	2
10992	-6.6	0001100001100101	4	2
10996	-8.3	0001100010100101	4	2
11002	-6.6	0001100001100111	4	2
11004	-6.6	0001100001111001	4	2
11007	-8	0001100000011000	4	2
11011	-4.9	0001100000011001	4	2
11012	-6.6	0001100000100001	4	2
11013	-6.6	0001100001000001	4	2
11014	-6.6	0001100000100001	4	2
11015	-6.6	0001100001000001	4	2
11016	-6.6	0001100001100001	4	2
11030	-8.3	0001100000100001	4	2
11031	-8.3	0001100001000001	4	2
11032	-8.3	0001100001100001	4	2
11067	-6.6	0001100000100011	4	2
11068	-8.3	0001100000100011	4	2
11077	-6.6	0001100000100101	4	2
11079	-8.3	0001100000100101	4	2
11087	-6.6	0001100001000101	4	2
11088	-6.6	0001100001000011	4	2
11093	-8.3	0001100001000101	4	2
11094	-8.3	0001100001000011	4	2
11096	-6.6	0001100001100011	4	2
11101	-8.3	0001100001100011	4	2
11105	-6.6	0001100001011001	4	2
11106	-6.6	0001100001011001	4	2
11107	-6.6	0001100001100101	4	2
11111	-6.6	0001100001011011	4	2
11113	-8.3	0001100001100101	4	2
11121	-6.6	0001100001100111	4	2
11123	-6.6	0001100001111001	4	2
11131	-4.9	0001100001100110	3	2
11132	-6.6	0001100011100110	3	2
11134	-6.6	0001100000011000	3	2
11135	-6.6	0001100000011000	3	2
11136	-8.3	0001100000011000	3	2
11220	-8.3	0001100000100100	3	2
11241	-8.3	0001100001000010	3	2
11262	-8.3	0001100001011010	3	2
11269	-8.3	0001100001100110	3	2
11271	-8.3	0001100011100110	3	2
11273	-8.3	0001100001111110	3	2
11275	-6.6	0001100000011000	3	2
11276	-8.3	0001100000011000	3	2
11342	-8.3	0001100000100100	3	2
11361	-8.3	0001100001000010	3	2
11376	-8.3	0001100001011010	3	2
11385	-6.6	0001100001100110	3	2
11386	-8.3	0001100001100110	3	2
11388	-8.3	0001100011100110	3	2
11390	-8.3	0001100001111110	3	2
11396	-6.6	0001100010100110	3	2
11399	-8.3	0001100011111111	2	2
11400	-8.6	0001100000011000	3	2
11415	-8.3	0001100000011010	3	2
11417	-8.3	0001100001011000	3	2
11431	-8.3	0001100000011100	3	2
11432	-8.3	0001100000111000	3	2
11434	-8.3	0001100000100001	3	2
11435	-8.3	0001100001000001	3	2
11436	-8.3	0001100001100001	3	2
11454	-8.3	0001100000100010	3	2
11455	-8.3	0001100001000100	3	2
11464	-8.3	0001100000100100	3	2
11465	-8.3	0001100000100100	3	2
11468	-8.3	0001100001000010	3	2
11470	-8.3	0001100000100101	3	2
11471	-8.3	0001100001000010	3	2
11472	-8.3	0001100001100010	3	2
11474	-8.3	0001100000100110	3	2
11475	-8.3	0001100001100100	3	2
11479	-8.3	0001100001000110	3	2
11480	-8.3	0001100001000101	3	2
11481	-8.3	0001100001000011	3	2
11488	-8.3	0001100000111010	3	2
11489	-8.3	0001100001011100	3	2
11492	-8.3	0001100000111100	3	2
11498	-8.3	0001100001011010	3	2
11499	-8.3	0001100001011010	3	2
11502	-8.3	0001100010100110	3	2
11504	-8.3	0001100001100101	3	2
11505	-8.3	0001100001011110	3	2
11506	-8.3	0001100001100110	3	2
11507	-8.3	0001100001111010	3	2
11508	-8.3	0001100010100110	3	2
11535	-4.9	1001100000011010	4	2
11542	-4.9	1001100001011000	4	2
11554	-4.9	1001100000011100	4	2
11560	-4.9	1001100000111000	4	2
11583	-4.9	1001100000100010	4	1
11588	-4.9	1001100001000100	4	2
11596	-4.9	1001100001000010	4	1
11597	-4.9	1001100001100010	4	1
11599	-4.9	1001100000100100	4	2
11617	-4.9	1001100000100110	4	1
11623	-4.9	1001100001100100	4	2
11627	-4.9	1001100001000110	4	2
11631	-4.9	1001100000111010	4	2
11634	-4.9	1001100001011100	4	2
11638	-4.9	1001100001011010	4	2
11639	-4.9	1001100001100110	4	1
11657	-4.9	1000010000100001	4	1
11668	-6.6	1000010000011010	4	1
11679	-6.6	1000010001011000	4	1
11681	-6.6	1000010000011100	4	1
11682	-6.6	1000010000011100	4	1
11683	-6.6	1000010000111000	4	1
11686	-6.6	1000010000111000	4	1
11702	-6.6	1000010000100010	4	1
11703	-6.6	1000010000100010	4	1
11704	-6.6	1000010001000100	4	1
11707	-6.6	1000010001000100	4	1
11709	-6.6	1000010001000010	4	1
11710	-6.6	1000010001100010	4	1
11711	-6.6	1000010001000010	4	1
11712	-6.6	1000010001100010	4	1
11713	-6.6	1000010000100100	4	1
11714	-6.6	1000010000100100	4	1
11720	-6.6	1000010001000110	4	1
11723	-6.6	1000010000100110	4	1
11724	-6.6	1000010000100110	4	1
11725	-6.6	1000010001100100	4	1
11728	-6.6	1000010001100100	4	1
11732	-6.6	1000010001000110	4	1
11736	-6.6	1000010000111010	4	1
11737	-6.6	1000010001011100	4	1
11739	-6.6	1000010001100110	4	1
11741	-6.6	1000010001011100	4	1
11743	-6.6	1000010001011010	4	1
11744	-6.6	1000010001100110	4	1
11759	-4.9	1000001001000001	4	1
11769	-6.6	1000001000011010	4	1
11780	-6.6	1000001001011000	4	1
11782	-6.6	1000001000011100	4	1
11783	-6.6	1000001000011100	4	1
11784	-6.6	1000001000111000	4	1
11787	-6.6	1000001000111000	4	1
11802	-6.6	0001100110000001	2	2
11803	-6.6	1000001000100010	4	1
11804	-6.6	1000001000100010	4	1
11805	-6.6	1000001001000100	4	1
11808	-6.6	1000001001000100	4	1
11810	-6.6	1000001001000010	4	1
11811	-6.6	1000001001100010	4	1
11812	-6.6	1000001001000010	4	1
11813	-6.6	1000001001100010	4	1
11814	-6.6	1000001000100100	4	1
11815	-6.6	1000001000100100	4	1
11821	-6.6	1000001001000110	4	1
11824	-6.6	1000001000100110	4	1
11825	-6.6	1000001000100110	4	1
11826	-6.6	1000001001100100	4	1
11829	-6.6	1000001001100100	4	1
11833	-6.6	1000001001000110	4	1
11837	-6.6	1000001000111010	4	1
11838	-6.6	1000001001011100	4	1
11840	-6.6	1000001001100110	4	1
11842	-6.6	1000001001011100	4	1
11844	-6.6	1000001001011010	4	1
11845	-6.6	1000001001100110	4	1
11854	-6.6	0001100110100101	2	2
11857	-6.6	0001100110011001	2	2
11868	-6.6	1000011000011100	4	1
11869	-6.6	1000011000111000	4	1
11870	-6.6	1000011000100010	4	1
11871	-6.6	1000011001000100	4	1
11872	-6.6	1000011001000010	4	1
11873	-6.6	1000011000100100	4	1
11876	-6.6	1000011001011100	4	1
11893	-6.6	1000011001000010	4	1
11895	-6.6	1000011000100100	4	1
11899	-4.9	1000000110000001	4	1
11918	-6.6	1000000110000100	4	1
11919	-6.6	1000000110000110	4	1
11946	-6.6	1000000101000010	4	1
11947	-6.6	1000000110100010	4	1
11948	-6.6	1000000100100100	4	1
11952	-6.6	1000000110100100	4	1
11965	-6.6	1000000101100110	4	1
11979	-4.9	1000010000100001	4	1
11986	-6.6	1000010000011010	4	1
11993	-6.6	1000010001011000	4	1
12003	-6.6	1000010000011100	4	1
12008	-6.6	1000010000111000	4	1
12028	-6.6	1000010000100010	4	1
12031	-6.6	1000010001000100	4	1
12034	-6.6	1000010001000010	4	1
12035	-6.6	1000010001000010	4	1
12036	-6.6	1000010001100010	4	1
12037	-6.6	1000010000100100	4	1
12038	-6.6	1000010000100100	4	1
12048	-6.6	1000010000100110	4	1
12051	-6.6	1000010001100100	4	1
12057	-6.6	1000010001000110	4	1
12062	-6.6	1000010000111010	4	1
12065	-6.6	1000010001011100	4	1
12068	-6.6	1000010001011010	4	1
12069	-6.6	1000010001100110	4	1
12091	-4.9	1000001001000001	4	1
12097	-6.6	1000001000011010	4	1
12104	-6.6	1000001001011000	4	1
12114	-6.6	1000001000011100	4	1
12119	-6.6	1000001000111000	4	1
12137	-6.6	0001100110000001	2	2
12139	-6.6	1000001000100010	4	1
12142	-6.6	1000001001000100	4	1
12145	-6.6	1000001001000010	4	1
12146	-6.6	1000001001000010	4	1
12147	-6.6	1000001001100010	4	1
12148	-6.6	1000001000100100	4	1
12149	-6.6	1000001000100100	4	1
12159	-6.6	1000001000100110	4	1
12162	-6.6	1000001001100100	4	1
12168	-6.6	1000001001000110	4	1
12173	-6.6	1000001000111010	4	1
12176	-6.6	1000001001011100	4	1
12179	-6.6	1000001001011010	4	1
12180	-6.6	1000001001100110	4	1
12193	-6.6	0001100110100101	2	2
12199	-6.6	0001100110011001	2	2
12202	-5.2	0001100110011000	3	2
12207	-6.6	1000011000011010	4	1
12214	-6.6	1000011001011000	4	1
12224	-6.6	1000011000011100	4	1
12229	-6.6	1000011000111000	4	1
12247	-6.6	0001100110000001	2	2
12249	-6.6	1000011000100010	4	1
12252	-6.6	1000011001000100	4	1
12255	-6.6	1000011001000010	4	1
12256	-6.6	1000011001000010	4	1
12257	-6.6	1000011001100010	4	1
12258	-6.6	1000011000100100	4	1
12259	-6.6	1000011000100100	4	1
12269	-6.6	1000011000100110	4	1
12272	-6.6	1000011001100100	4	1
12278	-6.6	1000011001000110	4	1
12283	-6.6	1000011000111010	4	1
12286	-6.6	1000011001011100	4	1
12289	-6.6	1000011001011010	4	1
12290	-6.6	1000011001100110	4	1
12298	-6.6	0001100110100110	3	2
12303	-6.6	0001100110100101	2	2
12304	-6.6	0001100110100110	3	2
12309	-6.6	0001100110011001	2	2
12314	-8.3	0001100110100110	3	2
12315	-8.3	0001100110100110	3	2
12346	-4.9	1010000110000100	4	2
12347	-4.9	1010000110000110	4	1
12589	-4.6	0100010000100010	3	1
12600	-4.9	0010000110000100	3	2
12601	-4.9	0010000110000010	3	2
12602	-4.9	0010000110000110	3	2
12629	-4.6	0100010000100010	3	1
12639	-4.9	0010000110000100	3	2
12640	-4.9	0010000110000010	3	2
12641	-4.9	0010000110000110	3	2
12717	-4.6	0010010000100100	3	2
12727	-4.9	0100000110000100	3	2
12728	-4.9	0100000110000010	3	1
12729	-4.9	0100000110000110	3	1
12757	-4.6	0010010000100100	3	2
12766	-4.9	0100000110000100	3	2
12767	-4.9	0100000110000010	3	1
12768	-4.9	0100000110000110	3	1
12880	-4.9	0101100000111001	2	2
12890	-4.9	1000000110000100	2	1
12891	-4.9	1000000110000010	2	1
12892	-4.9	1000000110000110	2	1
12893	-4.9	1000000110000001	2	1
12901	-4.9	1000000110000001	2	1
12933	-4.9	1100000110000100	2	2
12934	-4.9	1100000110000010	2	1
12935	-4.9	1100000110000110	2	1
12936	-4.9	1100000110000001	2	1
12946	-8	0101100000011010	4	2
12955	-8.3	0101100000100001	4	1
12956	-8.3	0101100001000001	4	1
12957	-8.3	0101100001100001	4	1
12992	-6.6	0101100000100011	4	1
12993	-8.3	0101100000100011	4	1
13002	-6.6	0101100000100101	4	2
13004	-8.3	0101100000100101	4	2
13012	-6.6	0101100001000101	4	2
13013	-6.6	0101100001000011	4	1
13018	-8.3	0101100001000101	4	2
13019	-8.3	0101100001000011	4	1
13021	-6.6	0101100001100011	4	1
13026	-8.3	0101100001100011	4	1
13030	-6.6	0101100001011001	4	2
13031	-6.6	0101100001011001	4	2
13032	-6.6	0101100001100101	4	2
13036	-6.6	0101100001011011	4	2
13038	-8.3	0101100001100101	4	2
13046	-6.6	0101100001100111	4	2
13048	-6.6	0101100001111001	4	2
13088	-4.9	0010000110000101	2	2
13089	-4.9	0010000110000011	2	2
13098	-6.6	0010000110000001	2	1
13165	-6.6	0010000110100101	2	2
13170	-6.6	0010000110011001	2	2
13209	-4.9	0100000110000101	2	1
13210	-4.9	0100000110000011	2	1
13219	-6.6	0100000110000001	2	1
13286	-6.6	0100000110100101	2	1
13291	-6.6	0100000110011001	2	1
13335	-4.9	0101100001100110	3	2
13336	-4.9	1000000110000001	2	1
13341	-4.9	1000000110000001	2	1
13351	-6.6	1000000110000100	4	1
13352	-6.6	1000000110000110	4	1
13370	-4.9	1000000110000101	2	1
13371	-4.9	1000000110000011	2	1
13380	-6.6	1000000110000001	2	1
13393	-6.6	1000000110100010	4	1
13405	-6.6	1000000110100100	4	1
13447	-6.6	1000000110100101	2	1
13452	-6.6	1000000110011001	2	1
13470	-6.6	0101100000011010	3	2
13521	-8.3	0101100000100100	3	2
13540	-8.3	0101100001000010	3	1
13555	-8.3	0101100001011010	3	2
13564	-6.6	0101100001100110	3	2
13565	-8.3	0101100001100110	3	2
13567	-8.3	0101100011100110	3	2
13569	-8.3	0101100001111110	3	2
13575	-6.6	0010000110000100	3	2
13576	-6.6	0010000110000010	3	2
13577	-6.6	0010000110000110	3	2
13592	-6.6	0010000111000100	3	2
13598	-6.6	0010000110100100	3	2
13600	-6.6	0010000110100010	3	2
13601	-6.6	0010000111000010	3	2
13602	-4.9	1000010000111001	2	1
13605	-6.6	0010000111000110	3	2
13609	-6.6	0010000110100110	3	2
13616	-6.6	0100000110000100	3	2
13617	-6.6	0100000110000010	3	1
13618	-6.6	0100000110000110	3	1
13633	-6.6	0100000111000100	3	2
13639	-6.6	0100000110100100	3	2
13641	-6.6	0100000110100010	3	1
13642	-6.6	0100000111000010	3	1
13646	-6.6	0100000111000110	3	1
13650	-6.6	0100000110100110	3	1
13657	-6.6	0110000110000100	3	2
13658	-6.6	0110000110000010	3	1
13659	-6.6	0110000110000110	3	2
13674	-6.6	0110000111000100	3	2
13680	-6.6	0110000110100100	3	2
13682	-6.6	0110000110100010	3	1
13683	-6.6	0110000111000010	3	1
13686	-6.6	0110000111000110	3	2
13690	-6.6	0110000110100110	3	2
13692	-4.9	1000000110000001	2	1
13703	-4.9	1000000110000001	2	1
13717	-4.9	1000000110000101	2	1
13718	-4.9	1000000110000011	2	1
13727	-6.6	1000000110000001	2	1
13783	-6.6	1000000110100101	2	1
13789	-6.6	1000000110011001	2	1
13792	-6.6	0001101001011000	3	2
13826	-6.6	1000010110000001	2	1
13841	-8.3	0001101000100100	3	2
13860	-8.3	0001101001000010	3	2
13875	-8.3	0001101001011010	3	2
13884	-6.6	0001101001100110	3	2
13885	-8.3	0001101001100110	3	2
13887	-8.3	0001101011100110	3	2
13888	-6.6	1000010110011001	2	1
13889	-8.3	0001101001111110	3	2
13891	-8	0001101001011000	4	2
13893	-8.3	0001101000100001	4	2
13894	-8.3	0001101001000001	4	2
13895	-8.3	0001101001100001	4	2
13924	-6.6	1000001110000001	2	1
13930	-6.6	0001101000100011	4	2
13931	-8.3	0001101000100011	4	2
13940	-6.6	0001101000100101	4	2
13942	-8.3	0001101000100101	4	2
13950	-6.6	0001101001000101	4	2
13951	-6.6	0001101001000011	4	2
13956	-8.3	0001101001000101	4	2
13957	-8.3	0001101001000011	4	2
13959	-6.6	0001101001100011	4	2
13964	-8.3	0001101001100011	4	2
13968	-6.6	0001101001011001	4	2
13969	-6.6	0001101001011001	4	2
13970	-6.6	0001101001100101	4	2
13974	-6.6	0001101001011011	4	2
13976	-8.3	0001101001100101	4	2
13984	-6.6	0001101001100111	4	2
14276	-4.9	1010000110000101	4	1
14280	-6.6	1010000110000100	4	2
14281	-6.6	1010000110000110	4	1
14308	-6.6	1010000101000010	4	1
14309	-6.6	1010000110100010	4	1
14310	-6.6	1010000100100100	4	2
14314	-6.6	1010000110100100	4	2
14327	-6.6	1010000101100110	4	1
14341	-6.6	0010000110000100	3	2
14346	-8.3	0010000110000100	3	2
14347	-8.3	0010000110000010	3	2
14348	-8.3	0010000110000110	3	2
14371	-8.3	0010000111000100	3	2
14379	-8.3	0010000110100100	3	2
14385	-8.3	0010000110100010	3	2
14386	-8.3	0010000111000010	3	2
14387	-8.3	0010000111100010	3	2
14390	-8.3	0010000111000110	3	2
14394	-6.6	0010000110100110	3	2
14398	-8.3	0010000110100110	3	2
14401	-6.6	0010000101100110	3	2
14402	-8.3	0010000111100110	3	2
14403	-8.3	0010000111100110	3	2
14405	-6.6	0100000110000010	3	1
14409	-8.3	0100000110000100	3	2
14410	-8.3	0100000110000010	3	1
14411	-8.3	0100000110000110	3	1
14434	-8.3	0100000111000100	3	2
14442	-8.3	0100000110100100	3	2
14448	-8.3	0100000110100010	3	1
14449	-8.3	0100000111000010	3	1
14450	-8.3	0100000111100010	3	1
14453	-8.3	0100000111000110	3	1
14457	-6.6	0100000110100110	3	1
14461	-8.3	0100000110100110	3	1
14464	-6.6	0100000101100110	3	1
14465	-8.3	0100000111100110	3	1
14466	-8.3	0100000111100110	3	1
14468	-6.6	0110000110000110	3	2
14471	-8.3	0110000110000100	3	2
14472	-8.3	0110000110000010	3	1
14473	-8.3	0110000110000110	3	2
14496	-8.3	0110000111000100	3	2
14504	-8.3	0110000110100100	3	2
14510	-8.3	0110000110100010	3	1
14511	-8.3	0110000111000010	3	1
14512	-8.3	0110000111100010	3	1
14515	-8.3	0110000111000110	3	2
14519	-6.6	0110000110100110	3	2
14523	-8.3	0110000110100110	3	2
14527	-8.3	0110000111100110	3	2
14528	-8.3	0110000111100110	3	2
14530	-8	0010000110000100	4	2
14574	-6.6	0010000110100011	4	2
14578	-6.6	0010000110100101	4	2
14579	-6.6	0010000110100101	4	2
14581	-6.6	0010000110100111	4	2
14583	-8.3	0010000110100101	4	2
14591	-8	0110000110000110	4	2
14634	-6.6	0110000110100011	4	1
14638	-6.6	0110000110100101	4	1
14639	-6.6	0110000110100101	4	1
14641	-6.6	0110000110100111	4	2
14643	-8.3	0110000110100101	4	1
14652	-8.3	1000010000011100	4	1
14655	-8.3	1000010000111000	4	1
14677	-8.3	1000010000100010	4	1
14680	-8.3	1000010001000100	4	1
14682	-8.3	0010000111000100	3	2
14684	-8.3	1000010001000010	4	1
14685	-8.3	1000010001100010	4	1
14686	-8.3	1000010000100100	4	1
14690	-8.3	0010000110100100	3	2
14692	-8.3	0010000110100010	3	2
14693	-8.3	0010000111000010	3	2
14696	-8.3	1000010000100110	4	1
14699	-8.3	1000010001100100	4	1
14703	-8.3	1000010001000110	4	1
14707	-8.3	1000010000111010	4	1
14710	-8.3	1000010001011100	4	1
14711	-8.3	0010000111000110	3	2
14713	-8.3	1000010001011010	4	1
14714	-8.3	1000010001100110	4	1
14720	-8.3	0010000110100110	3	2
14731	-8.3	1000001000011100	4	1
14734	-8.3	1000001000111000	4	1
14756	-8.3	1000001000100010	4	1
14759	-8.3	1000001001000100	4	1
14761	-8.3	0100000111000100	3	2
14763	-8.3	1000001001000010	4	1
14764	-8.3	1000001001100010	4	1
14765	-8.3	1000001000100100	4	1
14769	-8.3	0100000110100100	3	2
14771	-8.3	0100000110100010	3	1
14772	-8.3	0100000111000010	3	1
14775	-8.3	1000001000100110	4	1
14778	-8.3	1000001001100100	4	1
14782	-8.3	1000001001000110	4	1
14786	-8.3	1000001000111010	4	1
14789	-8.3	1000001001011100	4	1
14790	-8.3	0100000111000110	3	1
14792	-8.3	1000001001011010	4	1
14793	-8.3	1000001001100110	4	1
14799	-8.3	0100000110100110	3	1
14810	-8.3	1000011000011100	4	1
14813	-8.3	1000011000111000	4	1
14835	-8.3	1000011000100010	4	1
14838	-8.3	1000011001000100	4	1
14840	-8.3	0110000111000100	3	2
14842	-8.3	1000011001000010	4	1
14843	-8.3	1000011001100010	4	1
14844	-8.3	1000011000100100	4	1
14848	-8.3	0110000110100100	3	2
14850	-8.3	0110000110100010	3	1
14851	-8.3	0110000111000010	3	1
14854	-8.3	1000011000100110	4	1
14857	-8.3	1000011001100100	4	1
14861	-8.3	1000011001000110	4	1
14865	-8.3	1000011000111010	4	1
14868	-8.3	1000011001011100	4	1
14869	-8.3	0110000111000110	3	2
14871	-8.3	1000011001011010	4	1
14872	-8.3	1000011001100110	4	1
14878	-8.3	0110000110100110	3	2
14909	-4.9	1100000110000100	4	2
14910	-4.9	1100000110000110	4	1
15091	-4.6	0100010000100010	3	1
15101	-4.9	0010000110000100	3	2
15102	-4.9	0010000110000010	3	2
15103	-4.9	0010000110000110	3	2
15113	-4.6	0100010000100010	3	1
15123	-4.9	0010000110000100	3	2
15124	-4.9	0010000110000010	3	2
15125	-4.9	0010000110000110	3	2
15200	-4.6	0010010000100100	3	2
15209	-4.9	0100000110000100	3	2
15210	-4.9	0100000110000010	3	1
15211	-4.9	0100000110000110	3	1
15222	-4.6	0010010000100100	3	2
15231	-4.9	0100000110000100	3	2
15232	-4.9	0100000110000010	3	1
15233	-4.9	0100000110000110	3	1
15343	-4.9	1000000110000100	2	1
15344	-4.9	1000000110000010	2	1
15345	-4.9	1000000110000110	2	1
15346	-4.9	1000000110000101	2	1
15365	-4.9	1000000110000100	2	1
15366	-4.9	1000000110000010	2	1
15367	-4.9	1000000110000110	2	1
15368	-4.9	1000000110000101	2	1
15369	-4.9	1000000110000011	2	1
15449	-6.6	0011100001011001	4	2
15450	-6.6	0011100001100101	4	2
15453	-8	0011100000011100	4	2
15482	-6.6	0011100000100011	4	2
15483	-8.3	0011100000100011	4	2
15492	-6.6	0011100000100101	4	2
15494	-8.3	0011100000100101	4	2
15502	-6.6	0011100001000101	4	2
15503	-6.6	0011100001000011	4	2
15508	-8.3	0011100001000101	4	2
15509	-8.3	0011100001000011	4	2
15511	-6.6	0011100001100011	4	2
15516	-8.3	0011100001100011	4	2
15520	-6.6	0011100001011001	4	2
15521	-6.6	0011100001011001	4	2
15522	-6.6	0011100001100101	4	2
15526	-6.6	0011100001011011	4	2
15528	-8.3	0011100001100101	4	2
15536	-6.6	0011100001100111	4	2
15538	-6.6	0011100001111001	4	2
15561	-4.9	0010000110000101	2	2
15562	-4.9	0010000110000011	2	2
15571	-6.6	0010000110000001	2	1
15637	-6.6	0010000110100101	2	2
15642	-6.6	0010000110011001	2	2
15664	-4.9	0100000110000101	2	1
15665	-4.9	0100000110000011	2	1
15674	-6.6	0100000110000001	2	1
15740	-6.6	0100000110100101	2	1
15745	-6.6	0100000110011001	2	1
15777	-4.9	0011100001100110	3	2
15787	-6.6	0001110001011001	4	2
15788	-6.6	0001110001100101	4	2
15791	-6.6	0011100000011100	3	2
15826	-8.3	0011100000100100	3	2
15845	-8.3	0011100001000010	3	1
15860	-8.3	0011100001011010	3	2
15869	-6.6	0011100001100110	3	2
15870	-8.3	0011100001100110	3	2
15872	-8.3	0011100011100110	3	2
15874	-8.3	0011100001111110	3	2
15877	-6.6	0010000110000100	3	2
15878	-6.6	0010000110000010	3	2
15879	-6.6	0010000110000110	3	2
15888	-6.6	0010000111000100	3	2
15892	-6.6	0010000110100010	3	2
15893	-6.6	0010000111000010	3	2
15894	-6.6	0010000110100100	3	2
15896	-6.6	0010000110011100	3	2
15900	-4.9	1000010001011001	2	1
15901	-6.6	0010000110011010	3	2
15902	-6.6	0010000110100110	3	2
15906	-6.6	0100000110000100	3	2
15907	-6.6	0100000110000010	3	1
15908	-6.6	0100000110000110	3	1
15917	-6.6	0100000111000100	3	2
15921	-6.6	0100000110100010	3	1
15922	-6.6	0100000111000010	3	1
15923	-6.6	0100000110100100	3	2
15925	-6.6	0100000110011100	3	1
15930	-6.6	0100000110011010	3	1
15931	-6.6	0100000110100110	3	1
15935	-6.6	0110000110000100	3	2
15936	-6.6	0110000110000010	3	1
15937	-6.6	0110000110000110	3	2
15946	-6.6	0110000111000100	3	2
15950	-6.6	0110000110100010	3	1
15951	-6.6	0110000111000010	3	1
15952	-6.6	0110000110100100	3	2
15954	-6.6	0110000110011100	3	2
15958	-6.6	0110000110011010	3	2
15959	-6.6	0110000110100110	3	2
15961	-6.6	0001110000111000	3	2
15995	-8.3	0001110000100100	3	2
16014	-8.3	0001110001000010	3	2
16029	-8.3	0001110001011010	3	2
16038	-6.6	0001110001100110	3	2
16039	-8.3	0001110001100110	3	2
16041	-8.3	0001110011100110	3	2
16043	-8.3	0001110001111110	3	2
16045	-8	0001110000111000	4	2
16069	-6.6	0001110000100011	4	2
16070	-8.3	0001110000100011	4	2
16079	-6.6	0001110000100101	4	2
16081	-8.3	0001110000100101	4	2
16089	-6.6	0001110001000101	4	2
16090	-6.6	0001110001000011	4	2
16095	-8.3	0001110001000101	4	2
16096	-8.3	0001110001000011	4	2
16098	-6.6	0001110001100011	4	2
16103	-8.3	0001110001100011	4	2
16107	-6.6	0001110001011001	4	2
16108	-6.6	0001110001011001	4	2
16109	-6.6	0001110001100101	4	2
16113	-6.6	0001110001011011	4	2
16115	-8.3	0001110001100101	4	2
16123	-6.6	0001110001100111	4	2
16125	-6.6	0001110001111001	4	2
16128	-4.9	1100000110000011	4	1
16132	-6.6	1100000110000100	4	2
16133	-6.6	1100000110000110	4	1
16138	-6.6	1100000110100010	4	1
16149	-6.6	1100000110100100	4	2
16157	-6.6	1100000110100110	4	1
16173	-6.6	0010000110000100	3	2
16178	-8.3	0010000110000100	3	2
16179	-8.3	0010000110000010	3	2
16180	-8.3	0010000110000110	3	2
16194	-8.3	0010000110100100	3	2
16195	-8.3	0010000110100010	3	2
16196	-8.3	0010000111000010	3	2
16199	-8.3	0010000111100100	3	2
16203	-6.6	0010000111000110	3	2
16211	-8.3	0010000110100110	3	2
16213	-6.6	0010000101100110	3	2
16214	-8.3	0010000111100110	3	2
16215	-8.3	0010000111100110	3	2
16217	-6.6	0100000110000010	3	1
16221	-8.3	0100000110000100	3	2
16222	-8.3	0100000110000010	3	1
16223	-8.3	0100000110000110	3	1
16237	-8.3	0100000110100100	3	2
16238	-8.3	0100000110100010	3	1
16239	-8.3	0100000111000010	3	1
16242	-8.3	0100000111100100	3	1
16246	-6.6	0100000111000110	3	1
16254	-8.3	0100000110100110	3	1
16256	-6.6	0100000101100110	3	1
16257	-8.3	0100000111100110	3	1
16258	-8.3	0100000111100110	3	1
16260	-6.6	0110000110000110	3	2
16263	-8.3	0110000110000100	3	2
16264	-8.3	0110000110000010	3	1
16265	-8.3	0110000110000110	3	2
16279	-8.3	0110000110100100	3	2
16280	-8.3	0110000110100010	3	1
16281	-8.3	0110000111000010	3	1
16284	-8.3	0110000111100100	3	2
16288	-6.6	0110000111000110	3	2
16296	-8.3	0110000110100110	3	2
16299	-8.3	0110000111100110	3	2
16300	-8.3	0110000111100110	3	2
16302	-8	0010000110000100	4	2
16343	-8	0110000110000110	4	2
16404	-8.3	0010000111000100	3	2
16409	-8.3	1000010000100100	3	1
16411	-8.3	0010000110100010	3	2
16412	-8.3	0010000111000010	3	2
16413	-8.3	0010000110100100	3	2
16425	-8.3	1000010001000010	3	1
16426	-8.3	0010000110011100	3	2
16437	-8.3	0010000110011010	3	2
16440	-8.3	1000010001011010	3	1
16441	-8.3	0010000110100110	3	2
16442	-8.3	0010000111011010	3	2
16447	-8.3	1000010001100110	3	1
16450	-8.3	1000010001111110	3	1
16472	-8.3	0100000111000100	3	2
16477	-8.3	1000001000100100	3	1
16479	-8.3	0100000110100010	3	1
16480	-8.3	0100000111000010	3	1
16481	-8.3	0100000110100100	3	2
16493	-8.3	1000001001000010	3	1
16494	-8.3	0100000110011100	3	1
16505	-8.3	0100000110011010	3	1
16508	-8.3	1000001001011010	3	1
16509	-8.3	0100000110100110	3	1
16510	-8.3	0100000111011010	3	1
16515	-8.3	1000001001100110	3	1
16518	-8.3	1000001001111110	3	1
16540	-8.3	0110000111000100	3	2
16545	-8.3	1000011000100100	3	1
16547	-8.3	0110000110100010	3	1
16548	-8.3	0110000111000010	3	1
16549	-8.3	0110000110100100	3	2
16561	-8.3	1000011001000010	3	1
16562	-8.3	0110000110011100	3	2
16573	-8.3	0110000110011010	3	2
16576	-8.3	1000011001011010	3	1
16577	-8.3	0110000110100110	3	2
16578	-8.3	0110000111011010	3	2
16583	-8.3	1000011001100110	3	1
16586	-8.3	1000011001111110	3	1
16666	-4.6	0100010000100010	3	1
16676	-4.9	0010000110000100	3	2
16677	-4.9	0010000110000010	3	2
16678	-4.9	0010000110000110	3	2
16744	-4.6	0010010000100100	3	2
16753	-4.9	0100000110000100	3	2
16754	-4.9	0100000110000010	3	1
16755	-4.9	0100000110000110	3	1
16829	-4.9	0110000110000100	3	2
16830	-4.9	0110000110000010	3	1
16831	-4.9	0110000110000110	3	2
16899	-4.9	1010000110000100	2	2
16900	-4.9	1010000110000010	2	1
16901	-4.9	1010000110000110	2	1
16902	-4.9	1010000110000101	2	1
16903	-4.9	1010000110000011	2	1
16973	-4.9	1100000110000100	2	2
16974	-4.9	1100000110000010	2	1
16975	-4.9	1100000110000110	2	1
16976	-4.9	1100000110000101	2	1
16977	-4.9	1100000110000011	2	1
17054	-6.6	0010000110000001	2	1
17110	-6.6	0010000110100101	2	2
17116	-6.6	0010000110011001	2	2
17126	-6.6	0100000110000001	2	1
17182	-6.6	0100000110100101	2	1
17188	-6.6	0100000110011001	2	1
17197	-6.6	0110000110000001	2	1
17253	-6.6	0110000110100101	2	1
17259	-6.6	0110000110011001	2	2
17262	-4.9	1010000110000101	2	1
17267	-6.6	1010000110000001	2	1
17323	-6.6	1010000110100101	2	1
17329	-6.6	1010000110011001	2	1
17332	-4.9	1100000110000011	2	1
17336	-6.6	1100000110000001	2	1
17392	-6.6	1100000110100101	2	1
17398	-6.6	1100000110011001	2	1
17401	-5.2	0010000110000100	3	2
17404	-6.6	0010000110000001	2	1
17455	-6.6	0010000110100110	3	2
17460	-6.6	0010000110100101	2	2
17461	-6.6	0010000110100110	3	2
17466	-6.6	0010000110011001	2	2
17469	-5.2	0100000110000010	3	1
17471	-6.6	0100000110000001	2	1
17522	-6.6	0100000110100110	3	1
17527	-6.6	0100000110100101	2	1
17528	-6.6	0100000110100110	3	1
17533	-6.6	0100000110011001	2	1
17536	-5.2	0110000110000110	3	2
17537	-6.6	0110000110000001	2	1
17588	-6.6	0110000110100110	3	2
17593	-6.6	0110000110100101	2	1
17594	-6.6	0110000110100110	3	2
17599	-6.6	0110000110011001	2	2
17602	-6.6	1000000110000001	2	1
17606	-6.6	1000000110100010	2	1
17607	-6.6	1000000111000010	2	1
17610	-6.6	1000000111000100	2	1
17611	-6.6	1000000111000100	2	1
17612	-6.6	1000000111000100	2	1
17619	-6.6	1000000110100100	2	1
17622	-6.6	1000000110100100	2	1
17623	-6.6	1000000110100100	2	1
17626	-6.6	1000000110100010	2	1
17627	-6.6	1000000111000010	2	1
17628	-6.6	1000000110011010	2	1
17629	-6.6	1000000110011100	2	1
17630	-6.6	1000000110100110	2	1
17633	-6.6	1000000111000110	2	1
17637	-6.6	1000000110011100	2	1
17640	-6.6	1000000110100011	2	1
17641	-6.6	1000000111000011	2	1
17644	-6.6	1000000111000101	2	1
17645	-6.6	1000000111000110	2	1
17646	-6.6	1000000110011001	2	1
17647	-6.6	1000000110011001	2	1
17648	-6.6	1000000110011010	2	1
17649	-6.6	1000000110100101	2	1
17650	-6.6	1000000110100101	2	1
17652	-6.6	1000000110011101	2	1
17656	-6.6	1000000110100111	2	1
17657	-6.6	1000000110100110	2	1
17660	-6.6	1000000101100110	2	1
17662	-6.6	1000000110011110	2	1
17775	-6.6	0010000101100110	3	2
17776	-8.3	0010000111100110	3	2
17780	-6.6	0100000101100110	3	1
17781	-8.3	0100000111100110	3	1
17785	-6.6	0110000101100110	3	2
17786	-8.3	0110000111100110	3	2
17791	-8.3	1110000111100110	3	2
17803	-8.3	0010000110100110	3	2
17804	-8.3	0010000110100110	3	2
17808	-8.3	0100000110100110	3	1
17809	-8.3	0100000110100110	3	1
17813	-8.3	0110000110100110	3	2
17814	-8.3	0110000110100110	3	2
17820	-8.3	1000000101100110	2	1
17825	-8.3	0100010011111111	2	1
17826	-4.9	0100010000111001	2	1
17831	-8.3	0100010011111111	2	1
17838	-6.6	0100010001011001	4	1
17839	-6.6	0100010001100101	4	1
17842	-8	0100010000100010	4	1
17846	-6.6	0100010000100011	4	1
17847	-8.3	0100010000100011	4	1
17856	-6.6	0100010000100101	4	1
17858	-8.3	0100010000100101	4	1
17866	-6.6	0100010001000101	4	1
17867	-6.6	0100010001000011	4	1
17872	-8.3	0100010001000101	4	1
17873	-8.3	0100010001000011	4	1
17875	-6.6	0100010001100011	4	1
17880	-8.3	0100010001100011	4	1
17884	-6.6	0100010001011001	4	1
17885	-6.6	0100010001011001	4	1
17886	-6.6	0100010001100101	4	1
17890	-6.6	0100010001011011	4	1
17892	-8.3	0100010001100101	4	1
17900	-6.6	0100010001100111	4	1
17902	-6.6	0100010001111001	4	1
17917	-6.6	0010001001011001	4	2
17918	-6.6	0010001001100101	4	2
17921	-6.6	0100010000100010	3	1
17933	-8.3	0100010000100100	3	2
17952	-8.3	0100010001000010	3	1
17967	-8.3	0100010001011010	3	1
17976	-6.6	0100010001100110	3	1
17977	-8.3	0100010001100110	3	1
17979	-8.3	0100010011100110	3	1
17981	-8.3	0100010001111110	3	1
17989	-6.6	0010001001000100	3	2
18000	-8.3	0010001000100100	3	2
18019	-8.3	0010001001000010	3	2
18034	-8.3	0010001001011010	3	2
18043	-6.6	0010001001100110	3	2
18044	-8.3	0010001001100110	3	2
18046	-8.3	0010001011100110	3	2
18047	-6.6	0100010110011001	2	1
18048	-8.3	0010001001111110	3	2
18050	-8	0010001001000100	4	2
18051	-6.6	0010001000100011	4	2
18052	-8.3	0010001000100011	4	2
18061	-6.6	0010001000100101	4	2
18063	-8.3	0010001000100101	4	2
18071	-6.6	0010001001000101	4	2
18072	-6.6	0010001001000011	4	2
18077	-8.3	0010001001000101	4	2
18078	-8.3	0010001001000011	4	2
18080	-6.6	0010001001100011	4	2
18085	-8.3	0010001001100011	4	2
18089	-6.6	0010001001011001	4	2
18090	-6.6	0010001001011001	4	2
18091	-6.6	0010001001100101	4	2
18095	-6.6	0010001001011011	4	2
18097	-8.3	0010001001100101	4	2
18105	-6.6	0010001001100111	4	2
18110	-6.6	1010001001000010	4	1
18111	-6.6	1010001000100100	4	2
18114	-6.6	1010001001100110	4	1
18118	-4.9	1100010000100011	4	1
18120	-6.6	1100010001000010	4	1
18121	-6.6	1100010001000010	4	1
18122	-6.6	1100010001100010	4	1
18123	-6.6	1100010000100100	4	2
18124	-6.6	1100010000100100	4	2
18134	-6.6	1100010000100110	4	1
18137	-6.6	1100010001100100	4	2
18143	-6.6	1100010001000110	4	1
18148	-6.6	1100010000111010	4	1
18151	-6.6	1100010001011100	4	1
18154	-6.6	1100010001011010	4	1
18155	-6.6	1100010001100110	4	1
18183	-6.6	0100001001011001	4	1
18184	-6.6	0100001001100101	4	1
18191	-6.6	0100011001011001	4	1
18194	-8	0100010110100010	4	1
18195	-8.3	0010001111000100	3	2
18203	-8.3	0010001110100100	3	2
18209	-8.3	0010001110100010	3	2
18210	-8.3	0010001111000010	3	2
18214	-8.3	0010001111000110	3	2
18222	-8.3	0010001110100110	3	2
18230	-8.3	1100010001000010	4	1
18231	-8.3	1100010001100010	4	1
18232	-8.3	1100010000100100	4	2
18236	-8.3	0010001110100100	3	2
18238	-8.3	0010001110100010	3	2
18239	-8.3	0010001111000010	3	2
18242	-8.3	1100010000100110	4	1
18245	-8.3	1100010001100100	4	2
18249	-8.3	1100010001000110	4	1
18253	-8.3	1100010000111010	4	1
18256	-8.3	1100010001011100	4	2
18257	-8.3	0010001111000110	3	2
18259	-8.3	1100010001011010	4	1
18260	-8.3	1100010001100110	4	1
18266	-8.3	0010001110100110	3	2
18276	-8	0100001001000010	4	1
18278	-8	0100001001000010	4	1
18285	-6.6	0100001000100101	4	1
18286	-6.6	0100001000100101	4	1
18300	-6.6	0100001001000101	4	1
18301	-6.6	0100001001000011	4	1
18305	-6.6	0100001001100011	4	1
18306	-6.6	0100001010100011	4	1
18307	-6.6	0100001001100011	4	1
18320	-6.6	0100001001011001	4	1
18321	-6.6	0100001010100101	4	1
18322	-6.6	0100001001100101	4	1
18326	-8.3	0100001010100101	4	1
18332	-6.6	0100001001100111	4	1
18337	-4.9	1100010001011001	2	1
18339	-8	0100010110100010	4	1
18348	-8.3	0010001110100100	3	2
18349	-8.3	0010001110100010	3	2
18350	-8.3	0010001111000010	3	2
18363	-8.3	0100010110100101	4	1
18365	-8.3	0010001110100110	3	2
18371	-8	0100001001000010	4	1
18378	-6.6	0100001000100101	4	1
18380	-8.3	0100001000100101	4	1
18388	-6.6	0100001001000101	4	1
18389	-6.6	0100001001000011	4	1
18394	-8.3	0100001001000101	4	1
18395	-8.3	0100001001000011	4	1
18397	-6.6	0100001001100011	4	1
18402	-8.3	0100001001100011	4	1
18406	-6.6	0100001001011001	4	1
18407	-6.6	0100001001011001	4	1
18408	-6.6	0100001001100101	4	1
18412	-6.6	0100001001011011	4	1
18414	-8.3	0100001001100101	4	1
18422	-6.6	0100001001100111	4	1
18427	-8	0100011001100010	4	1
18433	-6.6	0100011000100101	4	1
18435	-8.3	0100011000100101	4	1
18443	-6.6	0100011001000101	4	1
18444	-6.6	0100011001000011	4	1
18449	-8.3	0100011001000101	4	1
18450	-8.3	0100011001000011	4	1
18452	-6.6	0100011001100011	4	1
18457	-8.3	0100011001100011	4	1
18461	-6.6	0100011001011001	4	1
18462	-6.6	0100011001011001	4	1
18463	-6.6	0100011001100101	4	1
18467	-6.6	0100011001011011	4	1
18469	-8.3	0100011001100101	4	1
18477	-6.6	0100011001100111	4	1
18487	-8.3	0010001110100110	3	2
18488	-8.3	0010001110100110	3	2
18494	-8.3	0010010011111111	2	2
18495	-4.9	0010010000111001	2	2
18500	-8.3	0010010011111111	2	2
18506	-6.6	0010010001011001	4	2
18507	-6.6	0010010001100101	4	2
18510	-8	0010010000100100	4	2
18511	-8	0010010000100100	4	2
18514	-6.6	0010010000100101	4	2
18515	-6.6	0010010000100101	4	2
18529	-6.6	0010010001000101	4	2
18530	-6.6	0010010001000011	4	2
18534	-6.6	0010010001100011	4	2
18535	-6.6	0010010010100011	4	2
18536	-6.6	0010010001100011	4	2
18549	-6.6	0010010001011001	4	2
18550	-6.6	0010010010100101	4	2
18551	-6.6	0010010001100101	4	2
18555	-8.3	0010010010100101	4	2
18561	-6.6	0010010001100111	4	2
18563	-6.6	0010010001111001	4	2
18566	-8	0010010000100100	4	2
18570	-6.6	0010010000100101	4	2
18572	-8.3	0010010000100101	4	2
18580	-6.6	0010010001000101	4	2
18581	-6.6	0010010001000011	4	2
18586	-8.3	0010010001000101	4	2
18587	-8.3	0010010001000011	4	2
18589	-6.6	0010010001100011	4	2
18594	-8.3	0010010001100011	4	2
18598	-6.6	0010010001011001	4	2
18599	-6.6	0010010001011001	4	2
18600	-6.6	0010010001100101	4	2
18604	-6.6	0010010001011011	4	2
18606	-8.3	0010010001100101	4	2
18614	-6.6	0010010001100111	4	2
18616	-6.6	0010010001111001	4	2
18619	-6.6	0010010000100100	3	2
18620	-6.6	0010010000100100	3	2
18621	-8.3	0010010000100100	3	2
18642	-8.3	0010010001000010	3	2
18663	-8.3	0010010001011010	3	2
18670	-8.3	0010010001100110	3	2
18672	-8.3	0010010011100110	3	2
18674	-8.3	0010010001111110	3	2
18676	-6.6	0010010000100100	3	2
18677	-8.3	0010010000100100	3	2
18696	-8.3	0010010001000010	3	2
18711	-8.3	0010010001011010	3	2
18720	-6.6	0010010001100110	3	2
18721	-8.3	0010010001100110	3	2
18723	-8.3	0010010011100110	3	2
18725	-8.3	0010010001111110	3	2
18729	-6.6	0010010010100110	3	2
18732	-8.3	0010010011111111	2	2
18733	-8.6	0010010000100100	3	2
18735	-8.3	0010010001000010	3	2
18737	-8.3	0010010000100101	3	2
18738	-8.3	0010010001000010	3	2
18739	-8.3	0010010001100010	3	2
18741	-8.3	0010010000100110	3	2
18742	-8.3	0010010001100100	3	2
18746	-8.3	0010010001000110	3	2
18747	-8.3	0010010001000101	3	2
18748	-8.3	0010010001000011	3	2
18755	-8.3	0010010000111010	3	2
18756	-8.3	0010010001011100	3	2
18759	-8.3	0010010000111100	3	2
18765	-8.3	0010010001011010	3	2
18766	-8.3	0010010001011010	3	2
18769	-8.3	0010010010100110	3	2
18771	-8.3	0010010001100101	3	2
18772	-8.3	0010010001011110	3	2
18773	-8.3	0010010001100110	3	2
18774	-8.3	0010010001111010	3	2
18775	-8.3	0010010010100110	3	2
18785	-6.6	1010010001100110	4	1
18788	-4.9	1010010000100101	4	1
18794	-6.6	1010010000100110	4	1
18797	-6.6	1010010001100100	4	2
18803	-6.6	1010010001000110	4	1
18808	-6.6	1010010000111010	4	1
18811	-6.6	1010010001011100	4	2
18814	-6.6	1010010001011010	4	1
18815	-6.6	1010010001100110	4	1
18837	-6.6	0100001001000010	3	1
18843	-6.6	0100001001000010	3	1
18855	-8.3	0100001001000010	3	1
18876	-8.3	0100001001011010	3	1
18883	-8.3	0100001001100110	3	1
18885	-8.3	0100001011100110	3	1
18886	-6.6	0010010110011001	2	2
18887	-8.3	0100001001111110	3	1
18889	-4.9	1010010000111001	2	1
18893	-8.3	0010010110100100	3	2
18896	-8.3	0100010110100100	3	2
18897	-8.3	0100010110100010	3	1
18898	-8.3	0100010111000010	3	1
18899	-8.3	0010010110100010	3	2
18900	-8.3	0010010111000010	3	2
18904	-8.3	0010010111000110	3	2
18912	-8.3	0010010110100110	3	2
18913	-8.3	0100010110100110	3	1
18919	-8	0010010110100100	4	2
18923	-8.3	0100001110100100	3	2
18924	-8.3	0100001110100010	3	1
18925	-8.3	0100001111000010	3	1
18938	-8.3	0010010110100101	4	2
18940	-8.3	0100001110100110	3	1
18946	-8.3	0010010110100010	3	2
18947	-8.3	0010010111000010	3	2
18950	-8.3	1010010000100110	4	1
18953	-8.3	1010010001100100	4	2
18957	-8.3	1010010001000110	4	1
18961	-8.3	1010010000111010	4	1
18964	-8.3	1010010001011100	4	2
18965	-8.3	0010010111000110	3	2
18967	-8.3	1010010001011010	4	2
18968	-8.3	1010010001100110	4	1
18974	-8.3	0010010110100110	3	2
18984	-6.6	0110001001011001	4	2
18989	-8.3	0010010110100100	3	2
18990	-8.3	0010010110100010	3	2
18991	-8.3	0010010111000010	3	2
18992	-8.3	0100010110100010	3	1
18993	-8.3	0100010111000010	3	1
18997	-8.3	0100010111000110	3	1
19005	-8.3	0100010110100110	3	1
19006	-8.3	0010010110100110	3	2
19012	-8	0010010110100100	4	2
19016	-8.3	0100001110100010	3	1
19017	-8.3	0100001111000010	3	1
19021	-8.3	0100001111000110	3	1
19029	-8.3	0100001110100110	3	1
19046	-8.3	1010010001000010	3	1
19047	-8.3	0010010110011100	3	2
19058	-8.3	0010010110011010	3	2
19061	-8.3	1010010001011010	3	2
19062	-8.3	0010010110100110	3	2
19063	-8.3	0010010111011010	3	2
19068	-8.3	1010010001100110	3	1
19071	-8.3	1010010001111110	3	1
19072	-6.6	0100001001000010	3	1
19086	-8.3	0100001001000010	3	1
19101	-8.3	0100001001011010	3	1
19110	-6.6	0100001001100110	3	1
19111	-8.3	0100001001100110	3	1
19113	-8.3	0100001011100110	3	1
19114	-6.6	0010010110011001	2	2
19115	-8.3	0100001001111110	3	1
19117	-6.6	0100011001100010	3	1
19130	-8.3	0100011001000010	3	1
19145	-8.3	0100011001011010	3	1
19154	-6.6	0100011001100110	3	1
19155	-8.3	0100011001100110	3	1
19157	-8.3	0100011011100110	3	1
19158	-6.6	0010010110011001	2	2
19159	-8.3	0100011001111110	3	1
19171	-8.3	0010010110100110	3	2
19172	-8.3	0010010110100110	3	2
19176	-4.9	0110010000111001	2	1
19181	-8.3	0110010011111111	2	1
19182	-6.6	0110010001011001	4	1
19187	-8	0110010000100110	4	1
19191	-6.6	0110010001000101	4	1
19192	-6.6	0110010001000011	4	1
19197	-8.3	0110010001000101	4	1
19198	-8.3	0110010001000011	4	1
19200	-6.6	0110010001100011	4	1
19205	-8.3	0110010001100011	4	1
19209	-6.6	0110010001011001	4	1
19210	-6.6	0110010001011001	4	1
19211	-6.6	0110010001100101	4	1
19215	-6.6	0110010001011011	4	1
19217	-8.3	0110010001100101	4	1
19225	-6.6	0110010001100111	4	1
19227	-6.6	0110010001111001	4	1
19232	-6.6	0010011001011001	4	2
19235	-6.6	0110010000100110	3	2
19246	-8.3	0110010001000010	3	1
19261	-8.3	0110010001011010	3	2
19270	-6.6	0110010001100110	3	2
19271	-8.3	0110010001100110	3	2
19273	-8.3	0110010011100110	3	2
19275	-8.3	0110010001111110	3	2
19279	-6.6	0100001010100110	3	1
19283	-6.6	0010011001100100	3	2
19293	-8.3	0010011001000010	3	2
19308	-8.3	0010011001011010	3	2
19317	-6.6	0010011001100110	3	2
19318	-8.3	0010011001100110	3	2
19320	-8.3	0010011011100110	3	2
19321	-6.6	0100010110011001	2	1
19322	-8.3	0010011001111110	3	2
19324	-8	0010011001100100	4	2
19325	-6.6	0010011001000101	4	2
19326	-6.6	0010011001000011	4	2
19331	-8.3	0010011001000101	4	2
19332	-8.3	0010011001000011	4	2
19334	-6.6	0010011001100011	4	2
19339	-8.3	0010011001100011	4	2
19343	-6.6	0010011001011001	4	2
19344	-6.6	0010011001011001	4	2
19345	-6.6	0010011001100101	4	2
19349	-6.6	0010011001011011	4	2
19351	-8.3	0010011001100101	4	2
19359	-6.6	0010011001100111	4	2
19364	-4.9	1010001001000101	4	1
19369	-6.6	1010001001000110	4	1
19374	-6.6	1010001000111010	4	1
19377	-6.6	1010001001011100	4	2
19380	-6.6	1010001001011010	4	1
19381	-6.6	1010001001100110	4	1
19394	-6.6	0101100110100101	2	2
19400	-6.6	0101100110011001	2	2
19403	-4.9	1100001001000011	4	1
19407	-6.6	1100001001000110	4	1
19412	-6.6	1100001000111010	4	1
19415	-6.6	1100001001011100	4	1
19418	-6.6	1100001001011010	4	1
19419	-6.6	1100001001100110	4	1
19432	-6.6	0011100110100101	2	2
19438	-6.6	0011100110011001	2	2
19441	-6.6	0110001001000110	3	2
19447	-8.3	0110001001000010	3	1
19462	-8.3	0110001001011010	3	2
19471	-6.6	0110001001100110	3	2
19472	-8.3	0110001001100110	3	2
19474	-8.3	0110001011100110	3	2
19475	-6.6	0110010110011001	2	1
19476	-8.3	0110001001111110	3	2
19479	-8.3	1010001001000010	3	1
19480	-8.3	0100010110011100	3	1
19491	-8.3	0100010110011010	3	1
19494	-8.3	1010001001011010	3	2
19495	-8.3	0100010110100110	3	1
19496	-8.3	0100010111011010	3	1
19501	-8.3	1010001001100110	3	1
19504	-8.3	1010001001111110	3	1
19506	-8.3	1100001001000010	3	1
19507	-8.3	0100001110011100	3	1
19518	-8.3	0100001110011010	3	1
19521	-8.3	1100001001011010	3	1
19522	-8.3	0100001110100110	3	1
19528	-8.3	1100001001100110	3	1
19531	-8.3	1100001001111110	3	1
19532	-8	0110001001000110	4	2
19533	-8.3	0110001001000101	4	1
19534	-8.3	0110001001000011	4	1
19536	-6.6	0110001001100011	4	1
19541	-8.3	0110001001100011	4	1
19545	-6.6	0110001001011001	4	2
19546	-6.6	0110001001011001	4	2
19547	-6.6	0110001001100101	4	1
19551	-6.6	0110001001011011	4	2
19553	-8.3	0110001001100101	4	1
19561	-6.6	0110001001100111	4	2
19569	-8.3	1010001000111010	4	1
19572	-8.3	1010001001011100	4	2
19573	-8.3	0100010111000110	3	1
19575	-8.3	1010001001011010	4	2
19576	-8.3	1010001001100110	4	1
19582	-8.3	0100010110100110	3	1
19595	-8.3	1100001000111010	4	1
19598	-8.3	1100001001011100	4	2
19599	-8.3	0100001111000110	3	1
19601	-8.3	1100001001011010	4	1
19602	-8.3	1100001001100110	4	1
19608	-8.3	0100001110100110	3	1
19618	-8.3	0010011110011100	3	2
19620	-8.3	0010011110011010	3	2
19623	-8.6	0100001001000010	3	1
19626	-8.3	0100001000111010	3	1
19627	-8.3	0100001001011100	3	1
19630	-8.3	0100001000111100	3	1
19636	-8.3	0100001001011010	3	1
19637	-8.3	0100001001011010	3	1
19640	-8.3	0100001010100110	3	1
19642	-8.3	0100001001100101	3	1
19643	-8.3	0100001001011110	3	1
19644	-8.3	0100001001100110	3	1
19645	-8.3	0100001001111010	3	1
19646	-8.3	0100001010100110	3	1
19654	-8.3	0100010110100110	3	1
19655	-8.3	0100010110100110	3	1
19659	-8.3	0100001110100110	3	1
19660	-8.3	0100001110100110	3	1
19674	-6.6	0011100110011100	3	2
19685	-8.3	0011100110100110	3	2
19687	-6.6	0011100101100110	3	2
19688	-8.3	0011100111100110	3	2
19689	-8.3	0011100111100110	3	2
19691	-5.2	0011100110011100	3	2
19692	-6.6	1100011000111010	4	1
19695	-6.6	1100011001011100	4	1
19698	-6.6	1100011001011010	4	1
19699	-6.6	1100011001100110	4	1
19707	-6.6	0011100110100110	3	2
19712	-6.6	0011100110100101	2	2
19713	-6.6	0011100110100110	3	2
19718	-6.6	0011100110011001	2	2
19721	-8	0101110000111010	4	2
19725	-8.3	0101110001100011	4	1
19729	-6.6	0101110001011001	4	2
19730	-6.6	0101110001011001	4	2
19731	-6.6	0101110001100101	4	1
19735	-6.6	0101110001011011	4	2
19737	-8.3	0101110001100101	4	1
19745	-6.6	0101110001100111	4	2
19747	-6.6	0101110001111001	4	2
19752	-6.6	0011101001011001	4	2
19753	-6.6	0011101001100101	4	2
19756	-6.6	0101110000111010	3	2
19768	-8.3	0101110001011010	3	2
19777	-6.6	0101110001100110	3	2
19778	-8.3	0101110001100110	3	2
19780	-8.3	0101110011100110	3	2
19782	-8.3	0101110001111110	3	2
19784	-6.6	0110011001011001	4	1
19786	-6.6	0011101001011100	3	2
19797	-8.3	0011101001011010	3	2
19806	-6.6	0011101001100110	3	2
19807	-8.3	0011101001100110	3	2
19809	-8.3	0011101011100110	3	2
19810	-6.6	1100010110011001	2	1
19811	-8.3	0011101001111110	3	2
19813	-8	0011101001011100	4	2
19814	-8.3	0011101001100011	4	2
19818	-6.6	0011101001011001	4	2
19819	-6.6	0011101001011001	4	2
19820	-6.6	0011101001100101	4	2
19824	-6.6	0011101001011011	4	2
19826	-8.3	0011101001100101	4	2
19834	-6.6	0011101001100111	4	2
19839	-8	0110010110100110	4	1
19840	-8.3	0110001111000110	3	2
19848	-8.3	0110001110100110	3	2
19856	-8.3	1100011001011010	4	1
19857	-8.3	1100011001100110	4	1
19863	-8.3	0110001110100110	3	2
19873	-6.6	0011110000111100	3	2
19881	-8.3	0011110001011010	3	2
19890	-6.6	0011110001100110	3	2
19891	-8.3	0011110001100110	3	2
19893	-8.3	0011110011100110	3	2
19895	-8.3	0011110001111110	3	2
19900	-8.3	0110011010100101	4	1
19902	-8	0101101001011010	4	2
19904	-6.6	0101101001011001	4	2
19905	-6.6	0101101001011001	4	2
19906	-6.6	0101101001100101	4	1
19910	-6.6	0101101001011011	4	2
19912	-8.3	0101101001100101	4	2
19920	-6.6	0101101001100111	4	2
19925	-8	0110011001100110	4	1
19926	-6.6	0110011001011001	4	1
19927	-6.6	0110011001011001	4	1
19928	-6.6	0110011001100101	4	1
19932	-6.6	0110011001011011	4	1
19934	-8.3	0110011001100101	4	1
19942	-6.6	0110011001100111	4	1
19947	-8.3	0110001110100110	3	2
19948	-8.3	0110001110100110	3	2
19960	-6.6	1001100110100101	2	1
19963	-6.6	1001100110011001	2	2
19976	-6.6	1001100110100101	2	1
19982	-6.6	1001100110011001	2	2
19987	-6.6	0101100110011010	3	2
19994	-8.3	0101100110100110	3	2
19996	-6.6	0101100101100110	3	2
19997	-8.3	0101100111100110	3	2
19998	-8.3	0101100111100110	3	2
20000	-5.2	0101100110011010	3	2
20005	-6.6	0101100110100110	3	2
20010	-6.6	0101100110100101	2	2
20011	-6.6	0101100110100110	3	2
20016	-6.6	0101100110011001	2	2
20021	-6.6	0101100101100110	3	2
20022	-8.3	0101100111100110	3	2
20024	-6.6	0101101001011010	3	2
20025	-6.6	0101101001011010	3	2
20027	-8.3	0101101001011010	3	2
20034	-8.3	0101101001100110	3	2
20036	-8.3	0101101011100110	3	2
20037	-6.6	1010010110011001	2	1
20038	-8.3	0101101001111110	3	2
20040	-6.6	0101101001011010	3	2
20041	-8.3	0101101001011010	3	2
20050	-6.6	0101101001100110	3	2
20051	-8.3	0101101001100110	3	2
20053	-8.3	0101101011100110	3	2
20054	-6.6	1010010110011001	2	1
20055	-8.3	0101101001111110	3	2
20060	-8.6	0101101001011010	3	2
20062	-8.3	0101101010100110	3	2
20064	-8.3	0101101001100101	3	2
20065	-8.3	0101101001011110	3	2
20066	-8.3	0101101001100110	3	2
20067	-8.3	0101101001111010	3	2
20068	-8.3	0101101010100110	3	2
20080	-6.6	1011100110100101	2	1
20084	-6.6	1011100110011001	2	2
20088	-8.3	0110010110100110	3	2
20089	-8.3	0110010110100110	3	2
20095	-8.3	0110010110100110	3	2
20097	-8.3	0110010101100110	3	2
20098	-6.6	0110010110011110	3	1
20099	-8.3	0110010111100110	3	1
20100	-8.3	0110010111100110	3	1
20102	-8.3	0110010101111110	3	2
20105	-8.3	1010010110100101	4	1
20107	-8.3	0101101110100110	3	2
20125	-8.3	1010011001100110	3	1
20128	-8.3	1010011001111110	3	1
20129	-6.6	0111101001011110	3	2
20133	-6.6	0111101001100110	3	2
20134	-8.3	0111101001100110	3	2
20136	-8.3	0111101011100110	3	2
20137	-6.6	1110010110011001	2	1
20138	-8.3	0111101001111110	3	2
20140	-6.6	0110011001100110	3	1
20143	-6.6	0110011001100110	3	1
20144	-8.3	0110011001100110	3	1
20146	-8.3	0110011011100110	3	1
20147	-6.6	0110010110011001	2	2
20148	-8.3	0110011001111110	3	1
20153	-8.3	0101111001100110	3	2
20154	-6.6	1010010110011110	2	1
20155	-8.3	0101111011100110	3	2
20157	-8.3	0101111001111110	3	2
20160	-6.6	0111100101100110	3	2
20161	-8.3	0111100111100110	3	2
20164	-8.3	0110010110100110	3	2
20165	-6.6	0110010101100110	3	1
20166	-8.3	0110010101100110	3	2
20167	-6.6	0110010110011110	3	1
20168	-8.3	0110010111100110	3	1
20170	-8.3	0110010101111110	3	2
20180	-6.6	0110011010011001	2	1
20182	-8.3	0110011011100111	2	2
20183	-8.3	0110011011111111	2	1
20184	-8.6	0110011001100110	3	2
20192	-6.6	0111100110011001	2	2
20200	-6.6	1001100110011001	2	2
20203	-8.6	0111111001111110	3	2
