871	-3.2	0000000011111111	2	2
887	-3.2	0000000011111111	2	2
890	-2.9	0000000000000001	4	2
905	-2.9	0000000000000101	4	2
910	-2.9	0000000000100001	4	2
911	-2.9	0000000001000001	4	2
912	-2.9	0000000001100001	4	2
942	-2.9	0000000001011001	4	2
943	-2.9	0000000001100101	4	2
946	-2.9	0000000000000000	3	2
947	-2.9	0000000000000000	3	2
950	-2.9	0000000000000001	4	2
951	-2.9	0000000000000001	4	2
973	-2.9	0000000000000101	4	2
974	-2.9	0000000000000011	4	2
975	-2.9	0000000000000011	4	2
987	-2.9	0000000000000101	4	2
994	-2.9	0000000000000111	4	2
1003	-2.9	0000000001100001	4	2
1004	-2.9	0000000010000001	4	2
1005	-2.9	0000000000100001	4	2
1006	-2.9	0000000001000001	4	2
1007	-2.9	0000000001100001	4	2
1021	-2.9	0000000010000101	4	2
1072	-2.9	0000000001000101	4	2
1073	-2.9	0000000000100011	4	2
1086	-2.9	0000000000100101	4	2
1087	-2.9	0000000000100101	4	2
1101	-2.9	0000000001000101	4	2
1102	-2.9	0000000001000011	4	2
1106	-2.9	0000000001100011	4	2
1107	-2.9	0000000010100011	4	2
1108	-2.9	0000000001100011	4	2
1121	-2.9	0000000001011001	4	2
1122	-2.9	0000000010100101	4	2
1123	-2.9	0000000001100101	4	2
1127	-3.2	0000000010100101	4	2
1133	-2.9	0000000001100111	4	2
1135	-2.9	0000000001111001	4	2
1138	-2.9	0000000000000000	3	2
1142	-2.9	0000000000000001	4	2
1143	-2.9	0000000000000001	4	2
1144	-2.9	0000000000000001	4	2
1148	-3.2	0000000000000001	4	2
1165	-2.9	0000000000000011	4	2
1166	-2.9	0000000000000011	4	2
1167	-3.2	0000000000000011	4	2
1178	-2.9	0000000000000101	4	2
1179	-2.9	0000000000000101	4	2
1187	-2.9	0000000000000111	4	2
1198	-2.9	0000000000100001	4	2
1199	-2.9	0000000001000001	4	2
1200	-2.9	0000000000100001	4	2
1201	-2.9	0000000001000001	4	2
1202	-2.9	0000000001100001	4	2
1216	-3.2	0000000000100001	4	2
1217	-3.2	0000000001000001	4	2
1218	-3.2	0000000001100001	4	2
1253	-2.9	0000000000100011	4	2
1254	-3.2	0000000000100011	4	2
1263	-2.9	0000000000100101	4	2
1265	-3.2	0000000000100101	4	2
1273	-2.9	0000000001000101	4	2
1274	-2.9	0000000001000011	4	2
1279	-3.2	0000000001000101	4	2
1280	-3.2	0000000001000011	4	2
1282	-2.9	0000000001100011	4	2
1287	-3.2	0000000001100011	4	2
1291	-2.9	0000000001011001	4	2
1292	-2.9	0000000001011001	4	2
1293	-2.9	0000000001100101	4	2
1297	-2.9	0000000001011011	4	2
1299	-3.2	0000000001100101	4	2
1307	-2.9	0000000001100111	4	2
1309	-2.9	0000000001111001	4	2
1314	-2.9	0000000011100000	3	2
1317	-2.9	0000000011100110	3	2
1326	-2.9	0000000011100000	3	2
1333	-2.9	0000000011100110	3	2
1337	-3.2	0000000000000000	3	2
1383	-3.2	0000000011100000	3	2
1390	-3.2	0000000000011000	3	2
1474	-3.2	0000000000100100	3	2
1495	-3.2	0000000001000010	3	2
1516	-3.2	0000000001011010	3	2
1523	-3.2	0000000001100110	3	2
1525	-3.2	0000000011100110	3	2
1527	-3.2	0000000001111110	3	2
1530	-3.2	0000000000000000	3	2
1577	-3.2	0000000011100000	3	2
1585	-3.2	0000000000011000	3	2
1651	-3.2	0000000000100100	3	2
1670	-3.2	0000000001000010	3	2
1685	-3.2	0000000001011010	3	2
1694	-2.9	0000000001100110	3	2
1695	-3.2	0000000001100110	3	2
1697	-3.2	0000000011100110	3	2
1699	-3.2	0000000001111110	3	2
1706	-2.9	0000000010100000	3	2
1713	-2.9	0000000010100110	3	2
1717	-3.5	0000000000000000	3	2
1736	-3.2	0000000000000010	3	2
1738	-3.2	0000000001000000	3	2
1751	-3.2	0000000000000100	3	2
1752	-2.9	0000000000100000	3	2
1753	-3.2	0000000000100000	3	2
1756	-3.2	0000000010100000	3	2
1758	-3.2	0000000001100000	3	2
1762	-3.2	0000000000000110	3	2
1770	-3.2	0000000000011000	3	2
1771	-3.2	0000000000011000	3	2
1787	-3.2	0000000000011010	3	2
1789	-3.2	0000000001011000	3	2
1803	-3.2	0000000000011100	3	2
1804	-3.2	0000000000111000	3	2
1826	-3.2	0000000000100010	3	2
1827	-3.2	0000000001000100	3	2
1836	-3.2	0000000000100100	3	2
1837	-3.2	0000000000100100	3	2
1840	-3.2	0000000001000010	3	2
1843	-3.2	0000000001000010	3	2
1844	-3.2	0000000001100010	3	2
1846	-3.2	0000000000100110	3	2
1847	-3.2	0000000001100100	3	2
1851	-3.2	0000000001000110	3	2
1860	-3.2	0000000000111010	3	2
1861	-3.2	0000000001011100	3	2
1864	-3.2	0000000000111100	3	2
1870	-3.2	0000000001011010	3	2
1871	-3.2	0000000001011010	3	2
1874	-3.2	0000000010100110	3	2
1877	-3.2	0000000001011110	3	2
1878	-3.2	0000000001100110	3	2
1879	-3.2	0000000001111010	3	2
1880	-3.2	0000000010100110	3	2
1913	-2.9	1000000000000010	4	1
1914	-2.9	1000000000000010	4	1
1915	-2.9	1000000001000000	4	2
1918	-2.9	1000000001000000	4	2
1921	-2.9	1000000000100000	4	1
1922	-2.9	1000000001100000	4	1
1923	-2.9	1000000000100000	4	1
1924	-2.9	1000000001100000	4	1
1927	-2.9	1000000000000100	4	1
1928	-2.9	1000000000000100	4	1
1933	-2.9	1000000000000110	4	1
1936	-2.9	1000000000000110	4	1
1941	-2.9	1000000000011000	4	2
1942	-2.9	1000000000011000	4	2
1958	-2.9	1000000000011010	4	1
1969	-2.9	1000000001011000	4	1
1971	-2.9	1000000000011100	4	1
1972	-2.9	1000000000011100	4	1
1973	-2.9	1000000000111000	4	1
1976	-2.9	1000000000111000	4	1
1992	-2.9	1000000000100010	4	1
1993	-2.9	1000000000100010	4	1
1994	-2.9	1000000001000100	4	1
1997	-2.9	1000000001000100	4	1
1999	-2.9	1000000001000010	4	1
2000	-2.9	1000000001100010	4	1
2001	-2.9	1000000001000010	4	1
2002	-2.9	1000000001100010	4	1
2003	-2.9	1000000000100100	4	1
2004	-2.9	1000000000100100	4	1
2010	-2.9	1000000001000110	4	1
2013	-2.9	1000000000100110	4	1
2014	-2.9	1000000000100110	4	1
2015	-2.9	1000000001100100	4	1
2018	-2.9	1000000001100100	4	1
2022	-2.9	1000000001000110	4	1
2026	-2.9	1000000000111010	4	1
2027	-2.9	1000000001011100	4	1
2029	-2.9	1000000001100110	4	1
2031	-2.9	1000000001011100	4	1
2033	-2.9	1000000001011010	4	1
2034	-2.9	1000000001100110	4	1
2058	-2.9	1000000000000010	4	1
2062	-2.9	1000000001000000	4	2
2068	-2.9	1000000000100000	4	1
2069	-2.9	1000000001100000	4	1
2072	-2.9	1000000000000100	4	1
2080	-2.9	1000000000000110	4	1
2086	-2.9	1000000000011000	4	2
2087	-2.9	1000000000011000	4	2
2098	-2.9	1000000000011010	4	1
2103	-2.9	1000000001011000	4	1
2110	-2.9	1000000000011100	4	1
2120	-2.9	1000000000111000	4	1
2137	-2.9	1000000000100010	4	1
2141	-2.9	1000000001000100	4	1
2145	-2.9	1000000001000010	4	1
2146	-2.9	1000000001000010	4	1
2147	-2.9	1000000001100010	4	1
2149	-2.9	1000000000100100	4	1
2150	-2.9	1000000000100100	4	1
2158	-2.9	1000000000100110	4	1
2162	-2.9	1000000001100100	4	1
2166	-2.9	1000000001000110	4	1
2169	-2.9	1000000000111010	4	1
2175	-2.9	1000000001011100	4	1
2177	-2.9	1000000001100110	4	1
2178	-2.9	1000000001011010	4	1
2179	-2.9	1000000001100110	4	1
2207	-2.9	1000000000000010	4	1
2211	-2.9	1000000001000000	4	2
2217	-2.9	1000000000100000	4	1
2218	-2.9	1000000001100000	4	1
2219	-2.9	1000000011000000	4	2
2222	-2.9	1000000000000100	4	1
2233	-2.9	1000000000000110	4	1
2240	-2.9	1000000000011000	4	2
2241	-2.9	1000000000011000	4	2
2255	-2.9	1000000000011010	4	1
2262	-2.9	1000000001011000	4	1
2272	-2.9	1000000000011100	4	1
2277	-2.9	1000000000111000	4	1
2297	-2.9	1000000000100010	4	1
2300	-2.9	1000000001000100	4	1
2303	-2.9	1000000001000010	4	1
2304	-2.9	1000000001000010	4	1
2305	-2.9	1000000001100010	4	1
2306	-2.9	1000000000100100	4	1
2307	-2.9	1000000000100100	4	1
2317	-2.9	1000000000100110	4	1
2320	-2.9	1000000001100100	4	1
2326	-2.9	1000000001000110	4	1
2331	-2.9	1000000000111010	4	1
2334	-2.9	1000000001011100	4	1
2337	-2.9	1000000001011010	4	1
2338	-2.9	1000000001100110	4	1
2662	-2.9	0000000110000001	2	2
2729	-2.9	0000000110100101	2	2
2734	-2.9	0000000110011001	2	2
2738	-2.9	0000000110000000	3	2
2752	-2.9	0000000110100000	3	2
2774	-2.9	0000000110000100	3	2
2775	-2.9	0000000110000010	3	2
2776	-2.9	0000000110000110	3	2
2791	-2.9	0000000111000100	3	2
2797	-2.9	0000000110100100	3	2
2799	-2.9	0000000110100010	3	2
2800	-2.9	0000000111000010	3	2
2804	-2.9	0000000111000110	3	2
2808	-2.9	0000000110100110	3	2
3069	-3.2	0000000110000000	3	2
3081	-3.2	0000000111000000	3	2
3091	-3.2	0000000111100000	3	2
3092	-3.2	0000000111100000	3	2
3107	-2.9	0000000110000100	3	2
3108	-2.9	0000000110000010	3	2
3109	-2.9	0000000110000110	3	2
3119	-3.2	0000000110000100	3	2
3120	-3.2	0000000110000010	3	2
3121	-3.2	0000000110000110	3	2
3144	-3.2	0000000111000100	3	2
3152	-3.2	0000000110100100	3	2
3158	-3.2	0000000110100010	3	2
3159	-3.2	0000000111000010	3	2
3160	-3.2	0000000111100010	3	2
3163	-3.2	0000000111000110	3	2
3167	-2.9	0000000110100110	3	2
3171	-3.2	0000000110100110	3	2
3174	-2.9	0000000101100110	3	2
3175	-3.2	0000000111100110	3	2
3176	-3.2	0000000111100110	3	2
3178	-2.9	0000000110000000	3	2
3208	-2.9	0000000110000001	4	2
3216	-2.9	0000000110000001	4	2
3223	-2.9	0000000110000101	4	2
3271	-2.9	0000000110100011	4	2
3275	-2.9	0000000110100101	4	2
3276	-2.9	0000000110100101	4	2
3278	-2.9	0000000110100111	4	2
3280	-3.2	0000000110100101	4	2
3293	-3.2	1000000000000010	4	1
3297	-3.2	1000000001000000	4	2
3300	-3.2	1000000000100000	4	1
3301	-3.2	1000000001100000	4	1
3303	-3.2	1000000000000100	4	1
3308	-3.2	0000000110100000	3	2
3312	-3.2	1000000000000110	4	1
3316	-3.2	1000000000011000	4	2
3324	-3.2	1000000000011010	4	1
3328	-3.2	1000000001011000	4	2
3333	-3.2	0000000110000100	3	2
3334	-3.2	0000000110000010	3	2
3335	-3.2	0000000110000110	3	2
3339	-3.2	1000000000011100	4	1
3342	-3.2	1000000000111000	4	1
3364	-3.2	1000000000100010	4	1
3367	-3.2	1000000001000100	4	1
3369	-3.2	0000000111000100	3	2
3371	-3.2	1000000001000010	4	1
3372	-3.2	1000000001100010	4	1
3373	-3.2	1000000000100100	4	1
3377	-3.2	0000000110100100	3	2
3379	-3.2	0000000110100010	3	2
3380	-3.2	0000000111000010	3	2
3383	-3.2	1000000000100110	4	1
3386	-3.2	1000000001100100	4	1
3390	-3.2	1000000001000110	4	1
3394	-3.2	1000000000111010	4	1
3397	-3.2	1000000001011100	4	1
3398	-3.2	0000000111000110	3	2
3400	-3.2	1000000001011010	4	1
3401	-3.2	1000000001100110	4	1
3407	-3.2	0000000110100110	3	2
3708	-2.9	0000000110000001	2	2
3774	-2.9	0000000110100101	2	2
3779	-2.9	0000000110011001	2	2
3782	-2.9	0000000110000000	3	2
3791	-2.9	0000000111000000	3	2
3794	-2.9	0000000110100000	3	2
3822	-2.9	0000000110000100	3	2
3823	-2.9	0000000110000010	3	2
3824	-2.9	0000000110000110	3	2
3833	-2.9	0000000111000100	3	2
3837	-2.9	0000000110100010	3	2
3838	-2.9	0000000111000010	3	2
3839	-2.9	0000000110100100	3	2
3841	-2.9	0000000110011100	3	2
3846	-2.9	0000000110011010	3	2
3847	-2.9	0000000110100110	3	2
3851	-3.2	0000000110000000	3	2
3860	-3.2	0000000111000000	3	2
3866	-3.2	0000000110100000	3	2
3868	-3.2	0000000111100000	3	2
3869	-3.2	0000000111100000	3	2
3907	-2.9	0000000110000100	3	2
3908	-2.9	0000000110000010	3	2
3909	-2.9	0000000110000110	3	2
3916	-3.2	0000000110000100	3	2
3917	-3.2	0000000110000010	3	2
3918	-3.2	0000000110000110	3	2
3932	-3.2	0000000110100100	3	2
3933	-3.2	0000000110100010	3	2
3934	-3.2	0000000111000010	3	2
3937	-3.2	0000000111100100	3	2
3941	-2.9	0000000111000110	3	2
3949	-3.2	0000000110100110	3	2
3951	-2.9	0000000101100110	3	2
3952	-3.2	0000000111100110	3	2
3953	-3.2	0000000111100110	3	2
3961	-2.9	1000000001000000	2	2
3965	-3.2	0000000111000000	3	2
3974	-3.2	0000000110100000	3	2
4010	-3.2	0000000110000100	3	2
4011	-3.2	0000000110000010	3	2
4012	-3.2	0000000110000110	3	2
4036	-3.2	0000000111000100	3	2
4043	-3.2	0000000110100010	3	2
4044	-3.2	0000000111000010	3	2
4045	-3.2	0000000110100100	3	2
4058	-3.2	0000000110011100	3	2
4069	-3.2	0000000110011010	3	2
4073	-3.2	0000000110100110	3	2
4074	-3.2	0000000111011010	3	2
4337	-2.9	0000000110000001	2	2
4393	-2.9	0000000110100101	2	2
4399	-2.9	0000000110011001	2	2
4402	-2.9	0000000110000000	3	2
4428	-2.9	0000000110100000	3	2
4546	-2.9	0000000110100110	3	2
4552	-2.9	0000000110100110	3	2
4776	-3.2	0000000111100000	3	2
4781	-2.9	0000000101100110	3	2
4782	-3.2	0000000111100110	3	2
4799	-2.9	0000000100100000	3	2
4800	-3.2	0000000110100000	3	2
4805	-3.2	0000000110100110	3	2
4806	-3.2	0000000110100110	3	2
5356	-3.2	0100000011111111	2	1
5362	-2.9	0100000000000101	4	1
5367	-2.9	0100000000100001	4	1
5368	-2.9	0100000001000001	4	1
5369	-2.9	0100000001100001	4	1
5399	-2.9	0100000001011001	4	1
5400	-2.9	0100000001100101	4	1
5403	-2.9	0100000000000010	3	1
5409	-2.9	0100000000000011	4	1
5410	-2.9	0100000000000011	4	1
5411	-3.2	0100000000000011	4	1
5422	-2.9	0100000000000101	4	1
5423	-2.9	0100000000000101	4	1
5431	-2.9	0100000000000111	4	1
5442	-2.9	0100000000100001	4	1
5443	-2.9	0100000001000001	4	1
5444	-2.9	0100000000100001	4	1
5445	-2.9	0100000001000001	4	1
5446	-2.9	0100000001100001	4	1
5460	-3.2	0100000000100001	4	1
5461	-3.2	0100000001000001	4	1
5462	-3.2	0100000001100001	4	1
5497	-2.9	0100000000100011	4	1
5498	-3.2	0100000000100011	4	1
5507	-2.9	0100000000100101	4	1
5509	-3.2	0100000000100101	4	1
5517	-2.9	0100000001000101	4	1
5518	-2.9	0100000001000011	4	1
5523	-3.2	0100000001000101	4	1
5524	-3.2	0100000001000011	4	1
5526	-2.9	0100000001100011	4	1
5531	-3.2	0100000001100011	4	1
5535	-2.9	0100000001011001	4	1
5536	-2.9	0100000001011001	4	1
5537	-2.9	0100000001100101	4	1
5541	-2.9	0100000001011011	4	1
5543	-3.2	0100000001100101	4	1
5551	-2.9	0100000001100111	4	1
5553	-2.9	0100000001111001	4	1
5561	-2.9	0100000011100000	3	2
5568	-2.9	0100000011100110	3	1
5575	-2.9	0000001000000101	4	2
5580	-2.9	0000001000100001	4	2
5581	-2.9	0000001001000001	4	2
5582	-2.9	0000001001100001	4	2
5612	-2.9	0000001001011001	4	2
5613	-2.9	0000001001100101	4	2
5644	-3.2	0100000011100000	3	2
5652	-3.2	0100000000011000	3	2
5718	-3.2	0100000000100100	3	2
5737	-3.2	0100000001000010	3	1
5752	-3.2	0100000001011010	3	1
5761	-2.9	0100000001100110	3	1
5762	-3.2	0100000001100110	3	1
5764	-3.2	0100000011100110	3	1
5766	-3.2	0100000001111110	3	1
5781	-3.2	0000010011111111	2	1
5791	-2.9	0000001000000011	2	2
5809	-2.9	0000001000000101	2	2
5870	-2.9	0000001000100001	2	2
5871	-2.9	0000001001000001	2	2
5872	-2.9	0000001001100001	2	2
5887	-2.9	0000001010000001	2	1
5894	-2.9	0000001010000111	2	2
5900	-3.2	0000001010000001	2	2
5931	-2.9	0000001000100101	2	2
5950	-2.9	0000001001000101	2	2
5951	-2.9	0000001001000011	2	2
5985	-2.9	0000001001100101	2	2
5988	-2.9	0000001010100101	2	1
5996	-2.9	0000001010011001	2	1
5998	-3.2	0000001011100111	2	2
5999	-3.2	0000001011111111	2	1
6026	-3.2	0000001011100000	3	2
6034	-3.2	0000001000011000	3	2
6085	-2.9	0000010110000001	2	1
6100	-3.2	0000001000100100	3	2
6119	-3.2	0000001001000010	3	2
6134	-3.2	0000001001011010	3	2
6141	-2.9	0000010110100101	2	1
6143	-2.9	0000001001100110	3	2
6144	-3.2	0000001001100110	3	2
6146	-3.2	0000001011100110	3	2
6147	-2.9	0000010110011001	2	1
6148	-3.2	0000001001111110	3	2
6150	-2.9	0000001001000000	3	2
6152	-2.9	0000001000000011	4	2
6153	-2.9	0000001000000011	4	2
6154	-3.2	0000001000000011	4	2
6165	-2.9	0000001000000101	4	2
6166	-2.9	0000001000000101	4	2
6174	-2.9	0000001000000111	4	2
6185	-2.9	0000001000100001	4	2
6186	-2.9	0000001001000001	4	2
6187	-2.9	0000001000100001	4	2
6188	-2.9	0000001001000001	4	2
6189	-2.9	0000001001100001	4	2
6203	-3.2	0000001000100001	4	2
6204	-3.2	0000001001000001	4	2
6205	-3.2	0000001001100001	4	2
6234	-2.9	0000001110000001	2	1
6240	-2.9	0000001000100011	4	2
6241	-3.2	0000001000100011	4	2
6250	-2.9	0000001000100101	4	2
6252	-3.2	0000001000100101	4	2
6260	-2.9	0000001001000101	4	2
6261	-2.9	0000001001000011	4	2
6266	-3.2	0000001001000101	4	2
6267	-3.2	0000001001000011	4	2
6269	-2.9	0000001001100011	4	2
6274	-3.2	0000001001100011	4	2
6278	-2.9	0000001001011001	4	2
6279	-2.9	0000001001011001	4	2
6280	-2.9	0000001001100101	4	2
6284	-2.9	0000001001011011	4	2
6286	-3.2	0000001001100101	4	2
6294	-2.9	0000001001100111	4	2
6532	-2.9	1010000000011000	4	2
6557	-2.9	1010000001000010	4	1
6558	-2.9	1010000000100100	4	2
6561	-2.9	1010000001100110	4	1
6567	-2.9	1100000000100000	4	1
6568	-2.9	1100000001100000	4	1
6571	-2.9	1100000000000100	4	2
6579	-2.9	1100000000000110	4	1
6585	-2.9	1100000000011000	4	2
6586	-2.9	1100000000011000	4	2
6601	-2.9	1100000000011010	4	1
6606	-2.9	1100000001011000	4	2
6613	-2.9	1100000000011100	4	2
6623	-2.9	1100000000111000	4	2
6640	-2.9	1100000000100010	4	1
6644	-2.9	1100000001000100	4	2
6648	-2.9	1100000001000010	4	1
6649	-2.9	1100000001000010	4	1
6650	-2.9	1100000001100010	4	1
6652	-2.9	1100000000100100	4	2
6653	-2.9	1100000000100100	4	2
6662	-2.9	1100000000100110	4	1
6666	-2.9	1100000001100100	4	2
6670	-2.9	1100000001000110	4	1
6673	-2.9	1100000000111010	4	1
6679	-2.9	1100000001011100	4	1
6681	-2.9	1100000001100110	4	1
6682	-2.9	1100000001011010	4	1
6683	-2.9	1100000001100110	4	1
6700	-2.9	1100000000100000	4	1
6701	-2.9	1100000001100000	4	1
6702	-2.9	1100000011000000	4	2
6705	-2.9	1100000000000100	4	2
6716	-2.9	1100000000000110	4	1
6723	-2.9	1100000000011000	4	2
6724	-2.9	1100000000011000	4	2
6738	-2.9	1100000000011010	4	1
6745	-2.9	1100000001011000	4	2
6755	-2.9	1100000000011100	4	2
6760	-2.9	1100000000111000	4	2
6780	-2.9	1100000000100010	4	1
6783	-2.9	1100000001000100	4	2
6786	-2.9	1100000001000010	4	1
6787	-2.9	1100000001000010	4	1
6788	-2.9	1100000001100010	4	1
6789	-2.9	1100000000100100	4	2
6790	-2.9	1100000000100100	4	2
6800	-2.9	1100000000100110	4	1
6803	-2.9	1100000001100100	4	2
6809	-2.9	1100000001000110	4	1
6814	-2.9	1100000000111010	4	1
6817	-2.9	1100000001011100	4	1
6820	-2.9	1100000001011010	4	1
6821	-2.9	1100000001100110	4	1
6845	-2.9	0000010000000101	4	1
6850	-2.9	0000010000100001	4	1
6851	-2.9	0000010001000001	4	1
6852	-2.9	0000010001100001	4	1
6882	-2.9	0000010001011001	4	1
6883	-2.9	0000010001100101	4	1
6888	-2.9	0000011000000101	4	1
6895	-2.9	0000011000100001	4	1
6896	-2.9	0000011001000001	4	1
6913	-2.9	0000011001011001	4	1
6917	-3.2	1100000000100000	4	1
6918	-3.2	1100000001100000	4	1
6920	-3.2	1100000000000100	4	2
6925	-3.2	0000001110100000	3	2
6929	-3.2	1100000000000110	4	1
6933	-3.2	1100000000011000	4	2
6941	-3.2	1100000000011010	4	1
6945	-3.2	1100000001011000	4	2
6950	-3.2	0000001110000100	3	2
6951	-3.2	0000001110000010	3	2
6952	-3.2	0000001110000110	3	2
6956	-3.2	1100000000011100	4	2
6959	-3.2	1100000000111000	4	2
6981	-3.2	1100000000100010	4	1
6984	-3.2	1100000001000100	4	2
6986	-3.2	0000001111000100	3	2
6988	-3.2	1100000001000010	4	1
6989	-3.2	1100000001100010	4	1
6990	-3.2	1100000000100100	4	2
6994	-3.2	0000001110100100	3	2
6996	-3.2	0000001110100010	3	2
6997	-3.2	0000001111000010	3	2
7000	-3.2	1100000000100110	4	1
7003	-3.2	1100000001100100	4	2
7007	-3.2	1100000001000110	4	1
7011	-3.2	1100000000111010	4	1
7014	-3.2	1100000001011100	4	2
7015	-3.2	0000001111000110	3	2
7017	-3.2	1100000001011010	4	1
7018	-3.2	1100000001100110	4	1
7024	-3.2	0000001110100110	3	2
7039	-2.9	0000010110100000	3	1
7040	-3.2	0000001111000000	3	2
7046	-3.2	0000001110100000	3	2
7055	-2.9	0000010110000001	4	1
7063	-2.9	0000010110000001	4	1
7070	-2.9	0000010110000101	4	1
7087	-2.9	0000001110000100	3	2
7088	-2.9	0000001110000010	3	2
7089	-2.9	0000001110000110	3	2
7096	-3.2	0000001110000100	3	2
7097	-3.2	0000001110000010	3	2
7098	-3.2	0000001110000110	3	2
7112	-3.2	0000001110100100	3	2
7113	-3.2	0000001110100010	3	2
7114	-3.2	0000001111000010	3	2
7118	-2.9	0000010110100011	4	1
7122	-2.9	0000010110100101	4	1
7123	-2.9	0000010110100101	4	1
7125	-2.9	0000010110100111	4	1
7127	-3.2	0000010110100101	4	1
7129	-3.2	0000001110100110	3	2
7143	-3.2	0000001110100000	3	2
7179	-3.2	0000001110000100	3	2
7180	-3.2	0000001110000010	3	2
7181	-3.2	0000001110000110	3	2
7205	-3.2	0000001111000100	3	2
7212	-3.2	0000001110100010	3	2
7213	-3.2	0000001111000010	3	2
7214	-3.2	0000001110100100	3	2
7227	-3.2	0000001110011100	3	2
7238	-3.2	0000001110011010	3	2
7242	-3.2	0000001110100110	3	2
7252	-2.9	0000010000100000	3	1
7261	-2.9	0000010000000101	4	1
7262	-2.9	0000010000000101	4	1
7270	-2.9	0000010000000111	4	1
7281	-2.9	0000010000100001	4	1
7282	-2.9	0000010001000001	4	1
7283	-2.9	0000010000100001	4	1
7284	-2.9	0000010001000001	4	1
7285	-2.9	0000010001100001	4	1
7299	-3.2	0000010000100001	4	1
7300	-3.2	0000010001000001	4	1
7301	-3.2	0000010001100001	4	1
7336	-2.9	0000010000100011	4	1
7337	-3.2	0000010000100011	4	1
7346	-2.9	0000010000100101	4	1
7348	-3.2	0000010000100101	4	1
7356	-2.9	0000010001000101	4	1
7357	-2.9	0000010001000011	4	1
7362	-3.2	0000010001000101	4	1
7363	-3.2	0000010001000011	4	1
7365	-2.9	0000010001100011	4	1
7370	-3.2	0000010001100011	4	1
7374	-2.9	0000010001011001	4	1
7375	-2.9	0000010001011001	4	1
7376	-2.9	0000010001100101	4	1
7380	-2.9	0000010001011011	4	1
7382	-3.2	0000010001100101	4	1
7390	-2.9	0000010001100111	4	1
7392	-2.9	0000010001111001	4	1
7403	-2.9	0000011000000101	4	1
7404	-2.9	0000011000000101	4	1
7412	-2.9	0000011000000111	4	1
7423	-2.9	0000011000100001	4	1
7424	-2.9	0000011001000001	4	1
7425	-2.9	0000011000100001	4	1
7426	-2.9	0000011001000001	4	1
7441	-3.2	0000011000100001	4	1
7442	-3.2	0000011001000001	4	1
7443	-3.2	0000011001100001	4	1
7478	-2.9	0000011000100011	4	1
7479	-3.2	0000011000100011	4	1
7488	-2.9	0000011000100101	4	1
7490	-3.2	0000011000100101	4	1
7498	-2.9	0000011001000101	4	1
7499	-2.9	0000011001000011	4	1
7504	-3.2	0000011001000101	4	1
7505	-3.2	0000011001000011	4	1
7512	-3.2	0000011001100011	4	1
7516	-2.9	0000011001011001	4	1
7517	-2.9	0000011001011001	4	1
7522	-2.9	0000011001011011	4	1
7524	-3.2	0000011001100101	4	1
7559	-2.9	0000001100000101	4	2
7567	-2.9	0000001100000111	4	2
7582	-2.9	0000001110000001	4	2
7583	-2.9	0000001100100001	4	2
7584	-2.9	0000001101000001	4	2
7594	-2.9	0000001110000001	4	1
7596	-2.9	0000001110000001	4	1
7602	-2.9	0000001110000101	4	2
7619	-2.9	0000001110000011	4	2
7634	-2.9	0000001110000101	4	1
7635	-2.9	0000001110000011	4	1
7642	-2.9	0000001110000111	4	2
7661	-2.9	0000001100100011	4	2
7677	-2.9	0000001100100101	4	2
7694	-2.9	0000001101000101	4	2
7695	-2.9	0000001101000011	4	2
7721	-3.2	0000001110100101	4	2
7736	-2.9	0000001100100000	3	2
7737	-3.2	0000001110100000	3	2
7742	-3.2	0000001110100110	3	2
7743	-3.2	0000001110100110	3	2
8059	-3.2	0010000011111111	2	2
8061	-2.9	0010000000000101	4	2
8066	-2.9	0010000000100001	4	1
8067	-2.9	0010000001000001	4	1
8068	-2.9	0010000001100001	4	1
8098	-2.9	0010000001011001	4	2
8099	-2.9	0010000001100101	4	2
8102	-2.9	0010000000000100	3	2
8106	-2.9	0010000000000101	4	2
8107	-2.9	0010000000000101	4	2
8115	-2.9	0010000000000111	4	2
8126	-2.9	0010000000100001	4	1
8127	-2.9	0010000001000001	4	1
8128	-2.9	0010000000100001	4	1
8129	-2.9	0010000001000001	4	1
8130	-2.9	0010000001100001	4	1
8144	-3.2	0010000000100001	4	1
8145	-3.2	0010000001000001	4	1
8146	-3.2	0010000001100001	4	1
8181	-2.9	0010000000100011	4	2
8182	-3.2	0010000000100011	4	2
8191	-2.9	0010000000100101	4	2
8193	-3.2	0010000000100101	4	2
8201	-2.9	0010000001000101	4	2
8202	-2.9	0010000001000011	4	2
8207	-3.2	0010000001000101	4	2
8208	-3.2	0010000001000011	4	2
8210	-2.9	0010000001100011	4	2
8215	-3.2	0010000001100011	4	2
8219	-2.9	0010000001011001	4	2
8220	-2.9	0010000001011001	4	2
8221	-2.9	0010000001100101	4	2
8225	-2.9	0010000001011011	4	2
8227	-3.2	0010000001100101	4	2
8235	-2.9	0010000001100111	4	2
8237	-2.9	0010000001111001	4	2
8243	-2.9	0010000011100000	3	2
8250	-2.9	0010000011100110	3	2
8265	-3.2	0010000011100000	3	2
8273	-3.2	0010000000011000	3	2
8339	-3.2	0010000000100100	3	2
8358	-3.2	0010000001000010	3	2
8373	-3.2	0010000001011010	3	2
8382	-2.9	0010000001100110	3	2
8383	-3.2	0010000001100110	3	2
8385	-3.2	0010000011100110	3	2
8387	-3.2	0010000001111110	3	2
8398	-2.9	0000010010100000	3	2
8404	-2.9	0000010011100000	3	1
8411	-2.9	0000010000011000	3	2
8419	-2.9	0000010010011000	3	2
8484	-2.9	0000010010000100	3	2
8485	-2.9	0000010010000010	3	2
8486	-2.9	0000010010000110	3	2
8504	-2.9	0000010011000100	3	2
8509	-2.9	0000010000100100	3	2
8523	-2.9	0000010010100100	3	2
8542	-2.9	0000010001000010	3	2
8543	-2.9	0000010010100010	3	2
8544	-2.9	0000010011000010	3	2
8559	-2.9	0000010011000110	3	2
8567	-2.9	0000010001011010	3	2
8578	-2.9	0000010010100110	3	2
8580	-2.9	0000010001100110	3	2
8582	-2.9	0000010011100110	3	1
8584	-2.9	0000010001111110	3	2
8598	-3.2	0000010011100000	3	2
8606	-3.2	0000010000011000	3	2
8672	-3.2	0000010000100100	3	2
8691	-3.2	0000010001000010	3	2
8706	-3.2	0000010001011010	3	2
8715	-2.9	0000010001100110	3	2
8716	-3.2	0000010001100110	3	2
8718	-3.2	0000010011100110	3	2
8720	-3.2	0000010001111110	3	2
8783	-2.9	1010000000000110	4	1
8786	-2.9	1010000000000110	4	1
8791	-2.9	1010000000011000	4	2
8792	-2.9	1010000000011000	4	2
8810	-2.9	1010000000011010	4	2
8821	-2.9	1010000001011000	4	2
8823	-2.9	1010000000011100	4	2
8824	-2.9	1010000000011100	4	2
8825	-2.9	1010000000111000	4	2
8828	-2.9	1010000000111000	4	2
8844	-2.9	1010000000100010	4	1
8845	-2.9	1010000000100010	4	1
8846	-2.9	1010000001000100	4	2
8849	-2.9	1010000001000100	4	2
8852	-2.9	1010000001000010	4	1
8853	-2.9	1010000001100010	4	1
8854	-2.9	1010000001000010	4	1
8855	-2.9	1010000001100010	4	1
8856	-2.9	1010000000100100	4	2
8857	-2.9	1010000000100100	4	2
8863	-2.9	1010000001000110	4	1
8866	-2.9	1010000000100110	4	1
8867	-2.9	1010000000100110	4	1
8868	-2.9	1010000001100100	4	2
8871	-2.9	1010000001100100	4	2
8875	-2.9	1010000001000110	4	1
8879	-2.9	1010000000111010	4	1
8880	-2.9	1010000001011100	4	2
8882	-2.9	1010000001100110	4	1
8884	-2.9	1010000001011100	4	2
8886	-2.9	1010000001011010	4	1
8887	-2.9	1010000001100110	4	1
8907	-2.9	1010000000000110	4	1
8914	-2.9	1010000000011000	4	2
8915	-2.9	1010000000011000	4	2
8929	-2.9	1010000000011010	4	2
8936	-2.9	1010000001011000	4	2
8946	-2.9	1010000000011100	4	2
8951	-2.9	1010000000111000	4	2
8971	-2.9	1010000000100010	4	1
8974	-2.9	1010000001000100	4	2
8977	-2.9	1010000001000010	4	1
8978	-2.9	1010000001000010	4	1
8979	-2.9	1010000001100010	4	1
8980	-2.9	1010000000100100	4	2
8981	-2.9	1010000000100100	4	2
8991	-2.9	1010000000100110	4	1
8994	-2.9	1010000001100100	4	2
9000	-2.9	1010000001000110	4	1
9005	-2.9	1010000000111010	4	1
9008	-2.9	1010000001011100	4	2
9011	-2.9	1010000001011010	4	1
9012	-2.9	1010000001100110	4	1
9039	-3.2	0000010110100000	3	2
9040	-2.9	0000010110100000	3	1
9041	-3.2	0000010110100000	3	2
9047	-3.2	0000010111100000	3	1
9048	-3.2	0000010111100000	3	1
9058	-2.9	0000010100011000	3	2
9059	-3.2	0000010100011000	3	2
9065	-2.9	0000010110011000	3	1
9066	-3.2	0000010110011000	3	2
9078	-2.9	0000010110000100	3	1
9079	-2.9	0000010110000010	3	1
9080	-2.9	0000010110000110	3	1
9093	-3.2	0000010110000100	3	2
9094	-3.2	0000010110000010	3	2
9095	-3.2	0000010110000110	3	2
9107	-2.9	0000010110000100	3	1
9108	-2.9	0000010110000010	3	1
9109	-2.9	0000010110000110	3	1
9118	-3.2	0000010110000100	3	2
9119	-3.2	0000010110000010	3	2
9120	-3.2	0000010110000110	3	2
9132	-2.9	0000010110000100	3	1
9133	-2.9	0000010110000010	3	1
9134	-2.9	0000010110000110	3	1
9145	-3.2	0000010110000100	3	2
9146	-3.2	0000010110000010	3	2
9147	-3.2	0000010110000110	3	2
9158	-3.2	0000010111000100	3	2
9164	-3.2	0000010111000100	3	2
9170	-2.9	0000010100100100	3	2
9171	-3.2	0000010100100100	3	2
9176	-3.2	0000010110100100	3	2
9179	-3.2	0000010110100100	3	2
9181	-2.9	0000010110100100	3	1
9184	-3.2	0000010110100100	3	2
9188	-2.9	0000010101000010	3	2
9189	-2.9	0000010110100010	3	1
9194	-3.2	0000010110100010	3	2
9195	-3.2	0000010111000010	3	2
9197	-3.2	0000010110100010	3	2
9198	-3.2	0000010111000010	3	2
9200	-3.2	0000010101000010	3	2
9201	-3.2	0000010110100010	3	2
9202	-3.2	0000010111000010	3	2
9205	-2.9	0000010110011100	3	1
9211	-3.2	0000010111000110	3	2
9216	-3.2	0000010111000110	3	2
9219	-2.9	0000010110011010	3	1
9223	-2.9	0000010110100110	3	1
9224	-3.2	0000010101011010	3	2
9228	-3.2	0000010110100110	3	2
9229	-3.2	0000010110100110	3	2
9231	-2.9	0000010110100110	3	1
9235	-3.2	0000010110100110	3	2
9236	-2.9	0000010101100110	3	1
9237	-3.2	0000010101100110	3	2
9238	-2.9	0000010110011110	3	1
9239	-3.2	0000010111100110	3	1
9240	-3.2	0000010111100110	3	1
9242	-3.2	0000010101111110	3	2
9251	-2.9	0110000000100001	4	1
9252	-2.9	0110000001000001	4	1
9269	-2.9	0110000001011001	4	2
9307	-3.2	0000010110000100	3	2
9308	-3.2	0000010110000010	3	2
9309	-3.2	0000010110000110	3	2
9333	-3.2	0000010111000100	3	2
9340	-3.2	0000010110100010	3	2
9341	-3.2	0000010111000010	3	2
9342	-3.2	0000010110100100	3	2
9355	-3.2	0000010110011100	3	2
9366	-3.2	0000010110011010	3	2
9370	-3.2	0000010110100110	3	2
9371	-3.2	0000010111011010	3	2
9380	-2.9	0000010110100000	3	2
9394	-3.2	0000011000011000	3	1
9460	-3.2	0000011000100100	3	1
9479	-3.2	0000011001000010	3	1
9494	-3.2	0000011001011010	3	1
9496	-2.9	0000010110100110	3	2
9502	-2.9	0000010110100110	3	2
9504	-3.2	0000011001100110	3	1
9508	-3.2	0000011001111110	3	1
9514	-3.2	0000010110100110	3	2
9515	-3.2	0000010110100110	3	2
9835	-2.9	0110000000000110	3	2
9837	-2.9	0110000000000111	4	2
9848	-2.9	0110000000100001	4	1
9849	-2.9	0110000001000001	4	1
9850	-2.9	0110000000100001	4	1
9851	-2.9	0110000001000001	4	1
9852	-2.9	0110000001100001	4	1
9866	-3.2	0110000000100001	4	1
9867	-3.2	0110000001000001	4	1
9868	-3.2	0110000001100001	4	1
9903	-2.9	0110000000100011	4	1
9904	-3.2	0110000000100011	4	1
9913	-2.9	0110000000100101	4	1
9915	-3.2	0110000000100101	4	1
9923	-2.9	0110000001000101	4	1
9924	-2.9	0110000001000011	4	1
9929	-3.2	0110000001000101	4	1
9930	-3.2	0110000001000011	4	1
9932	-2.9	0110000001100011	4	1
9937	-3.2	0110000001100011	4	1
9941	-2.9	0110000001011001	4	2
9942	-2.9	0110000001011001	4	2
9943	-2.9	0110000001100101	4	1
9947	-2.9	0110000001011011	4	2
9949	-3.2	0110000001100101	4	1
9957	-2.9	0110000001100111	4	2
9959	-2.9	0110000001111001	4	2
9964	-3.2	0110000011100000	3	2
9972	-3.2	0110000000011000	3	2
10038	-3.2	0110000000100100	3	2
10057	-3.2	0110000001000010	3	1
10072	-3.2	0110000001011010	3	2
10081	-2.9	0110000001100110	3	2
10082	-3.2	0110000001100110	3	2
10084	-3.2	0110000011100110	3	2
10086	-3.2	0110000001111110	3	2
10093	-2.9	1110000000011000	4	2
10094	-2.9	1110000000011000	4	2
10109	-2.9	1110000000011010	4	2
10116	-2.9	1110000001011000	4	2
10126	-2.9	1110000000011100	4	2
10131	-2.9	1110000000111000	4	2
10151	-2.9	1110000000100010	4	1
10154	-2.9	1110000001000100	4	2
10157	-2.9	1110000001000010	4	1
10158	-2.9	1110000001000010	4	1
10159	-2.9	1110000001100010	4	1
10160	-2.9	1110000000100100	4	2
10161	-2.9	1110000000100100	4	2
10171	-2.9	1110000000100110	4	1
10174	-2.9	1110000001100100	4	2
10180	-2.9	1110000001000110	4	2
10185	-2.9	1110000000111010	4	2
10188	-2.9	1110000001011100	4	2
10191	-2.9	1110000001011010	4	2
10192	-2.9	1110000001100110	4	1
10220	-3.2	0000011110000100	3	2
10221	-3.2	0000011110000010	3	2
10222	-3.2	0000011110000110	3	2
10226	-3.2	0000011110000100	3	2
10227	-3.2	0000011110000010	3	2
10228	-3.2	0000011110000110	3	2
10237	-3.2	0000011110011100	3	2
10239	-3.2	0000011110011010	3	2
10240	-3.2	0000011110100110	3	2
10250	-2.9	0000011100011000	3	2
10251	-3.2	0000011100011000	3	2
10252	-3.2	0000011100011000	3	2
10269	-3.2	0000011100011010	3	2
10271	-3.2	0000011101011000	3	2
10277	-3.2	0000011110000100	3	2
10278	-3.2	0000011110000010	3	2
10279	-3.2	0000011110000110	3	2
10290	-3.2	0000011100011100	3	2
10291	-3.2	0000011100111000	3	2
10294	-3.2	0000011110000100	3	2
10295	-3.2	0000011110000010	3	2
10296	-3.2	0000011110000110	3	2
10317	-3.2	0000011110000100	3	2
10318	-3.2	0000011110000010	3	2
10319	-3.2	0000011110000110	3	2
10331	-3.2	0000011100100010	3	2
10333	-3.2	0000011101000100	3	2
10347	-3.2	0000011100100100	3	2
10348	-3.2	0000011100100100	3	2
10352	-3.2	0000011101000010	3	2
10357	-3.2	0000011101000010	3	2
10364	-3.2	0000011100100110	3	2
10370	-3.2	0000011101000110	3	2
10376	-3.2	0000011110011100	3	2
10379	-3.2	0000011100111010	3	2
10380	-3.2	0000011101011100	3	2
10383	-3.2	0000011100111100	3	2
10388	-3.2	0000011110011010	3	2
10390	-3.2	0000011110011010	3	2
10391	-3.2	0000011101011010	3	2
10392	-3.2	0000011101011010	3	2
10394	-3.2	0000011110100110	3	2
10396	-3.2	0000011101011110	3	2
10399	-3.2	0000011110011110	3	2
10400	-3.2	0000011110100110	3	2
10829	-3.2	0001100011111111	2	2
10832	-2.9	0001100000100001	4	2
10833	-2.9	0001100001000001	4	2
10834	-2.9	0001100001100001	4	2
10864	-2.9	0001100001011001	4	2
10865	-2.9	0001100001100101	4	2
10868	-2.9	0001100000011000	3	2
10869	-2.9	0001100000011000	3	2
10872	-2.9	0001100001100001	4	2
10873	-2.9	0001100010000001	4	2
10874	-2.9	0001100000100001	4	2
10875	-2.9	0001100001000001	4	2
10876	-2.9	0001100001100001	4	2
10890	-2.9	0001100010000101	4	2
10941	-2.9	0001100001000101	4	2
10942	-2.9	0001100000100011	4	2
10955	-2.9	0001100000100101	4	2
10956	-2.9	0001100000100101	4	2
10970	-2.9	0001100001000101	4	2
10971	-2.9	0001100001000011	4	2
10975	-2.9	0001100001100011	4	2
10976	-2.9	0001100010100011	4	2
10977	-2.9	0001100001100011	4	2
10990	-2.9	0001100001011001	4	2
10991	-2.9	0001100010100101	4	2
10992	-2.9	0001100001100101	4	2
10996	-3.2	0001100010100101	4	2
11002	-2.9	0001100001100111	4	2
11004	-2.9	0001100001111001	4	2
11007	-2.9	0001100000011000	3	2
11012	-2.9	0001100000100001	4	2
11013	-2.9	0001100001000001	4	2
11014	-2.9	0001100000100001	4	2
11015	-2.9	0001100001000001	4	2
11016	-2.9	0001100001100001	4	2
11030	-3.2	0001100000100001	4	2
11031	-3.2	0001100001000001	4	2
11032	-3.2	0001100001100001	4	2
11067	-2.9	0001100000100011	4	2
11068	-3.2	0001100000100011	4	2
11077	-2.9	0001100000100101	4	2
11079	-3.2	0001100000100101	4	2
11087	-2.9	0001100001000101	4	2
11088	-2.9	0001100001000011	4	2
11093	-3.2	0001100001000101	4	2
11094	-3.2	0001100001000011	4	2
11096	-2.9	0001100001100011	4	2
11101	-3.2	0001100001100011	4	2
11105	-2.9	0001100001011001	4	2
11106	-2.9	0001100001011001	4	2
11107	-2.9	0001100001100101	4	2
11111	-2.9	0001100001011011	4	2
11113	-3.2	0001100001100101	4	2
11121	-2.9	0001100001100111	4	2
11123	-2.9	0001100001111001	4	2
11132	-2.9	0001100011100110	3	2
11136	-3.2	0001100000011000	3	2
11220	-3.2	0001100000100100	3	2
11241	-3.2	0001100001000010	3	2
11262	-3.2	0001100001011010	3	2
11269	-3.2	0001100001100110	3	2
11271	-3.2	0001100011100110	3	2
11273	-3.2	0001100001111110	3	2
11276	-3.2	0001100000011000	3	2
11342	-3.2	0001100000100100	3	2
11361	-3.2	0001100001000010	3	2
11376	-3.2	0001100001011010	3	2
11385	-2.9	0001100001100110	3	2
11386	-3.2	0001100001100110	3	2
11388	-3.2	0001100011100110	3	2
11390	-3.2	0001100001111110	3	2
11396	-2.9	0001100010100110	3	2
11400	-3.5	0001100000011000	3	2
11415	-3.2	0001100000011010	3	2
11417	-3.2	0001100001011000	3	2
11431	-3.2	0001100000011100	3	2
11432	-3.2	0001100000111000	3	2
11454	-3.2	0001100000100010	3	2
11455	-3.2	0001100001000100	3	2
11464	-3.2	0001100000100100	3	2
11465	-3.2	0001100000100100	3	2
11468	-3.2	0001100001000010	3	2
11471	-3.2	0001100001000010	3	2
11472	-3.2	0001100001100010	3	2
11474	-3.2	0001100000100110	3	2
11475	-3.2	0001100001100100	3	2
11479	-3.2	0001100001000110	3	2
11488	-3.2	0001100000111010	3	2
11489	-3.2	0001100001011100	3	2
11492	-3.2	0001100000111100	3	2
11498	-3.2	0001100001011010	3	2
11499	-3.2	0001100001011010	3	2
11502	-3.2	0001100010100110	3	2
11505	-3.2	0001100001011110	3	2
11506	-3.2	0001100001100110	3	2
11507	-3.2	0001100001111010	3	2
11508	-3.2	0001100010100110	3	2
11668	-2.9	1000010000011010	4	1
11679	-2.9	1000010001011000	4	1
11681	-2.9	1000010000011100	4	1
11682	-2.9	1000010000011100	4	1
11683	-2.9	1000010000111000	4	1
11686	-2.9	1000010000111000	4	1
11702	-2.9	1000010000100010	4	1
11703	-2.9	1000010000100010	4	1
11704	-2.9	1000010001000100	4	1
11707	-2.9	1000010001000100	4	1
11709	-2.9	1000010001000010	4	1
11710	-2.9	1000010001100010	4	1
11711	-2.9	1000010001000010	4	1
11712	-2.9	1000010001100010	4	1
11713	-2.9	1000010000100100	4	1
11714	-2.9	1000010000100100	4	1
11720	-2.9	1000010001000110	4	1
11723	-2.9	1000010000100110	4	1
11724	-2.9	1000010000100110	4	1
11725	-2.9	1000010001100100	4	1
11728	-2.9	1000010001100100	4	1
11732	-2.9	1000010001000110	4	1
11736	-2.9	1000010000111010	4	1
11737	-2.9	1000010001011100	4	1
11739	-2.9	1000010001100110	4	1
11741	-2.9	1000010001011100	4	1
11743	-2.9	1000010001011010	4	1
11744	-2.9	1000010001100110	4	1
11769	-2.9	1000001000011010	4	1
11780	-2.9	1000001001011000	4	1
11782	-2.9	1000001000011100	4	1
11783	-2.9	1000001000011100	4	1
11784	-2.9	1000001000111000	4	1
11787	-2.9	1000001000111000	4	1
11802	-2.9	0001100110000001	2	2
11803	-2.9	1000001000100010	4	1
11804	-2.9	1000001000100010	4	1
11805	-2.9	1000001001000100	4	1
11808	-2.9	1000001001000100	4	1
11810	-2.9	1000001001000010	4	1
11811	-2.9	1000001001100010	4	1
11812	-2.9	1000001001000010	4	1
11813	-2.9	1000001001100010	4	1
11814	-2.9	1000001000100100	4	1
11815	-2.9	1000001000100100	4	1
11821	-2.9	1000001001000110	4	1
11824	-2.9	1000001000100110	4	1
11825	-2.9	1000001000100110	4	1
11826	-2.9	1000001001100100	4	1
11829	-2.9	1000001001100100	4	1
11833	-2.9	1000001001000110	4	1
11837	-2.9	1000001000111010	4	1
11838	-2.9	1000001001011100	4	1
11840	-2.9	1000001001100110	4	1
11842	-2.9	1000001001011100	4	1
11844	-2.9	1000001001011010	4	1
11845	-2.9	1000001001100110	4	1
11854	-2.9	0001100110100101	2	2
11857	-2.9	0001100110011001	2	2
11868	-2.9	1000011000011100	4	1
11869	-2.9	1000011000111000	4	1
11870	-2.9	1000011000100010	4	1
11871	-2.9	1000011001000100	4	1
11872	-2.9	1000011001000010	4	1
11873	-2.9	1000011000100100	4	1
11876	-2.9	1000011001011100	4	1
11893	-2.9	1000011001000010	4	1
11895	-2.9	1000011000100100	4	1
11918	-2.9	1000000110000100	4	1
11919	-2.9	1000000110000110	4	1
11946	-2.9	1000000101000010	4	1
11947	-2.9	1000000110100010	4	1
11948	-2.9	1000000100100100	4	1
11952	-2.9	1000000110100100	4	1
11965	-2.9	1000000101100110	4	1
11986	-2.9	1000010000011010	4	1
11993	-2.9	1000010001011000	4	1
12003	-2.9	1000010000011100	4	1
12008	-2.9	1000010000111000	4	1
12028	-2.9	1000010000100010	4	1
12031	-2.9	1000010001000100	4	1
12034	-2.9	1000010001000010	4	1
12035	-2.9	1000010001000010	4	1
12036	-2.9	1000010001100010	4	1
12037	-2.9	1000010000100100	4	1
12038	-2.9	1000010000100100	4	1
12048	-2.9	1000010000100110	4	1
12051	-2.9	1000010001100100	4	1
12057	-2.9	1000010001000110	4	1
12062	-2.9	1000010000111010	4	1
12065	-2.9	1000010001011100	4	1
12068	-2.9	1000010001011010	4	1
12069	-2.9	1000010001100110	4	1
12097	-2.9	1000001000011010	4	1
12104	-2.9	1000001001011000	4	1
12114	-2.9	1000001000011100	4	1
12119	-2.9	1000001000111000	4	1
12137	-2.9	0001100110000001	2	2
12139	-2.9	1000001000100010	4	1
12142	-2.9	1000001001000100	4	1
12145	-2.9	1000001001000010	4	1
12146	-2.9	1000001001000010	4	1
12147	-2.9	1000001001100010	4	1
12148	-2.9	1000001000100100	4	1
12149	-2.9	1000001000100100	4	1
12159	-2.9	1000001000100110	4	1
12162	-2.9	1000001001100100	4	1
12168	-2.9	1000001001000110	4	1
12173	-2.9	1000001000111010	4	1
12176	-2.9	1000001001011100	4	1
12179	-2.9	1000001001011010	4	1
12180	-2.9	1000001001100110	4	1
12193	-2.9	0001100110100101	2	2
12199	-2.9	0001100110011001	2	2
12202	-2.9	0001100110011000	3	2
12207	-2.9	1000011000011010	4	1
12214	-2.9	1000011001011000	4	1
12224	-2.9	1000011000011100	4	1
12229	-2.9	1000011000111000	4	1
12249	-2.9	1000011000100010	4	1
12252	-2.9	1000011001000100	4	1
12255	-2.9	1000011001000010	4	1
12256	-2.9	1000011001000010	4	1
12258	-2.9	1000011000100100	4	1
12259	-2.9	1000011000100100	4	1
12269	-2.9	1000011000100110	4	1
12278	-2.9	1000011001000110	4	1
12283	-2.9	1000011000111010	4	1
12286	-2.9	1000011001011100	4	1
12289	-2.9	1000011001011010	4	1
12298	-2.9	0001100110100110	3	2
12304	-2.9	0001100110100110	3	2
12314	-3.2	0001100110100110	3	2
12315	-3.2	0001100110100110	3	2
12946	-2.9	0101100000011010	3	2
12955	-3.2	0101100000100001	4	1
12956	-3.2	0101100001000001	4	1
12957	-3.2	0101100001100001	4	1
12992	-2.9	0101100000100011	4	1
12993	-3.2	0101100000100011	4	1
13002	-2.9	0101100000100101	4	2
13004	-3.2	0101100000100101	4	2
13012	-2.9	0101100001000101	4	2
13013	-2.9	0101100001000011	4	1
13018	-3.2	0101100001000101	4	2
13019	-3.2	0101100001000011	4	1
13021	-2.9	0101100001100011	4	1
13026	-3.2	0101100001100011	4	1
13030	-2.9	0101100001011001	4	2
13031	-2.9	0101100001011001	4	2
13032	-2.9	0101100001100101	4	2
13036	-2.9	0101100001011011	4	2
13038	-3.2	0101100001100101	4	2
13046	-2.9	0101100001100111	4	2
13048	-2.9	0101100001111001	4	2
13098	-2.9	0010000110000001	2	1
13165	-2.9	0010000110100101	2	2
13170	-2.9	0010000110011001	2	2
13219	-2.9	0100000110000001	2	1
13286	-2.9	0100000110100101	2	1
13291	-2.9	0100000110011001	2	1
13351	-2.9	1000000110000100	4	1
13352	-2.9	1000000110000110	4	1
13380	-2.9	1000000110000001	2	1
13393	-2.9	1000000110100010	4	1
13405	-2.9	1000000110100100	4	1
13444	-2.9	1000000110100101	4	1
13447	-2.9	1000000110100101	2	1
13452	-2.9	1000000110011001	2	1
13521	-3.2	0101100000100100	3	2
13540	-3.2	0101100001000010	3	1
13555	-3.2	0101100001011010	3	2
13564	-2.9	0101100001100110	3	2
13565	-3.2	0101100001100110	3	2
13567	-3.2	0101100011100110	3	2
13569	-3.2	0101100001111110	3	2
13575	-2.9	0010000110000100	3	2
13576	-2.9	0010000110000010	3	2
13577	-2.9	0010000110000110	3	2
13592	-2.9	0010000111000100	3	2
13598	-2.9	0010000110100100	3	2
13600	-2.9	0010000110100010	3	2
13601	-2.9	0010000111000010	3	2
13605	-2.9	0010000111000110	3	2
13609	-2.9	0010000110100110	3	2
13616	-2.9	0100000110000100	3	2
13617	-2.9	0100000110000010	3	1
13618	-2.9	0100000110000110	3	1
13633	-2.9	0100000111000100	3	2
13639	-2.9	0100000110100100	3	2
13641	-2.9	0100000110100010	3	1
13642	-2.9	0100000111000010	3	1
13646	-2.9	0100000111000110	3	1
13650	-2.9	0100000110100110	3	1
13657	-2.9	0110000110000100	3	2
13658	-2.9	0110000110000010	3	1
13659	-2.9	0110000110000110	3	2
13674	-2.9	0110000111000100	3	2
13680	-2.9	0110000110100100	3	2
13682	-2.9	0110000110100010	3	1
13683	-2.9	0110000111000010	3	1
13686	-2.9	0110000111000110	3	2
13690	-2.9	0110000110100110	3	2
13727	-2.9	1000000110000001	2	1
13783	-2.9	1000000110100101	2	1
13789	-2.9	1000000110011001	2	1
13826	-2.9	1000010110000001	2	1
13841	-3.2	0001101000100100	3	2
13860	-3.2	0001101001000010	3	2
13875	-3.2	0001101001011010	3	2
13882	-2.9	1000010110100101	2	1
13884	-2.9	0001101001100110	3	2
13885	-3.2	0001101001100110	3	2
13887	-3.2	0001101011100110	3	2
13888	-2.9	1000010110011001	2	1
13889	-3.2	0001101001111110	3	2
13891	-2.9	0001101001011000	3	2
13893	-3.2	0001101000100001	4	2
13894	-3.2	0001101001000001	4	2
13895	-3.2	0001101001100001	4	2
13924	-2.9	1000001110000001	2	1
13930	-2.9	0001101000100011	4	2
13931	-3.2	0001101000100011	4	2
13940	-2.9	0001101000100101	4	2
13942	-3.2	0001101000100101	4	2
13950	-2.9	0001101001000101	4	2
13951	-2.9	0001101001000011	4	2
13956	-3.2	0001101001000101	4	2
13957	-3.2	0001101001000011	4	2
13959	-2.9	0001101001100011	4	2
13964	-3.2	0001101001100011	4	2
13968	-2.9	0001101001011001	4	2
13969	-2.9	0001101001011001	4	2
13970	-2.9	0001101001100101	4	2
13974	-2.9	0001101001011011	4	2
13976	-3.2	0001101001100101	4	2
13984	-2.9	0001101001100111	4	2
14280	-2.9	1010000110000100	4	2
14281	-2.9	1010000110000110	4	1
14308	-2.9	1010000101000010	4	1
14309	-2.9	1010000110100010	4	1
14310	-2.9	1010000100100100	4	2
14314	-2.9	1010000110100100	4	2
14327	-2.9	1010000101100110	4	1
14346	-3.2	0010000110000100	3	2
14347	-3.2	0010000110000010	3	2
14348	-3.2	0010000110000110	3	2
14371	-3.2	0010000111000100	3	2
14379	-3.2	0010000110100100	3	2
14385	-3.2	0010000110100010	3	2
14386	-3.2	0010000111000010	3	2
14387	-3.2	0010000111100010	3	2
14390	-3.2	0010000111000110	3	2
14394	-2.9	0010000110100110	3	2
14398	-3.2	0010000110100110	3	2
14401	-2.9	0010000101100110	3	2
14402	-3.2	0010000111100110	3	2
14403	-3.2	0010000111100110	3	2
14409	-3.2	0100000110000100	3	2
14410	-3.2	0100000110000010	3	1
14411	-3.2	0100000110000110	3	1
14434	-3.2	0100000111000100	3	2
14442	-3.2	0100000110100100	3	2
14448	-3.2	0100000110100010	3	1
14449	-3.2	0100000111000010	3	1
14450	-3.2	0100000111100010	3	1
14453	-3.2	0100000111000110	3	1
14457	-2.9	0100000110100110	3	1
14461	-3.2	0100000110100110	3	1
14464	-2.9	0100000101100110	3	1
14465	-3.2	0100000111100110	3	1
14466	-3.2	0100000111100110	3	1
14471	-3.2	0110000110000100	3	2
14472	-3.2	0110000110000010	3	1
14473	-3.2	0110000110000110	3	2
14496	-3.2	0110000111000100	3	2
14504	-3.2	0110000110100100	3	2
14510	-3.2	0110000110100010	3	1
14511	-3.2	0110000111000010	3	1
14512	-3.2	0110000111100010	3	1
14515	-3.2	0110000111000110	3	2
14519	-2.9	0110000110100110	3	2
14523	-3.2	0110000110100110	3	2
14527	-3.2	0110000111100110	3	2
14528	-3.2	0110000111100110	3	2
14530	-2.9	0010000110000100	3	2
14574	-2.9	0010000110100011	4	2
14578	-2.9	0010000110100101	4	2
14579	-2.9	0010000110100101	4	2
14581	-2.9	0010000110100111	4	2
14583	-3.2	0010000110100101	4	2
14591	-2.9	0110000110000110	3	2
14634	-2.9	0110000110100011	4	1
14638	-2.9	0110000110100101	4	1
14639	-2.9	0110000110100101	4	1
14641	-2.9	0110000110100111	4	2
14643	-3.2	0110000110100101	4	1
14652	-3.2	1000010000011100	4	1
14655	-3.2	1000010000111000	4	1
14677	-3.2	1000010000100010	4	1
14680	-3.2	1000010001000100	4	1
14682	-3.2	0010000111000100	3	2
14684	-3.2	1000010001000010	4	1
14685	-3.2	1000010001100010	4	1
14686	-3.2	1000010000100100	4	1
14690	-3.2	0010000110100100	3	2
14692	-3.2	0010000110100010	3	2
14693	-3.2	0010000111000010	3	2
14696	-3.2	1000010000100110	4	1
14699	-3.2	1000010001100100	4	1
14703	-3.2	1000010001000110	4	1
14707	-3.2	1000010000111010	4	1
14710	-3.2	1000010001011100	4	1
14711	-3.2	0010000111000110	3	2
14713	-3.2	1000010001011010	4	1
14714	-3.2	1000010001100110	4	1
14720	-3.2	0010000110100110	3	2
14731	-3.2	1000001000011100	4	1
14734	-3.2	1000001000111000	4	1
14756	-3.2	1000001000100010	4	1
14759	-3.2	1000001001000100	4	1
14761	-3.2	0100000111000100	3	2
14763	-3.2	1000001001000010	4	1
14764	-3.2	1000001001100010	4	1
14765	-3.2	1000001000100100	4	1
14769	-3.2	0100000110100100	3	2
14771	-3.2	0100000110100010	3	1
14772	-3.2	0100000111000010	3	1
14775	-3.2	1000001000100110	4	1
14778	-3.2	1000001001100100	4	1
14782	-3.2	1000001001000110	4	1
14786	-3.2	1000001000111010	4	1
14789	-3.2	1000001001011100	4	1
14790	-3.2	0100000111000110	3	1
14792	-3.2	1000001001011010	4	1
14793	-3.2	1000001001100110	4	1
14799	-3.2	0100000110100110	3	1
14810	-3.2	1000011000011100	4	1
14813	-3.2	1000011000111000	4	1
14835	-3.2	1000011000100010	4	1
14838	-3.2	1000011001000100	4	1
14840	-3.2	0110000111000100	3	2
14842	-3.2	1000011001000010	4	1
14843	-3.2	1000011001100010	4	1
14844	-3.2	1000011000100100	4	1
14848	-3.2	0110000110100100	3	2
14850	-3.2	0110000110100010	3	1
14851	-3.2	0110000111000010	3	1
14854	-3.2	1000011000100110	4	1
14857	-3.2	1000011001100100	4	1
14861	-3.2	1000011001000110	4	1
14865	-3.2	1000011000111010	4	1
14868	-3.2	1000011001011100	4	1
14869	-3.2	0110000111000110	3	2
14871	-3.2	1000011001011010	4	1
14872	-3.2	1000011001100110	4	1
14878	-3.2	0110000110100110	3	2
15449	-2.9	0011100001011001	4	2
15450	-2.9	0011100001100101	4	2
15453	-2.9	0011100000011100	3	2
15482	-2.9	0011100000100011	4	2
15483	-3.2	0011100000100011	4	2
15492	-2.9	0011100000100101	4	2
15494	-3.2	0011100000100101	4	2
15502	-2.9	0011100001000101	4	2
15503	-2.9	0011100001000011	4	2
15508	-3.2	0011100001000101	4	2
15509	-3.2	0011100001000011	4	2
15511	-2.9	0011100001100011	4	2
15516	-3.2	0011100001100011	4	2
15520	-2.9	0011100001011001	4	2
15521	-2.9	0011100001011001	4	2
15522	-2.9	0011100001100101	4	2
15526	-2.9	0011100001011011	4	2
15528	-3.2	0011100001100101	4	2
15536	-2.9	0011100001100111	4	2
15538	-2.9	0011100001111001	4	2
15571	-2.9	0010000110000001	2	1
15637	-2.9	0010000110100101	2	2
15642	-2.9	0010000110011001	2	2
15674	-2.9	0100000110000001	2	1
15740	-2.9	0100000110100101	2	1
15745	-2.9	0100000110011001	2	1
15787	-2.9	0001110001011001	4	2
15788	-2.9	0001110001100101	4	2
15826	-3.2	0011100000100100	3	2
15845	-3.2	0011100001000010	3	1
15860	-3.2	0011100001011010	3	2
15869	-2.9	0011100001100110	3	2
15870	-3.2	0011100001100110	3	2
15872	-3.2	0011100011100110	3	2
15874	-3.2	0011100001111110	3	2
15877	-2.9	0010000110000100	3	2
15878	-2.9	0010000110000010	3	2
15879	-2.9	0010000110000110	3	2
15888	-2.9	0010000111000100	3	2
15892	-2.9	0010000110100010	3	2
15893	-2.9	0010000111000010	3	2
15894	-2.9	0010000110100100	3	2
15896	-2.9	0010000110011100	3	2
15901	-2.9	0010000110011010	3	2
15902	-2.9	0010000110100110	3	2
15906	-2.9	0100000110000100	3	2
15907	-2.9	0100000110000010	3	1
15908	-2.9	0100000110000110	3	1
15917	-2.9	0100000111000100	3	2
15921	-2.9	0100000110100010	3	1
15922	-2.9	0100000111000010	3	1
15923	-2.9	0100000110100100	3	2
15925	-2.9	0100000110011100	3	1
15930	-2.9	0100000110011010	3	1
15931	-2.9	0100000110100110	3	1
15935	-2.9	0110000110000100	3	2
15936	-2.9	0110000110000010	3	1
15937	-2.9	0110000110000110	3	2
15946	-2.9	0110000111000100	3	2
15950	-2.9	0110000110100010	3	1
15951	-2.9	0110000111000010	3	1
15952	-2.9	0110000110100100	3	2
15954	-2.9	0110000110011100	3	2
15958	-2.9	0110000110011010	3	2
15959	-2.9	0110000110100110	3	2
15995	-3.2	0001110000100100	3	2
16014	-3.2	0001110001000010	3	2
16029	-3.2	0001110001011010	3	2
16038	-2.9	0001110001100110	3	2
16039	-3.2	0001110001100110	3	2
16041	-3.2	0001110011100110	3	2
16043	-3.2	0001110001111110	3	2
16045	-2.9	0001110000111000	3	2
16069	-2.9	0001110000100011	4	2
16070	-3.2	0001110000100011	4	2
16079	-2.9	0001110000100101	4	2
16081	-3.2	0001110000100101	4	2
16089	-2.9	0001110001000101	4	2
16090	-2.9	0001110001000011	4	2
16095	-3.2	0001110001000101	4	2
16096	-3.2	0001110001000011	4	2
16098	-2.9	0001110001100011	4	2
16103	-3.2	0001110001100011	4	2
16107	-2.9	0001110001011001	4	2
16108	-2.9	0001110001011001	4	2
16109	-2.9	0001110001100101	4	2
16113	-2.9	0001110001011011	4	2
16115	-3.2	0001110001100101	4	2
16123	-2.9	0001110001100111	4	2
16125	-2.9	0001110001111001	4	2
16132	-2.9	1100000110000100	4	2
16133	-2.9	1100000110000110	4	1
16138	-2.9	1100000110100010	4	1
16149	-2.9	1100000110100100	4	2
16157	-2.9	1100000110100110	4	1
16178	-3.2	0010000110000100	3	2
16179	-3.2	0010000110000010	3	2
16180	-3.2	0010000110000110	3	2
16194	-3.2	0010000110100100	3	2
16195	-3.2	0010000110100010	3	2
16196	-3.2	0010000111000010	3	2
16199	-3.2	0010000111100100	3	2
16203	-2.9	0010000111000110	3	2
16211	-3.2	0010000110100110	3	2
16213	-2.9	0010000101100110	3	2
16214	-3.2	0010000111100110	3	2
16215	-3.2	0010000111100110	3	2
16221	-3.2	0100000110000100	3	2
16222	-3.2	0100000110000010	3	1
16223	-3.2	0100000110000110	3	1
16237	-3.2	0100000110100100	3	2
16238	-3.2	0100000110100010	3	1
16239	-3.2	0100000111000010	3	1
16242	-3.2	0100000111100100	3	1
16246	-2.9	0100000111000110	3	1
16254	-3.2	0100000110100110	3	1
16256	-2.9	0100000101100110	3	1
16257	-3.2	0100000111100110	3	1
16258	-3.2	0100000111100110	3	1
16263	-3.2	0110000110000100	3	2
16264	-3.2	0110000110000010	3	1
16265	-3.2	0110000110000110	3	2
16279	-3.2	0110000110100100	3	2
16280	-3.2	0110000110100010	3	1
16281	-3.2	0110000111000010	3	1
16284	-3.2	0110000111100100	3	2
16288	-2.9	0110000111000110	3	2
16296	-3.2	0110000110100110	3	2
16299	-3.2	0110000111100110	3	2
16300	-3.2	0110000111100110	3	2
16302	-2.9	0010000110000100	3	2
16343	-2.9	0110000110000110	3	2
16404	-3.2	0010000111000100	3	2
16411	-3.2	0010000110100010	3	2
16412	-3.2	0010000111000010	3	2
16413	-3.2	0010000110100100	3	2
16426	-3.2	0010000110011100	3	2
16437	-3.2	0010000110011010	3	2
16441	-3.2	0010000110100110	3	2
16442	-3.2	0010000111011010	3	2
16472	-3.2	0100000111000100	3	2
16479	-3.2	0100000110100010	3	1
16480	-3.2	0100000111000010	3	1
16481	-3.2	0100000110100100	3	2
16494	-3.2	0100000110011100	3	1
16505	-3.2	0100000110011010	3	1
16509	-3.2	0100000110100110	3	1
16510	-3.2	0100000111011010	3	1
16540	-3.2	0110000111000100	3	2
16547	-3.2	0110000110100010	3	1
16548	-3.2	0110000111000010	3	1
16549	-3.2	0110000110100100	3	2
16562	-3.2	0110000110011100	3	2
16573	-3.2	0110000110011010	3	2
16577	-3.2	0110000110100110	3	2
16578	-3.2	0110000111011010	3	2
17054	-2.9	0010000110000001	2	1
17110	-2.9	0010000110100101	2	2
17116	-2.9	0010000110011001	2	2
17126	-2.9	0100000110000001	2	1
17182	-2.9	0100000110100101	2	1
17188	-2.9	0100000110011001	2	1
17197	-2.9	0110000110000001	2	1
17253	-2.9	0110000110100101	2	1
17259	-2.9	0110000110011001	2	2
17267	-2.9	1010000110000001	2	1
17323	-2.9	1010000110100101	2	1
17329	-2.9	1010000110011001	2	1
17336	-2.9	1100000110000001	2	1
17392	-2.9	1100000110100101	2	1
17398	-2.9	1100000110011001	2	1
17401	-2.9	0010000110000100	3	2
17455	-2.9	0010000110100110	3	2
17461	-2.9	0010000110100110	3	2
17469	-2.9	0100000110000010	3	1
17522	-2.9	0100000110100110	3	1
17528	-2.9	0100000110100110	3	1
17536	-2.9	0110000110000110	3	2
17588	-2.9	0110000110100110	3	2
17594	-2.9	0110000110100110	3	2
17602	-2.9	1000000110000001	3	1
17606	-2.9	1000000110100010	2	1
17607	-2.9	1000000111000010	2	1
17610	-2.9	1000000111000100	2	1
17611	-2.9	1000000111000100	2	1
17619	-2.9	1000000110100100	2	1
17622	-2.9	1000000110100100	2	1
17628	-2.9	1000000110011010	2	1
17629	-2.9	1000000110011100	2	1
17630	-2.9	1000000110100110	2	1
17633	-2.9	1000000111000110	2	1
17640	-2.9	1000000110100011	2	1
17641	-2.9	1000000111000011	2	1
17644	-2.9	1000000111000101	2	1
17646	-2.9	1000000110011001	2	1
17647	-2.9	1000000110011001	2	1
17649	-2.9	1000000110100101	2	1
17650	-2.9	1000000110100101	2	1
17652	-2.9	1000000110011101	2	1
17656	-2.9	1000000110100111	2	1
17775	-2.9	0010000101100110	3	2
17776	-3.2	0010000111100110	3	2
17780	-2.9	0100000101100110	3	1
17781	-3.2	0100000111100110	3	1
17785	-2.9	0110000101100110	3	2
17786	-3.2	0110000111100110	3	2
17803	-3.2	0010000110100110	3	2
17804	-3.2	0010000110100110	3	2
17808	-3.2	0100000110100110	3	1
17809	-3.2	0100000110100110	3	1
17813	-3.2	0110000110100110	3	2
17814	-3.2	0110000110100110	3	2
17825	-3.2	0100010011111111	2	1
17831	-3.2	0100010011111111	2	1
17838	-2.9	0100010001011001	4	1
17839	-2.9	0100010001100101	4	1
17842	-2.9	0100010000100010	3	1
17846	-2.9	0100010000100011	4	1
17847	-3.2	0100010000100011	4	1
17856	-2.9	0100010000100101	4	1
17858	-3.2	0100010000100101	4	1
17866	-2.9	0100010001000101	4	1
17867	-2.9	0100010001000011	4	1
17872	-3.2	0100010001000101	4	1
17873	-3.2	0100010001000011	4	1
17875	-2.9	0100010001100011	4	1
17880	-3.2	0100010001100011	4	1
17884	-2.9	0100010001011001	4	1
17885	-2.9	0100010001011001	4	1
17886	-2.9	0100010001100101	4	1
17890	-2.9	0100010001011011	4	1
17892	-3.2	0100010001100101	4	1
17900	-2.9	0100010001100111	4	1
17902	-2.9	0100010001111001	4	1
17917	-2.9	0010001001011001	4	2
17918	-2.9	0010001001100101	4	2
17933	-3.2	0100010000100100	3	2
17952	-3.2	0100010001000010	3	1
17967	-3.2	0100010001011010	3	1
17976	-2.9	0100010001100110	3	1
17977	-3.2	0100010001100110	3	1
17979	-3.2	0100010011100110	3	1
17981	-3.2	0100010001111110	3	1
18000	-3.2	0010001000100100	3	2
18019	-3.2	0010001001000010	3	2
18034	-3.2	0010001001011010	3	2
18041	-2.9	0100010110100101	2	1
18043	-2.9	0010001001100110	3	2
18044	-3.2	0010001001100110	3	2
18046	-3.2	0010001011100110	3	2
18047	-2.9	0100010110011001	2	1
18048	-3.2	0010001001111110	3	2
18050	-2.9	0010001001000100	3	2
18051	-2.9	0010001000100011	4	2
18052	-3.2	0010001000100011	4	2
18061	-2.9	0010001000100101	4	2
18063	-3.2	0010001000100101	4	2
18071	-2.9	0010001001000101	4	2
18072	-2.9	0010001001000011	4	2
18077	-3.2	0010001001000101	4	2
18078	-3.2	0010001001000011	4	2
18080	-2.9	0010001001100011	4	2
18085	-3.2	0010001001100011	4	2
18089	-2.9	0010001001011001	4	2
18090	-2.9	0010001001011001	4	2
18091	-2.9	0010001001100101	4	2
18095	-2.9	0010001001011011	4	2
18097	-3.2	0010001001100101	4	2
18105	-2.9	0010001001100111	4	2
18110	-2.9	1010001001000010	4	1
18111	-2.9	1010001000100100	4	2
18114	-2.9	1010001001100110	4	1
18120	-2.9	1100010001000010	4	1
18121	-2.9	1100010001000010	4	1
18122	-2.9	1100010001100010	4	1
18123	-2.9	1100010000100100	4	2
18124	-2.9	1100010000100100	4	2
18134	-2.9	1100010000100110	4	1
18137	-2.9	1100010001100100	4	2
18143	-2.9	1100010001000110	4	1
18148	-2.9	1100010000111010	4	1
18151	-2.9	1100010001011100	4	1
18154	-2.9	1100010001011010	4	1
18155	-2.9	1100010001100110	4	1
18183	-2.9	0100001001011001	4	1
18184	-2.9	0100001001100101	4	1
18191	-2.9	0100011001011001	4	1
18194	-2.9	0100010110100010	3	1
18195	-3.2	0010001111000100	3	2
18203	-3.2	0010001110100100	3	2
18209	-3.2	0010001110100010	3	2
18210	-3.2	0010001111000010	3	2
18214	-3.2	0010001111000110	3	2
18222	-3.2	0010001110100110	3	2
18230	-3.2	1100010001000010	4	1
18231	-3.2	1100010001100010	4	1
18232	-3.2	1100010000100100	4	2
18236	-3.2	0010001110100100	3	2
18238	-3.2	0010001110100010	3	2
18239	-3.2	0010001111000010	3	2
18242	-3.2	1100010000100110	4	1
18245	-3.2	1100010001100100	4	2
18249	-3.2	1100010001000110	4	1
18253	-3.2	1100010000111010	4	1
18256	-3.2	1100010001011100	4	2
18257	-3.2	0010001111000110	3	2
18259	-3.2	1100010001011010	4	1
18260	-3.2	1100010001100110	4	1
18266	-3.2	0010001110100110	3	2
18276	-2.9	0100001001000010	3	1
18278	-2.9	0100001001000010	3	1
18285	-2.9	0100001000100101	4	1
18286	-2.9	0100001000100101	4	1
18300	-2.9	0100001001000101	4	1
18301	-2.9	0100001001000011	4	1
18305	-2.9	0100001001100011	4	1
18306	-2.9	0100001010100011	4	1
18307	-2.9	0100001001100011	4	1
18320	-2.9	0100001001011001	4	1
18321	-2.9	0100001010100101	4	1
18322	-2.9	0100001001100101	4	1
18326	-3.2	0100001010100101	4	1
18332	-2.9	0100001001100111	4	1
18339	-2.9	0100010110100010	3	1
18348	-3.2	0010001110100100	3	2
18349	-3.2	0010001110100010	3	2
18350	-3.2	0010001111000010	3	2
18354	-2.9	0100010110100011	4	1
18358	-2.9	0100010110100101	4	1
18359	-2.9	0100010110100101	4	1
18361	-2.9	0100010110100111	4	1
18363	-3.2	0100010110100101	4	1
18365	-3.2	0010001110100110	3	2
18371	-2.9	0100001001000010	3	1
18378	-2.9	0100001000100101	4	1
18380	-3.2	0100001000100101	4	1
18388	-2.9	0100001001000101	4	1
18389	-2.9	0100001001000011	4	1
18394	-3.2	0100001001000101	4	1
18395	-3.2	0100001001000011	4	1
18397	-2.9	0100001001100011	4	1
18402	-3.2	0100001001100011	4	1
18406	-2.9	0100001001011001	4	1
18407	-2.9	0100001001011001	4	1
18408	-2.9	0100001001100101	4	1
18412	-2.9	0100001001011011	4	1
18414	-3.2	0100001001100101	4	1
18422	-2.9	0100001001100111	4	1
18433	-2.9	0100011000100101	4	1
18435	-3.2	0100011000100101	4	1
18443	-2.9	0100011001000101	4	1
18444	-2.9	0100011001000011	4	1
18449	-3.2	0100011001000101	4	1
18450	-3.2	0100011001000011	4	1
18457	-3.2	0100011001100011	4	1
18461	-2.9	0100011001011001	4	1
18462	-2.9	0100011001011001	4	1
18467	-2.9	0100011001011011	4	1
18469	-3.2	0100011001100101	4	1
18487	-3.2	0010001110100110	3	2
18488	-3.2	0010001110100110	3	2
18494	-3.2	0010010011111111	2	2
18500	-3.2	0010010011111111	2	2
18506	-2.9	0010010001011001	4	2
18507	-2.9	0010010001100101	4	2
18510	-2.9	0010010000100100	3	2
18511	-2.9	0010010000100100	3	2
18514	-2.9	0010010000100101	4	2
18515	-2.9	0010010000100101	4	2
18529	-2.9	0010010001000101	4	2
18530	-2.9	0010010001000011	4	2
18534	-2.9	0010010001100011	4	2
18535	-2.9	0010010010100011	4	2
18536	-2.9	0010010001100011	4	2
18549	-2.9	0010010001011001	4	2
18550	-2.9	0010010010100101	4	2
18551	-2.9	0010010001100101	4	2
18555	-3.2	0010010010100101	4	2
18561	-2.9	0010010001100111	4	2
18563	-2.9	0010010001111001	4	2
18566	-2.9	0010010000100100	3	2
18570	-2.9	0010010000100101	4	2
18572	-3.2	0010010000100101	4	2
18580	-2.9	0010010001000101	4	2
18581	-2.9	0010010001000011	4	2
18586	-3.2	0010010001000101	4	2
18587	-3.2	0010010001000011	4	2
18589	-2.9	0010010001100011	4	2
18594	-3.2	0010010001100011	4	2
18598	-2.9	0010010001011001	4	2
18599	-2.9	0010010001011001	4	2
18600	-2.9	0010010001100101	4	2
18604	-2.9	0010010001011011	4	2
18606	-3.2	0010010001100101	4	2
18614	-2.9	0010010001100111	4	2
18616	-2.9	0010010001111001	4	2
18621	-3.2	0010010000100100	3	2
18642	-3.2	0010010001000010	3	2
18663	-3.2	0010010001011010	3	2
18670	-3.2	0010010001100110	3	2
18672	-3.2	0010010011100110	3	2
18674	-3.2	0010010001111110	3	2
18677	-3.2	0010010000100100	3	2
18696	-3.2	0010010001000010	3	2
18711	-3.2	0010010001011010	3	2
18720	-2.9	0010010001100110	3	2
18721	-3.2	0010010001100110	3	2
18723	-3.2	0010010011100110	3	2
18725	-3.2	0010010001111110	3	2
18729	-2.9	0010010010100110	3	2
18733	-3.5	0010010000100100	3	2
18735	-3.2	0010010001000010	3	2
18738	-3.2	0010010001000010	3	2
18739	-3.2	0010010001100010	3	2
18741	-3.2	0010010000100110	3	2
18742	-3.2	0010010001100100	3	2
18746	-3.2	0010010001000110	3	2
18755	-3.2	0010010000111010	3	2
18756	-3.2	0010010001011100	3	2
18759	-3.2	0010010000111100	3	2
18765	-3.2	0010010001011010	3	2
18766	-3.2	0010010001011010	3	2
18769	-3.2	0010010010100110	3	2
18772	-3.2	0010010001011110	3	2
18773	-3.2	0010010001100110	3	2
18774	-3.2	0010010001111010	3	2
18775	-3.2	0010010010100110	3	2
18785	-2.9	1010010001100110	4	1
18794	-2.9	1010010000100110	4	1
18797	-2.9	1010010001100100	4	2
18803	-2.9	1010010001000110	4	1
18808	-2.9	1010010000111010	4	1
18811	-2.9	1010010001011100	4	2
18814	-2.9	1010010001011010	4	1
18815	-2.9	1010010001100110	4	1
18855	-3.2	0100001001000010	3	1
18876	-3.2	0100001001011010	3	1
18881	-2.9	0010010110100101	2	2
18883	-3.2	0100001001100110	3	1
18885	-3.2	0100001011100110	3	1
18886	-2.9	0010010110011001	2	2
18887	-3.2	0100001001111110	3	1
18893	-3.2	0010010110100100	3	2
18896	-3.2	0100010110100100	3	2
18897	-3.2	0100010110100010	3	1
18898	-3.2	0100010111000010	3	1
18899	-3.2	0010010110100010	3	2
18900	-3.2	0010010111000010	3	2
18904	-3.2	0010010111000110	3	2
18908	-2.9	0010010110100110	3	2
18912	-3.2	0010010110100110	3	2
18913	-3.2	0100010110100110	3	1
18919	-2.9	0010010110100100	3	2
18923	-3.2	0100001110100100	3	2
18924	-3.2	0100001110100010	3	1
18925	-3.2	0100001111000010	3	1
18929	-2.9	0010010110100011	4	2
18933	-2.9	0010010110100101	4	2
18934	-2.9	0010010110100101	4	2
18936	-2.9	0010010110100111	4	2
18938	-3.2	0010010110100101	4	2
18940	-3.2	0100001110100110	3	1
18946	-3.2	0010010110100010	3	2
18947	-3.2	0010010111000010	3	2
18950	-3.2	1010010000100110	4	1
18953	-3.2	1010010001100100	4	2
18957	-3.2	1010010001000110	4	1
18961	-3.2	1010010000111010	4	1
18964	-3.2	1010010001011100	4	2
18965	-3.2	0010010111000110	3	2
18967	-3.2	1010010001011010	4	2
18968	-3.2	1010010001100110	4	1
18974	-3.2	0010010110100110	3	2
18984	-2.9	0110001001011001	4	2
18989	-3.2	0010010110100100	3	2
18990	-3.2	0010010110100010	3	2
18991	-3.2	0010010111000010	3	2
18992	-3.2	0100010110100010	3	1
18993	-3.2	0100010111000010	3	1
18997	-3.2	0100010111000110	3	1
19001	-2.9	0100010110100110	3	1
19005	-3.2	0100010110100110	3	1
19006	-3.2	0010010110100110	3	2
19012	-2.9	0010010110100100	3	2
19016	-3.2	0100001110100010	3	1
19017	-3.2	0100001111000010	3	1
19021	-3.2	0100001111000110	3	1
19029	-3.2	0100001110100110	3	1
19047	-3.2	0010010110011100	3	2
19058	-3.2	0010010110011010	3	2
19062	-3.2	0010010110100110	3	2
19063	-3.2	0010010111011010	3	2
19086	-3.2	0100001001000010	3	1
19101	-3.2	0100001001011010	3	1
19108	-2.9	0010010110100101	2	2
19110	-2.9	0100001001100110	3	1
19111	-3.2	0100001001100110	3	1
19113	-3.2	0100001011100110	3	1
19114	-2.9	0010010110011001	2	2
19115	-3.2	0100001001111110	3	1
19117	-2.9	0010010110100100	3	2
19130	-3.2	0100011001000010	3	1
19145	-3.2	0100011001011010	3	1
19147	-2.9	0010010110100110	3	2
19153	-2.9	0010010110100110	3	2
19155	-3.2	0100011001100110	3	1
19159	-3.2	0100011001111110	3	1
19171	-3.2	0010010110100110	3	2
19172	-3.2	0010010110100110	3	2
19181	-3.2	0110010011111111	2	1
19182	-2.9	0110010001011001	4	1
19187	-2.9	0110010000100110	3	1
19191	-2.9	0110010001000101	4	1
19192	-2.9	0110010001000011	4	1
19197	-3.2	0110010001000101	4	1
19198	-3.2	0110010001000011	4	1
19200	-2.9	0110010001100011	4	1
19205	-3.2	0110010001100011	4	1
19209	-2.9	0110010001011001	4	1
19210	-2.9	0110010001011001	4	1
19211	-2.9	0110010001100101	4	1
19215	-2.9	0110010001011011	4	1
19217	-3.2	0110010001100101	4	1
19225	-2.9	0110010001100111	4	1
19227	-2.9	0110010001111001	4	1
19232	-2.9	0010011001011001	4	2
19246	-3.2	0110010001000010	3	1
19261	-3.2	0110010001011010	3	2
19270	-2.9	0110010001100110	3	2
19271	-3.2	0110010001100110	3	2
19273	-3.2	0110010011100110	3	2
19275	-3.2	0110010001111110	3	2
19279	-2.9	0100001010100110	3	1
19283	-2.9	0100010110100010	3	1
19293	-3.2	0010011001000010	3	2
19308	-3.2	0010011001011010	3	2
19310	-2.9	0100010110100110	3	1
19316	-2.9	0100010110100110	3	1
19318	-3.2	0010011001100110	3	2
19322	-3.2	0010011001111110	3	2
19325	-2.9	0010011001000101	4	2
19326	-2.9	0010011001000011	4	2
19331	-3.2	0010011001000101	4	2
19332	-3.2	0010011001000011	4	2
19339	-3.2	0010011001100011	4	2
19343	-2.9	0010011001011001	4	2
19344	-2.9	0010011001011001	4	2
19349	-2.9	0010011001011011	4	2
19351	-3.2	0010011001100101	4	2
19369	-2.9	1010001001000110	4	1
19374	-2.9	1010001000111010	4	1
19377	-2.9	1010001001011100	4	2
19380	-2.9	1010001001011010	4	1
19381	-2.9	1010001001100110	4	1
19394	-2.9	0101100110100101	2	2
19400	-2.9	0101100110011001	2	2
19407	-2.9	1100001001000110	4	1
19412	-2.9	1100001000111010	4	1
19415	-2.9	1100001001011100	4	1
19418	-2.9	1100001001011010	4	1
19419	-2.9	1100001001100110	4	1
19432	-2.9	0011100110100101	2	2
19438	-2.9	0011100110011001	2	2
19447	-3.2	0110001001000010	3	1
19462	-3.2	0110001001011010	3	2
19469	-2.9	0110010110100101	2	1
19471	-2.9	0110001001100110	3	2
19472	-3.2	0110001001100110	3	2
19474	-3.2	0110001011100110	3	2
19475	-2.9	0110010110011001	2	1
19476	-3.2	0110001001111110	3	2
19480	-3.2	0100010110011100	3	1
19491	-3.2	0100010110011010	3	1
19495	-3.2	0100010110100110	3	1
19496	-3.2	0100010111011010	3	1
19507	-3.2	0100001110011100	3	1
19518	-3.2	0100001110011010	3	1
19522	-3.2	0100001110100110	3	1
19532	-2.9	0110001001000110	3	2
19533	-3.2	0110001001000101	4	1
19534	-3.2	0110001001000011	4	1
19536	-2.9	0110001001100011	4	1
19541	-3.2	0110001001100011	4	1
19545	-2.9	0110001001011001	4	2
19546	-2.9	0110001001011001	4	2
19547	-2.9	0110001001100101	4	1
19551	-2.9	0110001001011011	4	2
19553	-3.2	0110001001100101	4	1
19561	-2.9	0110001001100111	4	2
19569	-3.2	1010001000111010	4	1
19572	-3.2	1010001001011100	4	2
19573	-3.2	0100010111000110	3	1
19575	-3.2	1010001001011010	4	2
19576	-3.2	1010001001100110	4	1
19582	-3.2	0100010110100110	3	1
19595	-3.2	1100001000111010	4	1
19598	-3.2	1100001001011100	4	2
19599	-3.2	0100001111000110	3	1
19601	-3.2	1100001001011010	4	1
19602	-3.2	1100001001100110	4	1
19608	-3.2	0100001110100110	3	1
19618	-3.2	0010011110011100	3	2
19620	-3.2	0010011110011010	3	2
19623	-3.5	0100001001000010	3	1
19626	-3.2	0100001000111010	3	1
19627	-3.2	0100001001011100	3	1
19630	-3.2	0100001000111100	3	1
19636	-3.2	0100001001011010	3	1
19637	-3.2	0100001001011010	3	1
19640	-3.2	0100001010100110	3	1
19643	-3.2	0100001001011110	3	1
19644	-3.2	0100001001100110	3	1
19645	-3.2	0100001001111010	3	1
19646	-3.2	0100001010100110	3	1
19654	-3.2	0100010110100110	3	1
19655	-3.2	0100010110100110	3	1
19659	-3.2	0100001110100110	3	1
19660	-3.2	0100001110100110	3	1
19685	-3.2	0011100110100110	3	2
19687	-2.9	0011100101100110	3	2
19688	-3.2	0011100111100110	3	2
19689	-3.2	0011100111100110	3	2
19691	-2.9	0011100110011100	3	2
19692	-2.9	1100011000111010	4	1
19695	-2.9	1100011001011100	4	1
19698	-2.9	1100011001011010	4	1
19707	-2.9	0011100110100110	3	2
19713	-2.9	0011100110100110	3	2
19721	-2.9	0101110000111010	3	2
19725	-3.2	0101110001100011	4	1
19729	-2.9	0101110001011001	4	2
19730	-2.9	0101110001011001	4	2
19731	-2.9	0101110001100101	4	1
19735	-2.9	0101110001011011	4	2
19737	-3.2	0101110001100101	4	1
19745	-2.9	0101110001100111	4	2
19747	-2.9	0101110001111001	4	2
19752	-2.9	0011101001011001	4	2
19753	-2.9	0011101001100101	4	2
19768	-3.2	0101110001011010	3	2
19777	-2.9	0101110001100110	3	2
19778	-3.2	0101110001100110	3	2
19780	-3.2	0101110011100110	3	2
19782	-3.2	0101110001111110	3	2
19784	-2.9	0110011001011001	4	1
19797	-3.2	0011101001011010	3	2
19804	-2.9	1100010110100101	2	1
19806	-2.9	0011101001100110	3	2
19807	-3.2	0011101001100110	3	2
19809	-3.2	0011101011100110	3	2
19810	-2.9	1100010110011001	2	1
19811	-3.2	0011101001111110	3	2
19813	-2.9	0011101001011100	3	2
19814	-3.2	0011101001100011	4	2
19818	-2.9	0011101001011001	4	2
19819	-2.9	0011101001011001	4	2
19820	-2.9	0011101001100101	4	2
19824	-2.9	0011101001011011	4	2
19826	-3.2	0011101001100101	4	2
19834	-2.9	0011101001100111	4	2
19839	-2.9	0110010110100110	3	1
19840	-3.2	0110001111000110	3	2
19848	-3.2	0110001110100110	3	2
19856	-3.2	1100011001011010	4	1
19857	-3.2	1100011001100110	4	1
19863	-3.2	0110001110100110	3	2
19881	-3.2	0011110001011010	3	2
19890	-2.9	0011110001100110	3	2
19891	-3.2	0011110001100110	3	2
19893	-3.2	0011110011100110	3	2
19895	-3.2	0011110001111110	3	2
19900	-3.2	0110011010100101	4	1
19902	-2.9	0101101001011010	3	2
19904	-2.9	0101101001011001	4	2
19905	-2.9	0101101001011001	4	2
19906	-2.9	0101101001100101	4	1
19910	-2.9	0101101001011011	4	2
19912	-3.2	0101101001100101	4	2
19920	-2.9	0101101001100111	4	2
19926	-2.9	0110011001011001	4	1
19927	-2.9	0110011001011001	4	1
19932	-2.9	0110011001011011	4	1
19934	-3.2	0110011001100101	4	1
19947	-3.2	0110001110100110	3	2
19948	-3.2	0110001110100110	3	2
19960	-2.9	1001100110100101	2	1
19963	-2.9	1001100110011001	2	2
19976	-2.9	1001100110100101	2	1
19982	-2.9	1001100110011001	2	2
19994	-3.2	0101100110100110	3	2
19996	-2.9	0101100101100110	3	2
19997	-3.2	0101100111100110	3	2
19998	-3.2	0101100111100110	3	2
20000	-2.9	0101100110011010	3	2
20005	-2.9	0101100110100110	3	2
20011	-2.9	0101100110100110	3	2
20021	-2.9	0101100101100110	3	2
20022	-3.2	0101100111100110	3	2
20027	-3.2	0101101001011010	3	2
20029	-2.9	1010010110100101	4	1
20032	-2.9	1010010110100101	2	1
20034	-3.2	0101101001100110	3	2
20036	-3.2	0101101011100110	3	2
20037	-2.9	1010010110011001	2	1
20038	-3.2	0101101001111110	3	2
20041	-3.2	0101101001011010	3	2
20048	-2.9	1010010110100101	2	1
20050	-2.9	0101101001100110	3	2
20051	-3.2	0101101001100110	3	2
20053	-3.2	0101101011100110	3	2
20054	-2.9	1010010110011001	2	1
20055	-3.2	0101101001111110	3	2
20057	-2.9	0110010110100110	3	1
20060	-3.5	0101101001011010	3	2
20062	-3.2	0101101010100110	3	2
20065	-3.2	0101101001011110	3	2
20066	-3.2	0101101001100110	3	2
20067	-3.2	0101101001111010	3	2
20068	-3.2	0101101010100110	3	2
20080	-2.9	1011100110100101	2	1
20084	-2.9	1011100110011001	2	2
20088	-3.2	0110010110100110	3	2
20089	-3.2	0110010110100110	3	2
20091	-2.9	0110010110100110	3	1
20095	-3.2	0110010110100110	3	2
20097	-3.2	0110010101100110	3	2
20098	-2.9	0110010110011110	3	1
20099	-3.2	0110010111100110	3	1
20100	-3.2	0110010111100110	3	1
20102	-3.2	0110010101111110	3	2
20105	-3.2	1010010110100101	4	1
20107	-3.2	0101101110100110	3	2
20131	-2.9	1110010110100101	2	1
20133	-2.9	0111101001100110	3	2
20134	-3.2	0111101001100110	3	2
20136	-3.2	0111101011100110	3	2
20137	-2.9	1110010110011001	2	1
20138	-3.2	0111101001111110	3	2
20140	-2.9	0110010110100110	3	2
20142	-2.9	0110010110100110	3	1
20144	-3.2	0110011001100110	3	1
20148	-3.2	0110011001111110	3	1
20150	-2.9	1010010110100101	3	1
20153	-3.2	0101111001100110	3	2
20157	-3.2	0101111001111110	3	2
20160	-2.9	0111100101100110	3	2
20161	-3.2	0111100111100110	3	2
20164	-3.2	0110010110100110	3	2
20165	-2.9	0110010101100110	3	1
20166	-3.2	0110010101100110	3	2
20167	-2.9	0110010110011110	3	1
20168	-3.2	0110010111100110	3	1
20170	-3.2	0110010101111110	3	2
20184	-3.5	0110011001100110	3	2
20190	-2.9	0111100110011110	3	2
20200	-2.9	1001100110011001	3	2
20203	-3.5	0111111001111110	3	2
