890	-2.9	0000000000000001	4	2
905	-2.9	0000000000000101	4	2
910	-2.9	0000000000100001	4	2
911	-2.9	0000000001000001	4	2
912	-2.9	0000000001100001	4	2
942	-2.9	0000000001011001	4	2
943	-2.9	0000000001100101	4	2
946	-2.9	0000000000000000	3	2
947	-2.9	0000000000000000	3	2
950	-2.9	0000000000000001	4	2
951	-2.9	0000000000000001	4	2
973	-2.9	0000000000000101	4	2
974	-2.9	0000000000000011	4	2
975	-2.9	0000000000000011	4	2
987	-2.9	0000000000000101	4	2
994	-2.9	0000000000000111	4	2
1003	-2.9	0000000001100001	4	2
1004	-2.9	0000000010000001	4	2
1005	-2.9	0000000000100001	4	2
1006	-2.9	0000000001000001	4	2
1007	-2.9	0000000001100001	4	2
1021	-2.9	0000000010000101	4	2
1072	-2.9	0000000001000101	4	2
1073	-2.9	0000000000100011	4	2
1086	-2.9	0000000000100101	4	2
1087	-2.9	0000000000100101	4	2
1101	-2.9	0000000001000101	4	2
1102	-2.9	0000000001000011	4	2
1106	-2.9	0000000001100011	4	2
1107	-2.9	0000000010100011	4	2
1108	-2.9	0000000001100011	4	2
1121	-2.9	0000000001011001	4	2
1122	-2.9	0000000010100101	4	2
1123	-2.9	0000000001100101	4	2
1133	-2.9	0000000001100111	4	2
1135	-2.9	0000000001111001	4	2
1138	-2.9	0000000000000000	3	2
1142	-2.9	0000000000000001	4	2
1143	-2.9	0000000000000001	4	2
1144	-2.9	0000000000000001	4	2
1151	-3.2	0000000000000001	4	2
1165	-2.9	0000000000000011	4	2
1166	-2.9	0000000000000011	4	2
1168	-3.2	0000000000000011	4	2
1178	-2.9	0000000000000101	4	2
1179	-2.9	0000000000000101	4	2
1181	-3.2	0000000000000101	4	2
1187	-2.9	0000000000000111	4	2
1198	-2.9	0000000000100001	4	2
1199	-2.9	0000000001000001	4	2
1200	-2.9	0000000000100001	4	2
1201	-2.9	0000000001000001	4	2
1202	-2.9	0000000001100001	4	2
1230	-3.2	0000000000100001	4	2
1231	-3.2	0000000001000001	4	2
1232	-3.2	0000000001100001	4	2
1253	-2.9	0000000000100011	4	2
1263	-2.9	0000000000100101	4	2
1266	-3.2	0000000000100101	4	2
1273	-2.9	0000000001000101	4	2
1274	-2.9	0000000001000011	4	2
1276	-3.2	0000000001000101	4	2
1277	-3.2	0000000001000011	4	2
1282	-2.9	0000000001100011	4	2
1291	-2.9	0000000001011001	4	2
1292	-2.9	0000000001011001	4	2
1293	-2.9	0000000001100101	4	2
1297	-2.9	0000000001011011	4	2
1300	-3.2	0000000001100101	4	2
1307	-2.9	0000000001100111	4	2
1309	-2.9	0000000001111001	4	2
1314	-2.9	0000000011100000	3	2
1317	-2.9	0000000011100110	3	2
1326	-2.9	0000000011100000	3	2
1333	-2.9	0000000011100110	3	2
1335	-2.9	0000000000000000	3	2
1336	-2.9	0000000000000000	3	2
1529	-2.9	0000000000000000	3	2
1694	-2.9	0000000001100110	3	2
1706	-2.9	0000000010100000	3	2
1708	-3.2	0000000011100000	3	2
1713	-2.9	0000000010100110	3	2
1715	-3.2	0000000011100110	3	2
1717	-3.5	0000000000000000	3	2
1752	-2.9	0000000000100000	3	2
1881	-3.2	0000000001100110	3	2
1913	-2.9	1000000000000010	4	1
1914	-2.9	1000000000000010	4	1
1915	-2.9	1000000001000000	4	2
1918	-2.9	1000000001000000	4	2
1921	-2.9	1000000000100000	4	1
1922	-2.9	1000000001100000	4	1
1923	-2.9	1000000000100000	4	1
1924	-2.9	1000000001100000	4	1
1927	-2.9	1000000000000100	4	1
1928	-2.9	1000000000000100	4	1
1933	-2.9	1000000000000110	4	1
1936	-2.9	1000000000000110	4	1
1941	-2.9	1000000000011000	4	2
1942	-2.9	1000000000011000	4	2
1958	-2.9	1000000000011010	4	1
1969	-2.9	1000000001011000	4	1
1971	-2.9	1000000000011100	4	1
1972	-2.9	1000000000011100	4	1
1973	-2.9	1000000000111000	4	1
1976	-2.9	1000000000111000	4	1
1992	-2.9	1000000000100010	4	1
1993	-2.9	1000000000100010	4	1
1994	-2.9	1000000001000100	4	1
1997	-2.9	1000000001000100	4	1
1999	-2.9	1000000001000010	4	1
2000	-2.9	1000000001100010	4	1
2001	-2.9	1000000001000010	4	1
2002	-2.9	1000000001100010	4	1
2003	-2.9	1000000000100100	4	1
2004	-2.9	1000000000100100	4	1
2010	-2.9	1000000001000110	4	1
2013	-2.9	1000000000100110	4	1
2014	-2.9	1000000000100110	4	1
2015	-2.9	1000000001100100	4	1
2018	-2.9	1000000001100100	4	1
2022	-2.9	1000000001000110	4	1
2026	-2.9	1000000000111010	4	1
2027	-2.9	1000000001011100	4	1
2029	-2.9	1000000001100110	4	1
2031	-2.9	1000000001011100	4	1
2033	-2.9	1000000001011010	4	1
2034	-2.9	1000000001100110	4	1
2058	-2.9	1000000000000010	4	1
2062	-2.9	1000000001000000	4	2
2068	-2.9	1000000000100000	4	1
2069	-2.9	1000000001100000	4	1
2072	-2.9	1000000000000100	4	1
2080	-2.9	1000000000000110	4	1
2086	-2.9	1000000000011000	4	2
2087	-2.9	1000000000011000	4	2
2098	-2.9	1000000000011010	4	1
2103	-2.9	1000000001011000	4	1
2110	-2.9	1000000000011100	4	1
2120	-2.9	1000000000111000	4	1
2137	-2.9	1000000000100010	4	1
2141	-2.9	1000000001000100	4	1
2145	-2.9	1000000001000010	4	1
2146	-2.9	1000000001000010	4	1
2147	-2.9	1000000001100010	4	1
2149	-2.9	1000000000100100	4	1
2150	-2.9	1000000000100100	4	1
2158	-2.9	1000000000100110	4	1
2162	-2.9	1000000001100100	4	1
2166	-2.9	1000000001000110	4	1
2169	-2.9	1000000000111010	4	1
2175	-2.9	1000000001011100	4	1
2177	-2.9	1000000001100110	4	1
2178	-2.9	1000000001011010	4	1
2179	-2.9	1000000001100110	4	1
2207	-2.9	1000000000000010	4	1
2211	-2.9	1000000001000000	4	2
2217	-2.9	1000000000100000	4	1
2218	-2.9	1000000001100000	4	1
2219	-2.9	1000000011000000	4	2
2222	-2.9	1000000000000100	4	1
2233	-2.9	1000000000000110	4	1
2240	-2.9	1000000000011000	4	2
2241	-2.9	1000000000011000	4	2
2255	-2.9	1000000000011010	4	1
2262	-2.9	1000000001011000	4	1
2272	-2.9	1000000000011100	4	1
2277	-2.9	1000000000111000	4	1
2297	-2.9	1000000000100010	4	1
2300	-2.9	1000000001000100	4	1
2303	-2.9	1000000001000010	4	1
2304	-2.9	1000000001000010	4	1
2305	-2.9	1000000001100010	4	1
2306	-2.9	1000000000100100	4	1
2307	-2.9	1000000000100100	4	1
2317	-2.9	1000000000100110	4	1
2320	-2.9	1000000001100100	4	1
2326	-2.9	1000000001000110	4	1
2331	-2.9	1000000000111010	4	1
2334	-2.9	1000000001011100	4	1
2337	-2.9	1000000001011010	4	1
2338	-2.9	1000000001100110	4	1
2662	-2.9	0000000110000001	2	2
2729	-2.9	0000000110100101	2	2
2734	-2.9	0000000110011001	2	2
2738	-2.9	0000000110000000	3	2
2752	-2.9	0000000110100000	3	2
2774	-2.9	0000000110000100	3	2
2775	-2.9	0000000110000010	3	2
2776	-2.9	0000000110000110	3	2
2791	-2.9	0000000111000100	3	2
2797	-2.9	0000000110100100	3	2
2799	-2.9	0000000110100010	3	2
2800	-2.9	0000000111000010	3	2
2804	-2.9	0000000111000110	3	2
2808	-2.9	0000000110100110	3	2
3067	-2.9	0000000110000000	3	2
3107	-2.9	0000000110000100	3	2
3108	-2.9	0000000110000010	3	2
3109	-2.9	0000000110000110	3	2
3167	-2.9	0000000110100110	3	2
3174	-2.9	0000000101100110	3	2
3178	-2.9	0000000110000000	3	2
3208	-2.9	0000000110000001	4	2
3216	-2.9	0000000110000001	2	2
3223	-2.9	0000000110000101	4	2
3271	-2.9	0000000110100011	4	2
3275	-2.9	0000000110100101	4	2
3276	-2.9	0000000110100101	2	2
3278	-2.9	0000000110100111	4	2
3708	-2.9	0000000110000001	2	2
3774	-2.9	0000000110100101	2	2
3779	-2.9	0000000110011001	2	2
3782	-2.9	0000000110000000	3	2
3791	-2.9	0000000111000000	3	2
3794	-2.9	0000000110100000	3	2
3822	-2.9	0000000110000100	3	2
3823	-2.9	0000000110000010	3	2
3824	-2.9	0000000110000110	3	2
3833	-2.9	0000000111000100	3	2
3837	-2.9	0000000110100010	3	2
3838	-2.9	0000000111000010	3	2
3839	-2.9	0000000110100100	3	2
3841	-2.9	0000000110011100	3	2
3846	-2.9	0000000110011010	3	2
3847	-2.9	0000000110100110	3	2
3850	-2.9	0000000110000000	3	2
3907	-2.9	0000000110000100	3	2
3908	-2.9	0000000110000010	3	2
3909	-2.9	0000000110000110	3	2
3941	-2.9	0000000111000110	3	2
3951	-2.9	0000000101100110	3	2
3959	-3.2	1000000000000010	4	1
3961	-2.9	1000000001000000	4	2
3963	-3.2	1000000001000000	4	2
3966	-3.2	1000000000100000	4	1
3967	-3.2	1000000001100000	4	1
3969	-3.2	1000000000000100	4	1
3978	-3.2	1000000000000110	4	1
3982	-3.2	1000000000011000	4	2
3990	-3.2	1000000000011010	4	1
3994	-3.2	1000000001011000	4	2
4005	-3.2	1000000000011100	4	1
4008	-3.2	1000000000111000	4	2
4030	-3.2	1000000000100010	4	1
4033	-3.2	1000000001000100	4	1
4037	-3.2	1000000001000010	4	1
4038	-3.2	1000000001100010	4	1
4039	-3.2	1000000000100100	4	1
4049	-3.2	1000000000100110	4	1
4052	-3.2	1000000001100100	4	1
4056	-3.2	1000000001000110	4	1
4060	-3.2	1000000000111010	4	1
4063	-3.2	1000000001011100	4	1
4066	-3.2	1000000001011010	4	1
4067	-3.2	1000000001100110	4	1
4337	-2.9	0000000110000001	2	2
4393	-2.9	0000000110100101	2	2
4399	-2.9	0000000110011001	2	2
4428	-2.9	0000000110100000	3	2
4436	-3.2	0000000111100000	3	2
4495	-2.9	0000000110000001	2	2
4546	-2.9	0000000110100110	3	2
4551	-2.9	0000000110100101	2	2
4552	-2.9	0000000110100110	3	2
4556	-3.2	0000000111100110	3	2
4557	-2.9	0000000110011001	2	2
4781	-2.9	0000000101100110	3	2
4799	-2.9	0000000100100000	3	2
4807	-3.2	0000000101100110	3	2
5362	-2.9	0100000000000101	4	1
5367	-2.9	0100000000100001	4	1
5368	-2.9	0100000001000001	4	1
5369	-2.9	0100000001100001	4	1
5399	-2.9	0100000001011001	4	1
5400	-2.9	0100000001100101	4	1
5403	-2.9	0100000000000010	3	1
5409	-2.9	0100000000000011	4	1
5410	-2.9	0100000000000011	4	1
5412	-3.2	0100000000000011	4	1
5422	-2.9	0100000000000101	4	1
5423	-2.9	0100000000000101	4	1
5425	-3.2	0100000000000101	4	1
5431	-2.9	0100000000000111	4	1
5442	-2.9	0100000000100001	4	1
5443	-2.9	0100000001000001	4	1
5444	-2.9	0100000000100001	4	1
5445	-2.9	0100000001000001	4	1
5446	-2.9	0100000001100001	4	1
5474	-3.2	0100000000100001	4	1
5475	-3.2	0100000001000001	4	1
5476	-3.2	0100000001100001	4	1
5497	-2.9	0100000000100011	4	1
5507	-2.9	0100000000100101	4	1
5510	-3.2	0100000000100101	4	1
5517	-2.9	0100000001000101	4	1
5518	-2.9	0100000001000011	4	1
5520	-3.2	0100000001000101	4	1
5521	-3.2	0100000001000011	4	1
5526	-2.9	0100000001100011	4	1
5535	-2.9	0100000001011001	4	1
5536	-2.9	0100000001011001	4	1
5537	-2.9	0100000001100101	4	1
5541	-2.9	0100000001011011	4	1
5544	-3.2	0100000001100101	4	1
5551	-2.9	0100000001100111	4	1
5553	-2.9	0100000001111001	4	1
5561	-2.9	0100000011100000	3	2
5568	-2.9	0100000011100110	3	1
5575	-2.9	0000001000000101	4	2
5580	-2.9	0000001000100001	4	2
5581	-2.9	0000001001000001	4	2
5582	-2.9	0000001001100001	4	2
5612	-2.9	0000001001011001	4	2
5613	-2.9	0000001001100101	4	2
5616	-2.9	0100000000000010	3	1
5761	-2.9	0100000001100110	3	1
5791	-2.9	0000001000000011	4	2
5809	-2.9	0000001000000101	4	2
5870	-2.9	0000001000100001	4	2
5871	-2.9	0000001001000001	4	2
5872	-2.9	0000001001100001	4	2
5887	-2.9	0000001010000001	2	1
5894	-2.9	0000001010000111	4	2
5931	-2.9	0000001000100101	4	2
5950	-2.9	0000001001000101	4	2
5951	-2.9	0000001001000011	4	2
5985	-2.9	0000001001100101	4	2
5988	-2.9	0000001010100101	2	1
5996	-2.9	0000001010011001	2	1
6000	-2.9	0000001001000000	3	2
6085	-2.9	0000010110000001	2	1
6143	-2.9	0000001001100110	3	2
6147	-2.9	0000010110011001	2	1
6150	-2.9	0000001001000000	3	2
6152	-2.9	0000001000000011	4	2
6153	-2.9	0000001000000011	4	2
6155	-3.2	0000001000000011	4	2
6165	-2.9	0000001000000101	4	2
6166	-2.9	0000001000000101	4	2
6168	-3.2	0000001000000101	4	2
6174	-2.9	0000001000000111	4	2
6185	-2.9	0000001000100001	4	2
6186	-2.9	0000001001000001	4	2
6187	-2.9	0000001000100001	4	2
6188	-2.9	0000001001000001	4	2
6189	-2.9	0000001001100001	4	2
6217	-3.2	0000001000100001	4	2
6218	-3.2	0000001001000001	4	2
6219	-3.2	0000001001100001	4	2
6234	-2.9	0000001110000001	2	1
6240	-2.9	0000001000100011	4	2
6250	-2.9	0000001000100101	4	2
6253	-3.2	0000001000100101	4	2
6260	-2.9	0000001001000101	4	2
6261	-2.9	0000001001000011	4	2
6263	-3.2	0000001001000101	4	2
6264	-3.2	0000001001000011	4	2
6269	-2.9	0000001001100011	4	2
6278	-2.9	0000001001011001	4	2
6279	-2.9	0000001001011001	4	2
6280	-2.9	0000001001100101	4	2
6284	-2.9	0000001001011011	4	2
6287	-3.2	0000001001100101	4	2
6294	-2.9	0000001001100111	4	2
6532	-2.9	1010000000011000	4	2
6557	-2.9	1010000001000010	4	1
6558	-2.9	1010000000100100	4	2
6561	-2.9	1010000001100110	4	1
6567	-2.9	1100000000100000	4	1
6568	-2.9	1100000001100000	4	1
6571	-2.9	1100000000000100	4	2
6579	-2.9	1100000000000110	4	1
6585	-2.9	1100000000011000	4	2
6586	-2.9	1100000000011000	4	2
6601	-2.9	1100000000011010	4	1
6606	-2.9	1100000001011000	4	2
6613	-2.9	1100000000011100	4	2
6623	-2.9	1100000000111000	4	2
6640	-2.9	1100000000100010	4	1
6644	-2.9	1100000001000100	4	2
6648	-2.9	1100000001000010	4	1
6649	-2.9	1100000001000010	4	1
6650	-2.9	1100000001100010	4	1
6652	-2.9	1100000000100100	4	2
6653	-2.9	1100000000100100	4	2
6662	-2.9	1100000000100110	4	1
6666	-2.9	1100000001100100	4	2
6670	-2.9	1100000001000110	4	1
6673	-2.9	1100000000111010	4	1
6679	-2.9	1100000001011100	4	1
6681	-2.9	1100000001100110	4	1
6682	-2.9	1100000001011010	4	1
6683	-2.9	1100000001100110	4	1
6700	-2.9	1100000000100000	4	1
6701	-2.9	1100000001100000	4	1
6702	-2.9	1100000011000000	4	2
6705	-2.9	1100000000000100	4	2
6716	-2.9	1100000000000110	4	1
6723	-2.9	1100000000011000	4	2
6724	-2.9	1100000000011000	4	2
6738	-2.9	1100000000011010	4	1
6745	-2.9	1100000001011000	4	2
6755	-2.9	1100000000011100	4	2
6760	-2.9	1100000000111000	4	2
6780	-2.9	1100000000100010	4	1
6783	-2.9	1100000001000100	4	2
6786	-2.9	1100000001000010	4	1
6787	-2.9	1100000001000010	4	1
6788	-2.9	1100000001100010	4	1
6789	-2.9	1100000000100100	4	2
6790	-2.9	1100000000100100	4	2
6800	-2.9	1100000000100110	4	1
6803	-2.9	1100000001100100	4	2
6809	-2.9	1100000001000110	4	1
6814	-2.9	1100000000111010	4	1
6817	-2.9	1100000001011100	4	1
6820	-2.9	1100000001011010	4	1
6821	-2.9	1100000001100110	4	1
6845	-2.9	0000010000000101	4	1
6850	-2.9	0000010000100001	4	1
6851	-2.9	0000010001000001	4	1
6852	-2.9	0000010001100001	4	1
6882	-2.9	0000010001011001	4	1
6883	-2.9	0000010001100101	4	1
6888	-2.9	0000011000000101	4	1
6895	-2.9	0000011000100001	4	1
6896	-2.9	0000011001000001	4	1
6913	-2.9	0000011001011001	4	1
7055	-2.9	0000010110000001	4	1
7063	-2.9	0000010110000001	2	1
7070	-2.9	0000010110000101	4	1
7087	-2.9	0000001110000100	3	2
7088	-2.9	0000001110000010	3	2
7089	-2.9	0000001110000110	3	2
7135	-3.2	1100000000100000	4	1
7136	-3.2	1100000001100000	4	1
7138	-3.2	1100000000000100	4	2
7147	-3.2	1100000000000110	4	1
7151	-3.2	1100000000011000	4	2
7159	-3.2	1100000000011010	4	1
7163	-3.2	1100000001011000	4	2
7174	-3.2	1100000000011100	4	2
7177	-3.2	1100000000111000	4	2
7199	-3.2	1100000000100010	4	1
7202	-3.2	1100000001000100	4	2
7206	-3.2	1100000001000010	4	1
7207	-3.2	1100000001100010	4	1
7208	-3.2	1100000000100100	4	2
7218	-3.2	1100000000100110	4	1
7221	-3.2	1100000001100100	4	2
7225	-3.2	1100000001000110	4	1
7229	-3.2	1100000000111010	4	1
7232	-3.2	1100000001011100	4	2
7235	-3.2	1100000001011010	4	1
7236	-3.2	1100000001100110	4	1
7252	-2.9	0000010000100000	3	1
7261	-2.9	0000010000000101	4	1
7262	-2.9	0000010000000101	4	1
7264	-3.2	0000010000000101	4	1
7270	-2.9	0000010000000111	4	1
7281	-2.9	0000010000100001	4	1
7282	-2.9	0000010001000001	4	1
7283	-2.9	0000010000100001	4	1
7284	-2.9	0000010001000001	4	1
7285	-2.9	0000010001100001	4	1
7313	-3.2	0000010000100001	4	1
7314	-3.2	0000010001000001	4	1
7315	-3.2	0000010001100001	4	1
7336	-2.9	0000010000100011	4	1
7346	-2.9	0000010000100101	4	1
7349	-3.2	0000010000100101	4	1
7356	-2.9	0000010001000101	4	1
7357	-2.9	0000010001000011	4	1
7359	-3.2	0000010001000101	4	1
7360	-3.2	0000010001000011	4	1
7365	-2.9	0000010001100011	4	1
7374	-2.9	0000010001011001	4	1
7375	-2.9	0000010001011001	4	1
7376	-2.9	0000010001100101	4	1
7380	-2.9	0000010001011011	4	1
7383	-3.2	0000010001100101	4	1
7390	-2.9	0000010001100111	4	1
7392	-2.9	0000010001111001	4	1
7395	-2.9	0000011001100000	3	1
7403	-2.9	0000011000000101	4	1
7404	-2.9	0000011000000101	4	1
7406	-3.2	0000011000000101	4	1
7412	-2.9	0000011000000111	4	1
7423	-2.9	0000011000100001	4	1
7424	-2.9	0000011001000001	4	1
7425	-2.9	0000011000100001	4	1
7426	-2.9	0000011001000001	4	1
7427	-2.9	0000011001100001	4	1
7455	-3.2	0000011000100001	4	1
7456	-3.2	0000011001000001	4	1
7457	-3.2	0000011001100001	4	1
7472	-2.9	0000001110000001	2	2
7478	-2.9	0000011000100011	4	1
7488	-2.9	0000011000100101	4	1
7491	-3.2	0000011000100101	4	1
7498	-2.9	0000011001000101	4	1
7499	-2.9	0000011001000011	4	1
7501	-3.2	0000011001000101	4	1
7502	-3.2	0000011001000011	4	1
7507	-2.9	0000011001100011	4	1
7516	-2.9	0000011001011001	4	1
7517	-2.9	0000011001011001	4	1
7518	-2.9	0000011001100101	4	1
7522	-2.9	0000011001011011	4	1
7525	-3.2	0000011001100101	4	1
7532	-2.9	0000011001100111	4	1
7559	-2.9	0000001100000101	4	2
7567	-2.9	0000001100000111	4	2
7582	-2.9	0000001110000001	4	2
7583	-2.9	0000001100100001	4	2
7584	-2.9	0000001101000001	4	2
7594	-2.9	0000001110000001	2	1
7596	-2.9	0000001110000001	2	1
7602	-2.9	0000001110000101	4	2
7619	-2.9	0000001110000011	4	2
7634	-2.9	0000001110000101	2	1
7635	-2.9	0000001110000011	2	1
7639	-3.2	0000001110000001	2	1
7642	-2.9	0000001110000111	4	2
7646	-3.2	0000001110000111	4	2
7661	-2.9	0000001100100011	4	2
7677	-2.9	0000001100100101	4	2
7694	-2.9	0000001101000101	4	2
7695	-2.9	0000001101000011	4	2
7724	-3.2	0000001110100101	2	1
7732	-3.2	0000001110011001	2	1
7736	-2.9	0000001100100000	3	2
7744	-3.2	0000001101100110	3	2
8061	-2.9	0010000000000101	4	2
8066	-2.9	0010000000100001	4	1
8067	-2.9	0010000001000001	4	1
8068	-2.9	0010000001100001	4	1
8098	-2.9	0010000001011001	4	2
8099	-2.9	0010000001100101	4	2
8102	-2.9	0010000000000100	3	2
8106	-2.9	0010000000000101	4	2
8107	-2.9	0010000000000101	4	2
8109	-3.2	0010000000000101	4	2
8115	-2.9	0010000000000111	4	2
8126	-2.9	0010000000100001	4	1
8127	-2.9	0010000001000001	4	1
8128	-2.9	0010000000100001	4	1
8129	-2.9	0010000001000001	4	1
8130	-2.9	0010000001100001	4	1
8158	-3.2	0010000000100001	4	1
8159	-3.2	0010000001000001	4	1
8160	-3.2	0010000001100001	4	1
8181	-2.9	0010000000100011	4	2
8191	-2.9	0010000000100101	4	2
8194	-3.2	0010000000100101	4	2
8201	-2.9	0010000001000101	4	2
8202	-2.9	0010000001000011	4	2
8204	-3.2	0010000001000101	4	2
8205	-3.2	0010000001000011	4	2
8210	-2.9	0010000001100011	4	2
8219	-2.9	0010000001011001	4	2
8220	-2.9	0010000001011001	4	2
8221	-2.9	0010000001100101	4	2
8225	-2.9	0010000001011011	4	2
8228	-3.2	0010000001100101	4	2
8235	-2.9	0010000001100111	4	2
8237	-2.9	0010000001111001	4	2
8243	-2.9	0010000011100000	3	2
8250	-2.9	0010000011100110	3	2
8252	-2.9	0010000000000100	3	2
8382	-2.9	0010000001100110	3	2
8398	-2.9	0000010010100000	3	2
8404	-2.9	0000010011100000	3	1
8411	-2.9	0000010000011000	3	2
8419	-2.9	0000010010011000	3	2
8484	-2.9	0000010010000100	3	2
8485	-2.9	0000010010000010	3	2
8486	-2.9	0000010010000110	3	2
8504	-2.9	0000010011000100	3	2
8509	-2.9	0000010000100100	3	2
8523	-2.9	0000010010100100	3	2
8542	-2.9	0000010001000010	3	2
8543	-2.9	0000010010100010	3	2
8544	-2.9	0000010011000010	3	2
8559	-2.9	0000010011000110	3	2
8567	-2.9	0000010001011010	3	2
8578	-2.9	0000010010100110	3	2
8580	-2.9	0000010001100110	3	2
8582	-2.9	0000010011100110	3	1
8584	-2.9	0000010001111110	3	2
8587	-2.9	0000010000100000	3	2
8715	-2.9	0000010001100110	3	2
8783	-2.9	1010000000000110	4	1
8786	-2.9	1010000000000110	4	1
8791	-2.9	1010000000011000	4	2
8792	-2.9	1010000000011000	4	2
8810	-2.9	1010000000011010	4	2
8821	-2.9	1010000001011000	4	2
8823	-2.9	1010000000011100	4	2
8824	-2.9	1010000000011100	4	2
8825	-2.9	1010000000111000	4	2
8828	-2.9	1010000000111000	4	2
8844	-2.9	1010000000100010	4	1
8845	-2.9	1010000000100010	4	1
8846	-2.9	1010000001000100	4	2
8849	-2.9	1010000001000100	4	2
8852	-2.9	1010000001000010	4	1
8853	-2.9	1010000001100010	4	1
8854	-2.9	1010000001000010	4	1
8855	-2.9	1010000001100010	4	1
8856	-2.9	1010000000100100	4	2
8857	-2.9	1010000000100100	4	2
8863	-2.9	1010000001000110	4	1
8866	-2.9	1010000000100110	4	1
8867	-2.9	1010000000100110	4	1
8868	-2.9	1010000001100100	4	2
8871	-2.9	1010000001100100	4	2
8875	-2.9	1010000001000110	4	1
8879	-2.9	1010000000111010	4	1
8880	-2.9	1010000001011100	4	2
8882	-2.9	1010000001100110	4	1
8884	-2.9	1010000001011100	4	2
8886	-2.9	1010000001011010	4	1
8887	-2.9	1010000001100110	4	1
8907	-2.9	1010000000000110	4	1
8914	-2.9	1010000000011000	4	2
8915	-2.9	1010000000011000	4	2
8929	-2.9	1010000000011010	4	2
8936	-2.9	1010000001011000	4	2
8946	-2.9	1010000000011100	4	2
8951	-2.9	1010000000111000	4	2
8971	-2.9	1010000000100010	4	1
8974	-2.9	1010000001000100	4	2
8977	-2.9	1010000001000010	4	1
8978	-2.9	1010000001000010	4	1
8979	-2.9	1010000001100010	4	1
8980	-2.9	1010000000100100	4	2
8981	-2.9	1010000000100100	4	2
8991	-2.9	1010000000100110	4	1
8994	-2.9	1010000001100100	4	2
9000	-2.9	1010000001000110	4	1
9005	-2.9	1010000000111010	4	1
9008	-2.9	1010000001011100	4	2
9011	-2.9	1010000001011010	4	1
9012	-2.9	1010000001100110	4	1
9058	-2.9	0000010100011000	3	2
9065	-2.9	0000010110011000	3	1
9078	-2.9	0000010110000100	3	1
9079	-2.9	0000010110000010	3	1
9080	-2.9	0000010110000110	3	1
9107	-2.9	0000010110000100	3	1
9108	-2.9	0000010110000010	3	1
9109	-2.9	0000010110000110	3	1
9132	-2.9	0000010110000100	3	1
9133	-2.9	0000010110000010	3	1
9134	-2.9	0000010110000110	3	1
9170	-2.9	0000010100100100	3	2
9188	-2.9	0000010101000010	3	2
9205	-2.9	0000010110011100	3	1
9219	-2.9	0000010110011010	3	1
9236	-2.9	0000010101100110	3	2
9238	-2.9	0000010110011110	3	1
9251	-2.9	0110000000100001	4	1
9252	-2.9	0110000001000001	4	1
9269	-2.9	0110000001011001	4	2
9275	-3.2	1010000000000110	4	1
9279	-3.2	1010000000011000	4	2
9287	-3.2	1010000000011010	4	2
9291	-3.2	1010000001011000	4	2
9302	-3.2	1010000000011100	4	2
9305	-3.2	1010000000111000	4	2
9327	-3.2	1010000000100010	4	1
9330	-3.2	1010000001000100	4	2
9334	-3.2	1010000001000010	4	1
9335	-3.2	1010000001100010	4	1
9336	-3.2	1010000000100100	4	2
9346	-3.2	1010000000100110	4	1
9349	-3.2	1010000001100100	4	2
9353	-3.2	1010000001000110	4	1
9357	-3.2	1010000000111010	4	2
9360	-3.2	1010000001011100	4	2
9363	-3.2	1010000001011010	4	2
9364	-3.2	1010000001100110	4	1
9380	-2.9	0000011001100000	3	1
9445	-2.9	0000010110000001	2	2
9503	-2.9	0000011001100110	3	1
9507	-2.9	0000010110011001	2	2
9516	-3.2	0000010101100110	3	2
9835	-2.9	0110000000000110	3	2
9837	-2.9	0110000000000111	4	2
9848	-2.9	0110000000100001	4	1
9849	-2.9	0110000001000001	4	1
9850	-2.9	0110000000100001	4	1
9851	-2.9	0110000001000001	4	1
9852	-2.9	0110000001100001	4	1
9880	-3.2	0110000000100001	4	1
9881	-3.2	0110000001000001	4	1
9882	-3.2	0110000001100001	4	1
9903	-2.9	0110000000100011	4	1
9913	-2.9	0110000000100101	4	1
9916	-3.2	0110000000100101	4	1
9923	-2.9	0110000001000101	4	1
9924	-2.9	0110000001000011	4	1
9926	-3.2	0110000001000101	4	1
9927	-3.2	0110000001000011	4	1
9932	-2.9	0110000001100011	4	1
9941	-2.9	0110000001011001	4	2
9942	-2.9	0110000001011001	4	2
9943	-2.9	0110000001100101	4	1
9947	-2.9	0110000001011011	4	2
9950	-3.2	0110000001100101	4	1
9957	-2.9	0110000001100111	4	2
9959	-2.9	0110000001111001	4	2
9962	-2.9	0110000000000110	3	2
10081	-2.9	0110000001100110	3	2
10093	-2.9	1110000000011000	4	2
10094	-2.9	1110000000011000	4	2
10109	-2.9	1110000000011010	4	2
10116	-2.9	1110000001011000	4	2
10126	-2.9	1110000000011100	4	2
10131	-2.9	1110000000111000	4	2
10151	-2.9	1110000000100010	4	1
10154	-2.9	1110000001000100	4	2
10157	-2.9	1110000001000010	4	1
10158	-2.9	1110000001000010	4	1
10159	-2.9	1110000001100010	4	1
10160	-2.9	1110000000100100	4	2
10161	-2.9	1110000000100100	4	2
10171	-2.9	1110000000100110	4	1
10174	-2.9	1110000001100100	4	2
10180	-2.9	1110000001000110	4	2
10185	-2.9	1110000000111010	4	2
10188	-2.9	1110000001011100	4	2
10191	-2.9	1110000001011010	4	2
10192	-2.9	1110000001100110	4	1
10250	-2.9	0000011100011000	3	2
10253	-3.2	0000011100011000	3	2
10259	-3.2	0000011110011000	3	1
10310	-3.2	0000011110000100	3	1
10311	-3.2	0000011110000010	3	1
10312	-3.2	0000011110000110	3	1
10349	-3.2	0000011100100100	3	2
10365	-3.2	0000011101000010	3	2
10377	-3.2	0000011110011100	3	1
10389	-3.2	0000011110011010	3	1
10402	-3.2	0000011101100110	3	2
10404	-3.2	0000011110011110	3	1
10832	-2.9	0001100000100001	4	2
10833	-2.9	0001100001000001	4	2
10834	-2.9	0001100001100001	4	2
10864	-2.9	0001100001011001	4	2
10865	-2.9	0001100001100101	4	2
10868	-2.9	0001100000011000	3	2
10869	-2.9	0001100000011000	3	2
10872	-2.9	0001100001100001	4	2
10873	-2.9	0001100010000001	4	2
10874	-2.9	0001100000100001	4	2
10875	-2.9	0001100001000001	4	2
10876	-2.9	0001100001100001	4	2
10890	-2.9	0001100010000101	4	2
10941	-2.9	0001100001000101	4	2
10942	-2.9	0001100000100011	4	2
10955	-2.9	0001100000100101	4	2
10956	-2.9	0001100000100101	4	2
10970	-2.9	0001100001000101	4	2
10971	-2.9	0001100001000011	4	2
10975	-2.9	0001100001100011	4	2
10976	-2.9	0001100010100011	4	2
10977	-2.9	0001100001100011	4	2
10990	-2.9	0001100001011001	4	2
10991	-2.9	0001100010100101	4	2
10992	-2.9	0001100001100101	4	2
11002	-2.9	0001100001100111	4	2
11004	-2.9	0001100001111001	4	2
11007	-2.9	0001100000011000	3	2
11012	-2.9	0001100000100001	4	2
11013	-2.9	0001100001000001	4	2
11014	-2.9	0001100000100001	4	2
11015	-2.9	0001100001000001	4	2
11016	-2.9	0001100001100001	4	2
11044	-3.2	0001100000100001	4	2
11045	-3.2	0001100001000001	4	2
11046	-3.2	0001100001100001	4	2
11067	-2.9	0001100000100011	4	2
11077	-2.9	0001100000100101	4	2
11080	-3.2	0001100000100101	4	2
11087	-2.9	0001100001000101	4	2
11088	-2.9	0001100001000011	4	2
11090	-3.2	0001100001000101	4	2
11091	-3.2	0001100001000011	4	2
11096	-2.9	0001100001100011	4	2
11105	-2.9	0001100001011001	4	2
11106	-2.9	0001100001011001	4	2
11107	-2.9	0001100001100101	4	2
11111	-2.9	0001100001011011	4	2
11114	-3.2	0001100001100101	4	2
11121	-2.9	0001100001100111	4	2
11123	-2.9	0001100001111001	4	2
11132	-2.9	0001100011100110	3	2
11134	-2.9	0001100000011000	3	2
11135	-2.9	0001100000011000	3	2
11275	-2.9	0001100000011000	3	2
11385	-2.9	0001100001100110	3	2
11396	-2.9	0001100010100110	3	2
11398	-3.2	0001100011100110	3	2
11400	-3.5	0001100000011000	3	2
11509	-3.2	0001100001100110	3	2
11668	-2.9	1000010000011010	4	1
11679	-2.9	1000010001011000	4	1
11681	-2.9	1000010000011100	4	1
11682	-2.9	1000010000011100	4	1
11683	-2.9	1000010000111000	4	1
11686	-2.9	1000010000111000	4	1
11702	-2.9	1000010000100010	4	1
11703	-2.9	1000010000100010	4	1
11704	-2.9	1000010001000100	4	1
11707	-2.9	1000010001000100	4	1
11709	-2.9	1000010001000010	4	1
11710	-2.9	1000010001100010	4	1
11711	-2.9	1000010001000010	4	1
11712	-2.9	1000010001100010	4	1
11713	-2.9	1000010000100100	4	1
11714	-2.9	1000010000100100	4	1
11720	-2.9	1000010001000110	4	1
11723	-2.9	1000010000100110	4	1
11724	-2.9	1000010000100110	4	1
11725	-2.9	1000010001100100	4	1
11728	-2.9	1000010001100100	4	1
11732	-2.9	1000010001000110	4	1
11736	-2.9	1000010000111010	4	1
11737	-2.9	1000010001011100	4	1
11739	-2.9	1000010001100110	4	1
11741	-2.9	1000010001011100	4	1
11743	-2.9	1000010001011010	4	1
11744	-2.9	1000010001100110	4	1
11769	-2.9	1000001000011010	4	1
11780	-2.9	1000001001011000	4	1
11782	-2.9	1000001000011100	4	1
11783	-2.9	1000001000011100	4	1
11784	-2.9	1000001000111000	4	1
11787	-2.9	1000001000111000	4	1
11802	-2.9	0001100110000001	2	2
11803	-2.9	1000001000100010	4	1
11804	-2.9	1000001000100010	4	1
11805	-2.9	1000001001000100	4	1
11808	-2.9	1000001001000100	4	1
11810	-2.9	1000001001000010	4	1
11811	-2.9	1000001001100010	4	1
11812	-2.9	1000001001000010	4	1
11813	-2.9	1000001001100010	4	1
11814	-2.9	1000001000100100	4	1
11815	-2.9	1000001000100100	4	1
11821	-2.9	1000001001000110	4	1
11824	-2.9	1000001000100110	4	1
11825	-2.9	1000001000100110	4	1
11826	-2.9	1000001001100100	4	1
11829	-2.9	1000001001100100	4	1
11833	-2.9	1000001001000110	4	1
11837	-2.9	1000001000111010	4	1
11838	-2.9	1000001001011100	4	1
11840	-2.9	1000001001100110	4	1
11842	-2.9	1000001001011100	4	1
11844	-2.9	1000001001011010	4	1
11845	-2.9	1000001001100110	4	1
11854	-2.9	0001100110100101	2	2
11857	-2.9	0001100110011001	2	2
11868	-2.9	1000011000011100	4	1
11869	-2.9	1000011000111000	4	1
11870	-2.9	1000011000100010	4	1
11871	-2.9	1000011001000100	4	1
11872	-2.9	1000011001000010	4	1
11873	-2.9	1000011000100100	4	1
11876	-2.9	1000011001011100	4	1
11893	-2.9	1000011001000010	4	1
11895	-2.9	1000011000100100	4	1
11918	-2.9	1000000110000100	4	1
11919	-2.9	1000000110000110	4	1
11946	-2.9	1000000101000010	4	1
11947	-2.9	1000000110100010	4	1
11948	-2.9	1000000100100100	4	1
11952	-2.9	1000000110100100	4	1
11965	-2.9	1000000101100110	4	1
11986	-2.9	1000010000011010	4	1
11993	-2.9	1000010001011000	4	1
12003	-2.9	1000010000011100	4	1
12008	-2.9	1000010000111000	4	1
12028	-2.9	1000010000100010	4	1
12031	-2.9	1000010001000100	4	1
12034	-2.9	1000010001000010	4	1
12035	-2.9	1000010001000010	4	1
12036	-2.9	1000010001100010	4	1
12037	-2.9	1000010000100100	4	1
12038	-2.9	1000010000100100	4	1
12048	-2.9	1000010000100110	4	1
12051	-2.9	1000010001100100	4	1
12057	-2.9	1000010001000110	4	1
12062	-2.9	1000010000111010	4	1
12065	-2.9	1000010001011100	4	1
12068	-2.9	1000010001011010	4	1
12069	-2.9	1000010001100110	4	1
12097	-2.9	1000001000011010	4	1
12104	-2.9	1000001001011000	4	1
12114	-2.9	1000001000011100	4	1
12119	-2.9	1000001000111000	4	1
12137	-2.9	0001100110000001	2	2
12139	-2.9	1000001000100010	4	1
12142	-2.9	1000001001000100	4	1
12145	-2.9	1000001001000010	4	1
12146	-2.9	1000001001000010	4	1
12147	-2.9	1000001001100010	4	1
12148	-2.9	1000001000100100	4	1
12149	-2.9	1000001000100100	4	1
12159	-2.9	1000001000100110	4	1
12162	-2.9	1000001001100100	4	1
12168	-2.9	1000001001000110	4	1
12173	-2.9	1000001000111010	4	1
12176	-2.9	1000001001011100	4	1
12179	-2.9	1000001001011010	4	1
12180	-2.9	1000001001100110	4	1
12193	-2.9	0001100110100101	2	2
12199	-2.9	0001100110011001	2	2
12207	-2.9	1000011000011010	4	1
12214	-2.9	1000011001011000	4	1
12224	-2.9	1000011000011100	4	1
12229	-2.9	1000011000111000	4	1
12247	-2.9	0001100110000001	2	2
12249	-2.9	1000011000100010	4	1
12252	-2.9	1000011001000100	4	1
12255	-2.9	1000011001000010	4	1
12256	-2.9	1000011001000010	4	1
12257	-2.9	1000011001100010	4	1
12258	-2.9	1000011000100100	4	1
12259	-2.9	1000011000100100	4	1
12269	-2.9	1000011000100110	4	1
12272	-2.9	1000011001100100	4	1
12278	-2.9	1000011001000110	4	1
12283	-2.9	1000011000111010	4	1
12286	-2.9	1000011001011100	4	1
12289	-2.9	1000011001011010	4	1
12290	-2.9	1000011001100110	4	1
12298	-2.9	0001100110100110	3	2
12303	-2.9	0001100110100101	2	2
12304	-2.9	0001100110100110	3	2
12308	-3.2	0001100111100110	3	2
12309	-2.9	0001100110011001	2	2
12316	-3.2	0001100101100110	3	2
12946	-2.9	0101100000011010	3	2
12969	-3.2	0101100000100001	4	1
12970	-3.2	0101100001000001	4	1
12971	-3.2	0101100001100001	4	1
12992	-2.9	0101100000100011	4	1
13002	-2.9	0101100000100101	4	2
13005	-3.2	0101100000100101	4	2
13012	-2.9	0101100001000101	4	2
13013	-2.9	0101100001000011	4	1
13015	-3.2	0101100001000101	4	2
13016	-3.2	0101100001000011	4	1
13021	-2.9	0101100001100011	4	1
13030	-2.9	0101100001011001	4	2
13031	-2.9	0101100001011001	4	2
13032	-2.9	0101100001100101	4	2
13036	-2.9	0101100001011011	4	2
13039	-3.2	0101100001100101	4	2
13046	-2.9	0101100001100111	4	2
13048	-2.9	0101100001111001	4	2
13098	-2.9	0010000110000001	2	1
13165	-2.9	0010000110100101	2	2
13170	-2.9	0010000110011001	2	2
13219	-2.9	0100000110000001	2	1
13286	-2.9	0100000110100101	2	1
13291	-2.9	0100000110011001	2	1
13351	-2.9	1000000110000100	2	1
13352	-2.9	1000000110000110	2	1
13380	-2.9	1000000110000001	2	1
13393	-2.9	1000000110100010	2	1
13405	-2.9	1000000110100100	2	1
13447	-2.9	1000000110100101	2	1
13452	-2.9	1000000110011001	2	1
13470	-2.9	0101100000011010	3	2
13564	-2.9	0101100001100110	3	2
13575	-2.9	0010000110000100	3	2
13576	-2.9	0010000110000010	3	2
13577	-2.9	0010000110000110	3	2
13592	-2.9	0010000111000100	3	2
13598	-2.9	0010000110100100	3	2
13600	-2.9	0010000110100010	3	2
13601	-2.9	0010000111000010	3	2
13605	-2.9	0010000111000110	3	2
13609	-2.9	0010000110100110	3	2
13616	-2.9	0100000110000100	3	2
13617	-2.9	0100000110000010	3	1
13618	-2.9	0100000110000110	3	1
13633	-2.9	0100000111000100	3	2
13639	-2.9	0100000110100100	3	2
13641	-2.9	0100000110100010	3	1
13642	-2.9	0100000111000010	3	1
13646	-2.9	0100000111000110	3	1
13650	-2.9	0100000110100110	3	1
13657	-2.9	0110000110000100	3	2
13658	-2.9	0110000110000010	3	1
13659	-2.9	0110000110000110	3	2
13674	-2.9	0110000111000100	3	2
13680	-2.9	0110000110100100	3	2
13682	-2.9	0110000110100010	3	1
13683	-2.9	0110000111000010	3	1
13686	-2.9	0110000111000110	3	2
13690	-2.9	0110000110100110	3	2
13727	-2.9	1000000110000001	2	1
13783	-2.9	1000000110100101	2	1
13789	-2.9	1000000110011001	2	1
13792	-2.9	0001101001011000	3	2
13826	-2.9	1000010110000001	2	1
13884	-2.9	0001101001100110	3	2
13888	-2.9	1000010110011001	2	1
13891	-2.9	0001101001011000	3	2
13907	-3.2	0001101000100001	4	2
13908	-3.2	0001101001000001	4	2
13909	-3.2	0001101001100001	4	2
13924	-2.9	1000001110000001	2	1
13930	-2.9	0001101000100011	4	2
13940	-2.9	0001101000100101	4	2
13943	-3.2	0001101000100101	4	2
13950	-2.9	0001101001000101	4	2
13951	-2.9	0001101001000011	4	2
13953	-3.2	0001101001000101	4	2
13954	-3.2	0001101001000011	4	2
13959	-2.9	0001101001100011	4	2
13968	-2.9	0001101001011001	4	2
13969	-2.9	0001101001011001	4	2
13970	-2.9	0001101001100101	4	2
13974	-2.9	0001101001011011	4	2
13977	-3.2	0001101001100101	4	2
13984	-2.9	0001101001100111	4	2
14280	-2.9	1010000110000100	4	2
14281	-2.9	1010000110000110	4	1
14308	-2.9	1010000101000010	4	1
14309	-2.9	1010000110100010	4	1
14310	-2.9	1010000100100100	4	2
14314	-2.9	1010000110100100	4	2
14327	-2.9	1010000101100110	4	1
14341	-2.9	0010000110000100	3	2
14394	-2.9	0010000110100110	3	2
14401	-2.9	0010000101100110	3	2
14405	-2.9	0100000110000010	3	1
14457	-2.9	0100000110100110	3	1
14464	-2.9	0100000101100110	3	1
14468	-2.9	0110000110000110	3	2
14519	-2.9	0110000110100110	3	2
14530	-2.9	0010000110000100	3	2
14574	-2.9	0010000110100011	4	2
14578	-2.9	0010000110100101	4	2
14579	-2.9	0010000110100101	2	2
14581	-2.9	0010000110100111	4	2
14591	-2.9	0110000110000110	3	2
14634	-2.9	0110000110100011	4	1
14638	-2.9	0110000110100101	4	1
14639	-2.9	0110000110100101	2	1
14641	-2.9	0110000110100111	4	2
15449	-2.9	0011100001011001	4	2
15450	-2.9	0011100001100101	4	2
15453	-2.9	0011100000011100	3	2
15459	-3.2	0011100000100001	4	1
15460	-3.2	0011100001000001	4	1
15461	-3.2	0011100001100001	4	1
15482	-2.9	0011100000100011	4	2
15492	-2.9	0011100000100101	4	2
15495	-3.2	0011100000100101	4	2
15502	-2.9	0011100001000101	4	2
15503	-2.9	0011100001000011	4	2
15505	-3.2	0011100001000101	4	2
15506	-3.2	0011100001000011	4	2
15511	-2.9	0011100001100011	4	2
15520	-2.9	0011100001011001	4	2
15521	-2.9	0011100001011001	4	2
15522	-2.9	0011100001100101	4	2
15526	-2.9	0011100001011011	4	2
15529	-3.2	0011100001100101	4	2
15536	-2.9	0011100001100111	4	2
15538	-2.9	0011100001111001	4	2
15571	-2.9	0010000110000001	2	1
15637	-2.9	0010000110100101	2	2
15642	-2.9	0010000110011001	2	2
15674	-2.9	0100000110000001	2	1
15740	-2.9	0100000110100101	2	1
15745	-2.9	0100000110011001	2	1
15787	-2.9	0001110001011001	4	2
15788	-2.9	0001110001100101	4	2
15791	-2.9	0011100000011100	3	2
15869	-2.9	0011100001100110	3	2
15877	-2.9	0010000110000100	3	2
15878	-2.9	0010000110000010	3	2
15879	-2.9	0010000110000110	3	2
15888	-2.9	0010000111000100	3	2
15892	-2.9	0010000110100010	3	2
15893	-2.9	0010000111000010	3	2
15894	-2.9	0010000110100100	3	2
15896	-2.9	0010000110011100	3	2
15901	-2.9	0010000110011010	3	2
15902	-2.9	0010000110100110	3	2
15906	-2.9	0100000110000100	3	2
15907	-2.9	0100000110000010	3	1
15908	-2.9	0100000110000110	3	1
15917	-2.9	0100000111000100	3	2
15921	-2.9	0100000110100010	3	1
15922	-2.9	0100000111000010	3	1
15923	-2.9	0100000110100100	3	2
15925	-2.9	0100000110011100	3	1
15930	-2.9	0100000110011010	3	1
15931	-2.9	0100000110100110	3	1
15935	-2.9	0110000110000100	3	2
15936	-2.9	0110000110000010	3	1
15937	-2.9	0110000110000110	3	2
15946	-2.9	0110000111000100	3	2
15950	-2.9	0110000110100010	3	1
15951	-2.9	0110000111000010	3	1
15952	-2.9	0110000110100100	3	2
15954	-2.9	0110000110011100	3	2
15958	-2.9	0110000110011010	3	2
15959	-2.9	0110000110100110	3	2
15961	-2.9	0001110000111000	3	2
16038	-2.9	0001110001100110	3	2
16045	-2.9	0001110000111000	3	2
16046	-3.2	0001110000100001	4	2
16047	-3.2	0001110001000001	4	2
16048	-3.2	0001110001100001	4	2
16069	-2.9	0001110000100011	4	2
16079	-2.9	0001110000100101	4	2
16082	-3.2	0001110000100101	4	2
16089	-2.9	0001110001000101	4	2
16090	-2.9	0001110001000011	4	2
16092	-3.2	0001110001000101	4	2
16093	-3.2	0001110001000011	4	2
16098	-2.9	0001110001100011	4	2
16107	-2.9	0001110001011001	4	2
16108	-2.9	0001110001011001	4	2
16109	-2.9	0001110001100101	4	2
16113	-2.9	0001110001011011	4	2
16116	-3.2	0001110001100101	4	2
16123	-2.9	0001110001100111	4	2
16125	-2.9	0001110001111001	4	2
16132	-2.9	1100000110000100	4	2
16133	-2.9	1100000110000110	4	1
16138	-2.9	1100000110100010	4	1
16149	-2.9	1100000110100100	4	2
16157	-2.9	1100000110100110	4	1
16173	-2.9	0010000110000100	3	2
16203	-2.9	0010000111000110	3	2
16213	-2.9	0010000101100110	3	2
16217	-2.9	0100000110000010	3	1
16246	-2.9	0100000111000110	3	1
16256	-2.9	0100000101100110	3	1
16260	-2.9	0110000110000110	3	2
16288	-2.9	0110000111000110	3	2
16302	-2.9	0010000110000100	3	2
16343	-2.9	0110000110000110	3	2
16398	-3.2	1000010000100010	4	1
16401	-3.2	1000010001000100	4	1
16405	-3.2	1000010001000010	4	1
16406	-3.2	1000010001100010	4	1
16407	-3.2	1000010000100100	4	1
16417	-3.2	1000010000100110	4	1
16420	-3.2	1000010001100100	4	1
16424	-3.2	1000010001000110	4	1
16428	-3.2	1000010000111010	4	1
16431	-3.2	1000010001011100	4	1
16434	-3.2	1000010001011010	4	1
16435	-3.2	1000010001100110	4	1
16466	-3.2	1000001000100010	4	1
16469	-3.2	1000001001000100	4	1
16473	-3.2	1000001001000010	4	1
16474	-3.2	1000001001100010	4	1
16475	-3.2	1000001000100100	4	1
16485	-3.2	1000001000100110	4	1
16488	-3.2	1000001001100100	4	1
16492	-3.2	1000001001000110	4	1
16496	-3.2	1000001000111010	4	1
16499	-3.2	1000001001011100	4	1
16502	-3.2	1000001001011010	4	1
16503	-3.2	1000001001100110	4	1
16534	-3.2	1000011000100010	4	1
16537	-3.2	1000011001000100	4	1
16541	-3.2	1000011001000010	4	1
16542	-3.2	1000011001100010	4	1
16543	-3.2	1000011000100100	4	1
16553	-3.2	1000011000100110	4	1
16556	-3.2	1000011001100100	4	1
16560	-3.2	1000011001000110	4	1
16564	-3.2	1000011000111010	4	1
16567	-3.2	1000011001011100	4	1
16570	-3.2	1000011001011010	4	1
16571	-3.2	1000011001100110	4	1
17054	-2.9	0010000110000001	2	1
17110	-2.9	0010000110100101	2	2
17116	-2.9	0010000110011001	2	2
17126	-2.9	0100000110000001	2	1
17182	-2.9	0100000110100101	2	1
17188	-2.9	0100000110011001	2	1
17197	-2.9	0110000110000001	2	1
17253	-2.9	0110000110100101	2	1
17259	-2.9	0110000110011001	2	2
17267	-2.9	1010000110000001	2	1
17323	-2.9	1010000110100101	2	1
17329	-2.9	1010000110011001	2	1
17336	-2.9	1100000110000001	2	1
17392	-2.9	1100000110100101	2	1
17398	-2.9	1100000110011001	2	1
17404	-2.9	0010000110000001	2	1
17455	-2.9	0010000110100110	3	2
17460	-2.9	0010000110100101	2	2
17461	-2.9	0010000110100110	3	2
17465	-3.2	0010000111100110	3	2
17466	-2.9	0010000110011001	2	2
17471	-2.9	0100000110000001	2	1
17522	-2.9	0100000110100110	3	1
17527	-2.9	0100000110100101	2	1
17528	-2.9	0100000110100110	3	1
17532	-3.2	0100000111100110	3	1
17533	-2.9	0100000110011001	2	1
17537	-2.9	0110000110000001	2	1
17588	-2.9	0110000110100110	3	2
17593	-2.9	0110000110100101	2	1
17594	-2.9	0110000110100110	3	2
17598	-3.2	0110000111100110	3	2
17599	-2.9	0110000110011001	2	2
17602	-2.9	1000000110000001	2	1
17606	-2.9	1000000110100010	2	1
17607	-2.9	1000000111000010	2	1
17610	-2.9	1000000111000100	2	1
17611	-2.9	1000000111000100	2	1
17612	-2.9	1000000111000100	2	1
17619	-2.9	1000000110100100	2	1
17622	-2.9	1000000110100100	2	1
17623	-2.9	1000000110100100	2	1
17626	-2.9	1000000110100010	2	1
17627	-2.9	1000000111000010	2	1
17628	-2.9	1000000110011010	2	1
17629	-2.9	1000000110011100	2	1
17630	-2.9	1000000110100110	2	1
17633	-2.9	1000000111000110	2	1
17637	-2.9	1000000110011100	2	1
17640	-2.9	1000000110100011	2	1
17641	-2.9	1000000111000011	2	1
17644	-2.9	1000000111000101	2	1
17645	-2.9	1000000111000110	2	1
17646	-2.9	1000000110011001	2	1
17647	-2.9	1000000110011001	2	1
17648	-2.9	1000000110011010	2	1
17649	-2.9	1000000110100101	2	1
17650	-2.9	1000000110100101	2	1
17652	-2.9	1000000110011101	2	1
17656	-2.9	1000000110100111	2	1
17657	-2.9	1000000110100110	2	1
17660	-2.9	1000000101100110	2	1
17662	-2.9	1000000110011110	2	1
17775	-2.9	0010000101100110	3	2
17780	-2.9	0100000101100110	3	1
17785	-2.9	0110000101100110	3	2
17805	-3.2	0010000101100110	3	2
17810	-3.2	0100000101100110	3	1
17815	-3.2	0110000101100110	3	2
17838	-2.9	0100010001011001	4	1
17839	-2.9	0100010001100101	4	1
17842	-2.9	0100010000100010	3	1
17846	-2.9	0100010000100011	4	1
17856	-2.9	0100010000100101	4	1
17859	-3.2	0100010000100101	4	1
17866	-2.9	0100010001000101	4	1
17867	-2.9	0100010001000011	4	1
17869	-3.2	0100010001000101	4	1
17870	-3.2	0100010001000011	4	1
17875	-2.9	0100010001100011	4	1
17884	-2.9	0100010001011001	4	1
17885	-2.9	0100010001011001	4	1
17886	-2.9	0100010001100101	4	1
17890	-2.9	0100010001011011	4	1
17893	-3.2	0100010001100101	4	1
17900	-2.9	0100010001100111	4	1
17902	-2.9	0100010001111001	4	1
17917	-2.9	0010001001011001	4	2
17918	-2.9	0010001001100101	4	2
17921	-2.9	0100010000100010	3	1
17976	-2.9	0100010001100110	3	1
17989	-2.9	0010001001000100	3	2
18043	-2.9	0010001001100110	3	2
18047	-2.9	0100010110011001	2	1
18050	-2.9	0010001001000100	3	2
18051	-2.9	0010001000100011	4	2
18061	-2.9	0010001000100101	4	2
18064	-3.2	0010001000100101	4	2
18071	-2.9	0010001001000101	4	2
18072	-2.9	0010001001000011	4	2
18074	-3.2	0010001001000101	4	2
18075	-3.2	0010001001000011	4	2
18080	-2.9	0010001001100011	4	2
18089	-2.9	0010001001011001	4	2
18090	-2.9	0010001001011001	4	2
18091	-2.9	0010001001100101	4	2
18095	-2.9	0010001001011011	4	2
18098	-3.2	0010001001100101	4	2
18105	-2.9	0010001001100111	4	2
18110	-2.9	1010001001000010	4	1
18111	-2.9	1010001000100100	4	2
18114	-2.9	1010001001100110	4	1
18120	-2.9	1100010001000010	4	1
18121	-2.9	1100010001000010	4	1
18122	-2.9	1100010001100010	4	1
18123	-2.9	1100010000100100	4	2
18124	-2.9	1100010000100100	4	2
18134	-2.9	1100010000100110	4	1
18137	-2.9	1100010001100100	4	2
18143	-2.9	1100010001000110	4	1
18148	-2.9	1100010000111010	4	1
18151	-2.9	1100010001011100	4	1
18154	-2.9	1100010001011010	4	1
18155	-2.9	1100010001100110	4	1
18183	-2.9	0100001001011001	4	1
18184	-2.9	0100001001100101	4	1
18191	-2.9	0100011001011001	4	1
18276	-2.9	0100001001000010	3	1
18278	-2.9	0100001001000010	3	1
18285	-2.9	0100001000100101	4	1
18286	-2.9	0100001000100101	4	1
18300	-2.9	0100001001000101	4	1
18301	-2.9	0100001001000011	4	1
18305	-2.9	0100001001100011	4	1
18306	-2.9	0100001010100011	4	1
18307	-2.9	0100001001100011	4	1
18320	-2.9	0100001001011001	4	1
18321	-2.9	0100001010100101	4	1
18322	-2.9	0100001001100101	4	1
18332	-2.9	0100001001100111	4	1
18371	-2.9	0100001001000010	3	1
18378	-2.9	0100001000100101	4	1
18381	-3.2	0100001000100101	4	1
18388	-2.9	0100001001000101	4	1
18389	-2.9	0100001001000011	4	1
18391	-3.2	0100001001000101	4	1
18392	-3.2	0100001001000011	4	1
18397	-2.9	0100001001100011	4	1
18406	-2.9	0100001001011001	4	1
18407	-2.9	0100001001011001	4	1
18408	-2.9	0100001001100101	4	1
18412	-2.9	0100001001011011	4	1
18415	-3.2	0100001001100101	4	1
18422	-2.9	0100001001100111	4	1
18427	-2.9	0100011001100010	3	1
18433	-2.9	0100011000100101	4	1
18436	-3.2	0100011000100101	4	1
18443	-2.9	0100011001000101	4	1
18444	-2.9	0100011001000011	4	1
18446	-3.2	0100011001000101	4	1
18447	-3.2	0100011001000011	4	1
18452	-2.9	0100011001100011	4	1
18461	-2.9	0100011001011001	4	1
18462	-2.9	0100011001011001	4	1
18463	-2.9	0100011001100101	4	1
18467	-2.9	0100011001011011	4	1
18470	-3.2	0100011001100101	4	1
18477	-2.9	0100011001100111	4	1
18489	-3.2	0010001101100110	3	2
18506	-2.9	0010010001011001	4	2
18507	-2.9	0010010001100101	4	2
18510	-2.9	0010010000100100	3	2
18511	-2.9	0010010000100100	3	2
18514	-2.9	0010010000100101	4	2
18515	-2.9	0010010000100101	4	2
18529	-2.9	0010010001000101	4	2
18530	-2.9	0010010001000011	4	2
18534	-2.9	0010010001100011	4	2
18535	-2.9	0010010010100011	4	2
18536	-2.9	0010010001100011	4	2
18549	-2.9	0010010001011001	4	2
18550	-2.9	0010010010100101	4	2
18551	-2.9	0010010001100101	4	2
18561	-2.9	0010010001100111	4	2
18563	-2.9	0010010001111001	4	2
18566	-2.9	0010010000100100	3	2
18570	-2.9	0010010000100101	4	2
18573	-3.2	0010010000100101	4	2
18580	-2.9	0010010001000101	4	2
18581	-2.9	0010010001000011	4	2
18583	-3.2	0010010001000101	4	2
18584	-3.2	0010010001000011	4	2
18589	-2.9	0010010001100011	4	2
18598	-2.9	0010010001011001	4	2
18599	-2.9	0010010001011001	4	2
18600	-2.9	0010010001100101	4	2
18604	-2.9	0010010001011011	4	2
18607	-3.2	0010010001100101	4	2
18614	-2.9	0010010001100111	4	2
18616	-2.9	0010010001111001	4	2
18619	-2.9	0010010000100100	3	2
18620	-2.9	0010010000100100	3	2
18676	-2.9	0010010000100100	3	2
18720	-2.9	0010010001100110	3	2
18729	-2.9	0010010010100110	3	2
18731	-3.2	0010010011100110	3	2
18733	-3.5	0010010000100100	3	2
18776	-3.2	0010010001100110	3	2
18785	-2.9	1010010001100110	4	1
18794	-2.9	1010010000100110	4	1
18797	-2.9	1010010001100100	4	2
18803	-2.9	1010010001000110	4	1
18808	-2.9	1010010000111010	4	1
18811	-2.9	1010010001011100	4	2
18814	-2.9	1010010001011010	4	1
18815	-2.9	1010010001100110	4	1
18837	-2.9	0100001001000010	3	1
18843	-2.9	0100001001000010	3	1
18886	-2.9	0010010110011001	2	2
18984	-2.9	0110001001011001	4	2
19038	-3.2	1010010000100110	4	1
19041	-3.2	1010010001100100	4	2
19045	-3.2	1010010001000110	4	1
19049	-3.2	1010010000111010	4	2
19052	-3.2	1010010001011100	4	2
19055	-3.2	1010010001011010	4	2
19056	-3.2	1010010001100110	4	1
19072	-2.9	0100001001000010	3	1
19110	-2.9	0100001001100110	3	1
19114	-2.9	0010010110011001	2	2
19117	-2.9	0100011001100010	3	1
19154	-2.9	0100011001100110	3	1
19158	-2.9	0010010110011001	2	2
19173	-3.2	0010010101100110	3	2
19182	-2.9	0110010001011001	4	1
19187	-2.9	0110010000100110	3	1
19191	-2.9	0110010001000101	4	1
19192	-2.9	0110010001000011	4	1
19194	-3.2	0110010001000101	4	1
19195	-3.2	0110010001000011	4	1
19200	-2.9	0110010001100011	4	1
19209	-2.9	0110010001011001	4	1
19210	-2.9	0110010001011001	4	1
19211	-2.9	0110010001100101	4	1
19215	-2.9	0110010001011011	4	1
19218	-3.2	0110010001100101	4	1
19225	-2.9	0110010001100111	4	1
19227	-2.9	0110010001111001	4	1
19232	-2.9	0010011001011001	4	2
19235	-2.9	0110010000100110	3	2
19270	-2.9	0110010001100110	3	2
19279	-2.9	0100001010100110	3	1
19281	-3.2	0100001011100110	3	1
19283	-2.9	0010011001100100	3	2
19317	-2.9	0010011001100110	3	2
19321	-2.9	0100010110011001	2	1
19324	-2.9	0010011001100100	3	2
19325	-2.9	0010011001000101	4	2
19326	-2.9	0010011001000011	4	2
19328	-3.2	0010011001000101	4	2
19329	-3.2	0010011001000011	4	2
19334	-2.9	0010011001100011	4	2
19343	-2.9	0010011001011001	4	2
19344	-2.9	0010011001011001	4	2
19345	-2.9	0010011001100101	4	2
19349	-2.9	0010011001011011	4	2
19352	-3.2	0010011001100101	4	2
19359	-2.9	0010011001100111	4	2
19369	-2.9	1010001001000110	4	1
19374	-2.9	1010001000111010	4	1
19377	-2.9	1010001001011100	4	2
19380	-2.9	1010001001011010	4	1
19381	-2.9	1010001001100110	4	1
19394	-2.9	0101100110100101	2	2
19400	-2.9	0101100110011001	2	2
19407	-2.9	1100001001000110	4	1
19412	-2.9	1100001000111010	4	1
19415	-2.9	1100001001011100	4	1
19418	-2.9	1100001001011010	4	1
19419	-2.9	1100001001100110	4	1
19432	-2.9	0011100110100101	2	2
19438	-2.9	0011100110011001	2	2
19441	-2.9	0110001001000110	3	2
19471	-2.9	0110001001100110	3	2
19475	-2.9	0110010110011001	2	1
19478	-3.2	1010001001000110	4	1
19482	-3.2	1010001000111010	4	2
19485	-3.2	1010001001011100	4	2
19488	-3.2	1010001001011010	4	2
19489	-3.2	1010001001100110	4	1
19505	-3.2	1100001001000110	4	1
19509	-3.2	1100001000111010	4	1
19512	-3.2	1100001001011100	4	2
19515	-3.2	1100001001011010	4	1
19516	-3.2	1100001001100110	4	1
19532	-2.9	0110001001000110	3	2
19536	-2.9	0110001001100011	4	1
19545	-2.9	0110001001011001	4	2
19546	-2.9	0110001001011001	4	2
19547	-2.9	0110001001100101	4	1
19551	-2.9	0110001001011011	4	2
19554	-3.2	0110001001100101	4	1
19561	-2.9	0110001001100111	4	2
19623	-3.5	0100001001000010	3	1
19647	-3.2	0100001001100110	3	1
19656	-3.2	0100010101100110	3	1
19661	-3.2	0100001101100110	3	1
19674	-2.9	0011100110011100	3	2
19687	-2.9	0011100101100110	3	2
19692	-2.9	1100011000111010	4	1
19695	-2.9	1100011001011100	4	1
19698	-2.9	1100011001011010	4	1
19699	-2.9	1100011001100110	4	1
19707	-2.9	0011100110100110	3	2
19712	-2.9	0011100110100101	2	2
19713	-2.9	0011100110100110	3	2
19717	-3.2	0011100111100110	3	2
19718	-2.9	0011100110011001	2	2
19721	-2.9	0101110000111010	3	2
19729	-2.9	0101110001011001	4	2
19730	-2.9	0101110001011001	4	2
19731	-2.9	0101110001100101	4	1
19735	-2.9	0101110001011011	4	2
19738	-3.2	0101110001100101	4	2
19745	-2.9	0101110001100111	4	2
19747	-2.9	0101110001111001	4	2
19752	-2.9	0011101001011001	4	2
19753	-2.9	0011101001100101	4	2
19756	-2.9	0101110000111010	3	2
19777	-2.9	0101110001100110	3	2
19784	-2.9	0110011001011001	4	1
19786	-2.9	0011101001011100	3	2
19806	-2.9	0011101001100110	3	2
19810	-2.9	1100010110011001	2	1
19813	-2.9	0011101001011100	3	2
19818	-2.9	0011101001011001	4	2
19819	-2.9	0011101001011001	4	2
19820	-2.9	0011101001100101	4	2
19824	-2.9	0011101001011011	4	2
19827	-3.2	0011101001100101	4	2
19834	-2.9	0011101001100111	4	2
19873	-2.9	0011110000111100	3	2
19890	-2.9	0011110001100110	3	2
19902	-2.9	0101101001011010	3	2
19904	-2.9	0101101001011001	4	2
19905	-2.9	0101101001011001	4	2
19906	-2.9	0101101001100101	4	1
19910	-2.9	0101101001011011	4	2
19913	-3.2	0101101001100101	4	2
19920	-2.9	0101101001100111	4	2
19925	-2.9	0110011001100110	3	1
19926	-2.9	0110011001011001	4	1
19927	-2.9	0110011001011001	4	1
19928	-2.9	0110011001100101	4	1
19932	-2.9	0110011001011011	4	1
19935	-3.2	0110011001100101	4	1
19942	-2.9	0110011001100111	4	1
19949	-3.2	0110001101100110	3	2
19960	-2.9	1001100110100101	2	1
19963	-2.9	1001100110011001	2	2
19976	-2.9	1001100110100101	2	1
19982	-2.9	1001100110011001	2	2
19987	-2.9	0101100110011010	3	2
19996	-2.9	0101100101100110	3	2
20005	-2.9	0101100110100110	3	2
20010	-2.9	0101100110100101	2	2
20011	-2.9	0101100110100110	3	2
20015	-3.2	0101100111100110	3	2
20016	-2.9	0101100110011001	2	2
20021	-2.9	0101100101100110	3	2
20024	-2.9	0101101001011010	3	2
20025	-2.9	0101101001011010	3	2
20037	-2.9	1010010110011001	2	1
20040	-2.9	0101101001011010	3	2
20050	-2.9	0101101001100110	3	2
20054	-2.9	1010010110011001	2	1
20060	-3.5	0101101001011010	3	2
20069	-3.2	0101101001100110	3	2
20080	-2.9	1011100110100101	2	1
20084	-2.9	1011100110011001	2	2
20098	-2.9	0110010110011110	3	1
20105	-3.2	1010010110100101	4	1
20129	-2.9	0111101001011110	3	2
20133	-2.9	0111101001100110	3	2
20137	-2.9	1110010110011001	2	1
20140	-2.9	0110011001100110	3	1
20143	-2.9	0110011001100110	3	1
20147	-2.9	0110010110011001	2	2
20154	-2.9	1010010110011110	2	1
20160	-2.9	0111100101100110	3	2
20165	-2.9	0110010101100110	3	2
20167	-2.9	0110010110011110	3	1
20173	-3.2	0110010101100110	3	2
20177	-3.2	0110011001100110	3	2
20179	-3.2	0110011011100110	3	1
20180	-2.9	0110011010011001	2	1
20181	-3.2	0110011001111110	3	2
20184	-3.5	0110011001100110	3	2
20191	-3.2	0110011110011110	3	1
20192	-2.9	0111100110011001	2	2
20200	-2.9	1001100110011001	2	2
20203	-3.5	0111111001111110	3	2
