11	-4.6	0001111	0	0
101	-4.6	0001111	0	0
114	-4.6	0001111	0	0
178	-4.6	0001111	0	0
296	-4.6	0000000000000000	4	2
297	-4.6	0000000000000000	4	2
494	-4.6	0000000000000000	4	2
495	-4.6	0000000000000000	4	2
689	-4.6	0000000000000000	4	2
890	-6.6	0000000000000001	4	2
891	-6.6	0000000000000001	4	2
902	-6.6	0000000000000011	4	2
905	-6.6	0000000000000101	4	2
910	-6.6	0000000000100001	4	2
911	-6.6	0000000001000001	4	2
912	-6.6	0000000001100001	4	2
913	-6.6	0000000001100001	4	2
940	-6.6	0000000001100011	4	2
942	-6.6	0000000001011001	4	2
943	-6.6	0000000001100101	4	2
946	-8	0000000000000000	5	2
947	-8	0000000000000000	5	2
950	-6.6	0000000000000001	4	2
951	-6.6	0000000000000001	4	2
973	-6.6	0000000000000101	4	2
974	-6.6	0000000000000011	4	2
975	-6.6	0000000000000011	4	2
987	-6.6	0000000000000101	4	2
994	-6.6	0000000000000111	4	2
1003	-6.6	0000000001100001	4	2
1004	-6.6	0000000010000001	4	2
1005	-6.6	0000000000100001	4	2
1006	-6.6	0000000001000001	4	2
1007	-6.6	0000000001100001	4	2
1021	-6.6	0000000010000101	4	2
1072	-6.6	0000000001000101	4	2
1073	-6.6	0000000000100011	4	2
1086	-6.6	0000000000100101	4	2
1087	-6.6	0000000000100101	4	2
1101	-6.6	0000000001000101	4	2
1102	-6.6	0000000001000011	4	2
1106	-6.6	0000000001100011	4	2
1107	-6.6	0000000010100011	4	2
1108	-6.6	0000000001100011	4	2
1121	-6.6	0000000001011001	4	2
1122	-6.6	0000000010100101	4	2
1123	-6.6	0000000001100101	4	2
1127	-8.3	0000000010100101	5	2
1133	-6.6	0000000001100111	4	2
1135	-6.6	0000000001111001	4	2
1138	-8	0000000000000000	5	2
1142	-6.6	0000000000000001	4	2
1143	-6.6	0000000000000001	4	2
1144	-6.6	0000000000000001	4	2
1148	-8.3	0000000000000001	5	2
1165	-6.6	0000000000000011	4	2
1166	-6.6	0000000000000011	4	2
1167	-8.3	0000000000000011	5	2
1178	-6.6	0000000000000101	4	2
1179	-6.6	0000000000000101	4	2
1187	-6.6	0000000000000111	4	2
1197	-4.9	0000000000011001	4	2
1198	-6.6	0000000000100001	4	2
1199	-6.6	0000000001000001	4	2
1200	-6.6	0000000000100001	4	2
1201	-6.6	0000000001000001	4	2
1202	-6.6	0000000001100001	4	2
1216	-8.3	0000000000100001	5	2
1217	-8.3	0000000001000001	5	2
1218	-8.3	0000000001100001	5	2
1253	-6.6	0000000000100011	4	2
1254	-8.3	0000000000100011	5	2
1263	-6.6	0000000000100101	4	2
1265	-8.3	0000000000100101	5	2
1273	-6.6	0000000001000101	4	2
1274	-6.6	0000000001000011	4	2
1279	-8.3	0000000001000101	5	2
1280	-8.3	0000000001000011	5	2
1282	-6.6	0000000001100011	4	2
1287	-8.3	0000000001100011	5	2
1291	-6.6	0000000001011001	4	2
1292	-6.6	0000000001011001	4	2
1293	-6.6	0000000001100101	4	2
1297	-6.6	0000000001011011	4	2
1299	-8.3	0000000001100101	5	2
1307	-6.6	0000000001100111	4	2
1309	-6.6	0000000001111001	4	2
1318	-8.3	0000000011111111	3	2
1329	-4.9	0000000000111001	3	2
1330	-4.9	0000000001011001	3	2
1334	-8.3	0000000011111111	3	2
1335	-6.6	0000000000000000	4	2
1336	-6.6	0000000000000000	4	2
1338	-6.6	0000000000000001	4	2
1339	-6.6	0000000000000001	4	2
1359	-6.6	0000000000000011	4	2
1360	-6.6	0000000000000011	4	2
1374	-6.6	0000000000000101	4	2
1375	-6.6	0000000000000101	4	2
1382	-6.6	0000000000000111	4	2
1391	-6.6	0000000000100001	4	2
1392	-6.6	0000000001000001	4	2
1393	-6.6	0000000001100001	4	2
1395	-6.6	0000000000100001	4	2
1396	-6.6	0000000001000001	4	2
1397	-6.6	0000000001100001	4	2
1434	-6.6	0000000010000011	4	2
1462	-6.6	0000000000100011	4	2
1463	-6.6	0000000000100011	4	2
1475	-6.6	0000000001000011	4	2
1476	-6.6	0000000000100101	4	2
1491	-6.6	0000000001000101	4	2
1492	-6.6	0000000001000011	4	2
1497	-6.6	0000000001100011	4	2
1508	-6.6	0000000001011001	4	2
1509	-6.6	0000000001011001	4	2
1510	-6.6	0000000001100101	4	2
1512	-6.6	0000000001100101	4	2
1524	-6.6	0000000001100111	4	2
1526	-6.6	0000000001111001	4	2
1529	-6.6	0000000000000000	4	2
1531	-6.6	0000000000000001	4	2
1532	-6.6	0000000000000001	4	2
1533	-6.6	0000000000000001	4	2
1554	-6.6	0000000000000011	4	2
1555	-6.6	0000000000000011	4	2
1567	-6.6	0000000000000101	4	2
1568	-6.6	0000000000000101	4	2
1576	-6.6	0000000000000111	4	2
1586	-4.9	0000000000011001	4	2
1587	-6.6	0000000000100001	4	2
1588	-6.6	0000000001000001	4	2
1589	-6.6	0000000000100001	4	2
1590	-6.6	0000000001000001	4	2
1591	-6.6	0000000001100001	4	2
1642	-6.6	0000000000100011	4	2
1652	-6.6	0000000000100101	4	2
1662	-6.6	0000000001000101	4	2
1663	-6.6	0000000001000011	4	2
1671	-6.6	0000000001100011	4	2
1680	-6.6	0000000001011001	4	2
1681	-6.6	0000000001011001	4	2
1682	-6.6	0000000001100101	4	2
1686	-6.6	0000000001011011	4	2
1696	-6.6	0000000001100111	4	2
1698	-6.6	0000000001111001	4	2
1709	-4.9	0000000000011001	4	2
1716	-8.6	0000000011111111	3	2
1717	-8.6	0000000000000000	4	2
1718	-8.3	0000000000000001	4	2
1719	-8.3	0000000000000001	4	2
1720	-8.3	0000000000000001	4	2
1724	-8.6	0000000000000001	4	2
1727	-8.6	0000000000000001	4	2
1741	-8.3	0000000000000011	4	2
1742	-8.3	0000000000000011	4	2
1743	-8.6	0000000000000011	4	2
1744	-8.6	0000000000000011	4	2
1754	-8.3	0000000000000101	4	2
1755	-8.3	0000000000000101	4	2
1757	-8.6	0000000000000101	4	2
1763	-8.3	0000000000000111	4	2
1773	-6.6	0000000000011001	4	2
1774	-8.3	0000000000100001	4	2
1775	-8.3	0000000001000001	4	2
1776	-8.3	0000000000100001	4	2
1777	-8.3	0000000001000001	4	2
1778	-8.3	0000000001100001	4	2
1792	-8.6	0000000000100001	4	2
1793	-8.6	0000000001000001	4	2
1794	-8.6	0000000001100001	4	2
1806	-8.6	0000000000100001	4	2
1807	-8.6	0000000001000001	4	2
1808	-8.6	0000000001100001	4	2
1829	-8.3	0000000000100011	4	2
1830	-8.6	0000000000100011	4	2
1839	-8.3	0000000000100101	4	2
1841	-8.6	0000000000100101	4	2
1842	-8.6	0000000000100101	4	2
1849	-8.3	0000000001000101	4	2
1850	-8.3	0000000001000011	4	2
1852	-8.6	0000000001000101	4	2
1853	-8.6	0000000001000011	4	2
1855	-8.6	0000000001000101	4	2
1856	-8.6	0000000001000011	4	2
1858	-8.3	0000000001100011	4	2
1863	-8.6	0000000001100011	4	2
1867	-8.3	0000000001011001	4	2
1868	-8.3	0000000001011001	4	2
1869	-8.3	0000000001100101	4	2
1873	-8.3	0000000001011011	4	2
1875	-8.6	0000000001100101	4	2
1876	-8.6	0000000001100101	4	2
1883	-8.3	0000000001100111	4	2
1885	-8.3	0000000001111001	4	2
1891	-4.9	1000000011000000	4	2
1893	-4.9	1000000010100000	4	2
1895	-6.6	1000000011100000	4	2
1900	-4.9	1000000010100110	4	1
1901	-4.9	1000000001100110	4	1
1902	-6.6	1000000011100110	4	1
1904	-4.9	1000000000000001	4	1
1913	-6.6	1000000000000010	4	1
1914	-6.6	1000000000000010	4	1
1915	-6.6	1000000001000000	4	2
1916	-6.6	1000000000000010	4	1
1917	-6.6	1000000001000000	4	2
1918	-6.6	1000000001000000	4	2
1921	-6.6	1000000000100000	4	1
1922	-6.6	1000000001100000	4	1
1923	-6.6	1000000000100000	4	1
1924	-6.6	1000000001100000	4	1
1927	-6.6	1000000000000100	4	1
1928	-6.6	1000000000000100	4	1
1929	-6.6	1000000000000100	4	1
1930	-6.6	1000000000100000	4	2
1933	-6.6	1000000000000110	4	1
1934	-6.6	1000000001100000	4	1
1936	-6.6	1000000000000110	4	1
1937	-6.6	1000000000000110	4	1
1941	-6.6	1000000000011000	4	2
1942	-6.6	1000000000011000	4	2
1943	-6.6	1000000000011000	4	2
1944	-6.6	1000000000011000	4	2
1945	-8.3	1000000000011000	4	2
1958	-6.6	1000000000011010	4	1
1963	-6.6	1000000000011010	4	1
1968	-6.6	1000000001011000	4	1
1969	-6.6	1000000001011000	4	1
1971	-6.6	1000000000011100	4	1
1972	-6.6	1000000000011100	4	1
1973	-6.6	1000000000111000	4	1
1974	-6.6	1000000000011100	4	1
1975	-6.6	1000000000111000	4	1
1976	-6.6	1000000000111000	4	1
1992	-6.6	1000000000100010	4	1
1993	-6.6	1000000000100010	4	1
1994	-6.6	1000000001000100	4	1
1995	-6.6	1000000000100010	4	1
1996	-6.6	1000000001000100	4	1
1997	-6.6	1000000001000100	4	1
1999	-6.6	1000000001000010	4	1
2000	-6.6	1000000001100010	4	1
2001	-6.6	1000000001000010	4	1
2002	-6.6	1000000001100010	4	1
2003	-6.6	1000000000100100	4	1
2004	-6.6	1000000000100100	4	1
2005	-6.6	1000000000100100	4	1
2006	-6.6	1000000000100100	4	1
2007	-8.3	1000000000100100	4	1
2009	-6.6	1000000001000010	4	1
2010	-6.6	1000000001000110	4	1
2011	-6.6	1000000001000010	4	1
2012	-6.6	1000000001100010	4	1
2013	-6.6	1000000000100110	4	1
2014	-6.6	1000000000100110	4	1
2015	-6.6	1000000001100100	4	1
2016	-6.6	1000000000100110	4	1
2017	-6.6	1000000001100100	4	1
2018	-6.6	1000000001100100	4	1
2021	-6.6	1000000001000110	4	1
2022	-6.6	1000000001000110	4	1
2023	-8.3	1000000001000010	4	1
2026	-6.6	1000000000111010	4	1
2027	-6.6	1000000001011100	4	1
2028	-6.6	1000000000111010	4	1
2029	-6.6	1000000001100110	4	1
2030	-6.6	1000000001011100	4	1
2031	-6.6	1000000001011100	4	1
2032	-6.6	1000000000111100	4	1
2033	-6.6	1000000001011010	4	1
2034	-6.6	1000000001100110	4	1
2037	-6.6	1000000001011010	4	1
2038	-6.6	1000000001011010	4	1
2039	-6.6	1000000001100110	4	1
2040	-8.3	1000000001011010	4	1
2041	-6.6	1000000001011110	4	1
2042	-6.6	1000000001100110	4	1
2043	-6.6	1000000001111010	4	1
2044	-8.3	1000000001100110	4	1
2047	-8.3	1000000001111110	4	1
2048	-4.9	1000000000000001	4	1
2057	-6.6	1000000001000000	4	2
2058	-6.6	1000000000000010	4	1
2059	-6.6	1000000000000010	4	1
2060	-6.6	1000000000000010	4	1
2061	-6.6	1000000001000000	4	2
2062	-6.6	1000000001000000	4	2
2066	-6.6	1000000000000100	4	1
2067	-6.6	1000000000000110	4	1
2068	-6.6	1000000000100000	4	1
2069	-6.6	1000000001100000	4	1
2071	-6.6	1000000000100000	4	2
2072	-6.6	1000000000000100	4	1
2073	-6.6	1000000000000100	4	1
2074	-6.6	1000000000100000	4	2
2077	-6.6	1000000001100000	4	1
2078	-6.6	1000000001100000	4	1
2080	-6.6	1000000000000110	4	1
2081	-6.6	1000000000000110	4	1
2085	-6.6	1000000000011000	4	2
2086	-6.6	1000000000011000	4	2
2087	-6.6	1000000000011000	4	2
2088	-6.6	1000000000011000	4	2
2089	-8.3	1000000000011000	4	2
2097	-6.6	1000000001011000	4	1
2098	-6.6	1000000000011010	4	1
2099	-6.6	1000000000011010	4	1
2100	-6.6	1000000000011010	4	1
2102	-6.6	1000000001011000	4	1
2103	-6.6	1000000001011000	4	1
2110	-6.6	1000000000011100	4	1
2115	-6.6	1000000000011100	4	1
2119	-6.6	1000000000111000	4	1
2120	-6.6	1000000000111000	4	1
2136	-6.6	1000000001000100	4	1
2137	-6.6	1000000000100010	4	1
2138	-6.6	1000000000100010	4	1
2139	-6.6	1000000000100010	4	1
2140	-6.6	1000000001000100	4	1
2141	-6.6	1000000001000100	4	1
2143	-6.6	1000000001000010	4	1
2144	-6.6	1000000001000110	4	1
2145	-6.6	1000000001000010	4	1
2146	-6.6	1000000001000010	4	1
2147	-6.6	1000000001100010	4	1
2148	-6.6	1000000000100100	4	1
2149	-6.6	1000000000100100	4	1
2150	-6.6	1000000000100100	4	1
2151	-6.6	1000000000100100	4	1
2152	-8.3	1000000000100100	4	1
2154	-6.6	1000000001100010	4	1
2155	-6.6	1000000001000010	4	1
2156	-6.6	1000000001100010	4	1
2157	-6.6	1000000001100100	4	1
2158	-6.6	1000000000100110	4	1
2159	-6.6	1000000000100110	4	1
2160	-6.6	1000000000100110	4	1
2161	-6.6	1000000001100100	4	1
2162	-6.6	1000000001100100	4	1
2165	-6.6	1000000001000110	4	1
2166	-6.6	1000000001000110	4	1
2167	-8.3	1000000001000010	4	1
2169	-6.6	1000000000111010	4	1
2170	-6.6	1000000001011010	4	1
2171	-6.6	1000000000111010	4	1
2172	-6.6	1000000000111010	4	1
2173	-6.6	1000000001100110	4	1
2174	-6.6	1000000001011100	4	1
2175	-6.6	1000000001011100	4	1
2176	-6.6	1000000000111100	4	1
2177	-6.6	1000000001100110	4	1
2178	-6.6	1000000001011010	4	1
2179	-6.6	1000000001100110	4	1
2183	-6.6	1000000001011010	4	1
2184	-8.3	1000000001011010	4	1
2185	-6.6	1000000001011110	4	1
2186	-6.6	1000000001100110	4	1
2187	-6.6	1000000001111010	4	1
2188	-8.3	1000000001100110	4	1
2191	-8.3	1000000001111110	4	1
2192	-4.9	1000000000000001	4	1
2207	-6.6	1000000000000010	4	1
2208	-6.6	1000000000000010	4	1
2210	-6.6	1000000001000000	4	2
2211	-6.6	1000000001000000	4	2
2217	-6.6	1000000000100000	4	1
2218	-6.6	1000000001100000	4	1
2219	-6.6	1000000011000000	4	2
2222	-6.6	1000000000000100	4	1
2223	-6.6	1000000000000100	4	1
2225	-6.6	1000000000100000	4	2
2228	-6.6	1000000010100000	4	2
2230	-6.6	1000000001100000	4	1
2233	-6.6	1000000000000110	4	1
2234	-6.6	1000000000000110	4	1
2236	-8.3	1000000011100000	4	2
2240	-6.6	1000000000011000	4	2
2241	-6.6	1000000000011000	4	2
2242	-6.6	1000000000011000	4	2
2243	-6.6	1000000000011000	4	2
2244	-8.3	1000000000011000	4	2
2255	-6.6	1000000000011010	4	1
2259	-6.6	1000000000011010	4	1
2261	-6.6	1000000001011000	4	1
2262	-6.6	1000000001011000	4	1
2272	-6.6	1000000000011100	4	1
2275	-6.6	1000000000011100	4	1
2276	-6.6	1000000000111000	4	1
2277	-6.6	1000000000111000	4	1
2297	-6.6	1000000000100010	4	1
2298	-6.6	1000000000100010	4	1
2299	-6.6	1000000001000100	4	1
2300	-6.6	1000000001000100	4	1
2303	-6.6	1000000001000010	4	1
2304	-6.6	1000000001000010	4	1
2305	-6.6	1000000001100010	4	1
2306	-6.6	1000000000100100	4	1
2307	-6.6	1000000000100100	4	1
2308	-6.6	1000000000100100	4	1
2309	-6.6	1000000000100100	4	1
2310	-8.3	1000000000100100	4	1
2312	-6.6	1000000001000010	4	1
2315	-6.6	1000000001000010	4	1
2316	-6.6	1000000001100010	4	1
2317	-6.6	1000000000100110	4	1
2318	-6.6	1000000000100110	4	1
2319	-6.6	1000000001100100	4	1
2320	-6.6	1000000001100100	4	1
2323	-6.6	1000000001000110	4	1
2326	-6.6	1000000001000110	4	1
2329	-8.3	1000000001000010	4	1
2331	-6.6	1000000000111010	4	1
2332	-6.6	1000000000111010	4	1
2333	-6.6	1000000001011100	4	1
2334	-6.6	1000000001011100	4	1
2336	-6.6	1000000000111100	4	1
2337	-6.6	1000000001011010	4	1
2338	-6.6	1000000001100110	4	1
2342	-6.6	1000000001011010	4	1
2343	-6.6	1000000001011010	4	1
2344	-8.3	1000000001011010	4	1
2346	-6.6	1000000010100110	4	1
2349	-6.6	1000000001011110	4	1
2350	-6.6	1000000001100110	4	1
2351	-6.6	1000000001111010	4	1
2352	-6.6	1000000010100110	4	1
2353	-6.6	1000000001100110	4	1
2354	-8.3	1000000001100110	4	1
2356	-8.3	1000000011100110	4	1
2358	-8.3	1000000001111110	4	1
2360	-4.6	0000010000100000	4	1
2367	-4.6	0000010000100000	4	1
2424	-4.9	0000000110000001	3	2
2425	-4.9	0000000110000011	3	2
2430	-4.9	0000000110000001	3	2
2435	-4.9	0000000110000001	3	2
2464	-4.9	0000000110000101	3	2
2465	-4.9	0000000110000011	3	2
2469	-4.9	0000000110000101	3	2
2470	-4.9	0000000110000011	3	2
2474	-6.6	0000000110000001	3	2
2538	-6.6	0000000110100101	3	2
2541	-6.6	0000000110100101	3	2
2546	-6.6	0000000110011001	3	2
2750	-4.9	1000000000100000	3	2
2754	-4.9	0000000110000001	4	2
2760	-6.6	0000000110000001	4	2
2761	-4.9	0000000110000101	4	2
2762	-4.9	0000000110000011	4	2
2773	-6.6	0000000110000101	4	2
2802	-6.6	0000000110100011	4	2
2806	-6.6	0000000110100101	4	2
2864	-4.6	0001111	0	0
3067	-6.6	0000000110000000	4	2
3093	-4.9	0000000110000001	4	2
3098	-6.6	0000000110000001	4	2
3099	-4.9	0000000110000101	4	2
3113	-6.6	0000000110000101	4	2
3161	-6.6	0000000110100011	4	2
3165	-6.6	0000000110100101	4	2
3168	-6.6	0000000110100111	4	2
3178	-8	0000000110000000	5	2
3203	-4.9	0000000110000001	4	2
3208	-6.6	0000000110000001	4	2
3209	-4.9	0000000110000101	4	2
3216	-6.6	0000000110000001	5	2
3223	-6.6	0000000110000101	4	2
3271	-6.6	0000000110100011	4	2
3275	-6.6	0000000110100101	4	2
3276	-6.6	0000000110100101	5	2
3278	-6.6	0000000110100111	4	2
3280	-8.3	0000000110100101	5	2
3293	-8.3	1000000000000010	5	1
3297	-8.3	1000000001000000	5	2
3300	-8.3	1000000000100000	5	1
3301	-8.3	1000000001100000	5	1
3303	-8.3	1000000000000100	5	1
3305	-6.6	1000000000100000	3	2
3312	-8.3	1000000000000110	5	1
3316	-8.3	1000000000011000	5	2
3318	-8.6	1000000000011000	4	2
3319	-8.3	0000000110000001	4	2
3324	-8.3	1000000000011010	5	1
3328	-8.3	1000000001011000	5	2
3332	-8.3	0000000110000101	4	2
3339	-8.3	1000000000011100	5	1
3342	-8.3	1000000000111000	5	1
3364	-8.3	1000000000100010	5	1
3367	-8.3	1000000001000100	5	1
3371	-8.3	1000000001000010	5	1
3372	-8.3	1000000001100010	5	1
3373	-8.3	1000000000100100	5	1
3375	-8.6	1000000000100100	4	1
3383	-8.3	1000000000100110	5	1
3386	-8.3	1000000001100100	5	1
3390	-8.3	1000000001000110	5	1
3391	-8.6	1000000001000010	4	1
3392	-8.3	0000000110100011	4	2
3394	-8.3	1000000000111010	5	1
3397	-8.3	1000000001011100	5	1
3400	-8.3	1000000001011010	5	1
3401	-8.3	1000000001100110	5	1
3403	-8.3	0000000110100101	4	2
3406	-8.6	1000000001011010	4	1
3408	-8.6	0000000110100101	4	2
3413	-8.6	1000000001100110	4	1
3416	-8.6	1000000001111110	4	1
3417	-4.6	0000010000100000	4	1
3421	-4.6	0000010000100000	4	1
3472	-4.9	0000000110000001	3	2
3477	-4.9	0000000110000001	3	2
3494	-4.9	0000000110000001	3	2
3499	-4.9	0000000110000101	3	2
3516	-4.9	0000000110000101	3	2
3517	-4.9	0000000110000011	3	2
3521	-4.9	0000000110000101	3	2
3522	-4.9	0000000110000011	3	2
3526	-6.6	0000000110000001	3	2
3592	-6.6	0000000110100101	3	2
3597	-6.6	0000000110011001	3	2
3793	-4.9	1000000000100000	3	2
3796	-4.9	0000000110000001	4	2
3801	-4.9	0000000110000101	4	2
3814	-4.9	0000000110000011	4	2
3821	-6.6	0000000110000011	4	2
3850	-6.6	0000000110000000	4	2
3871	-4.9	0000000110000001	4	2
3899	-4.9	0000000110000011	4	2
3910	-6.6	0000000110000011	4	2
3971	-6.6	1000000000100000	3	2
3984	-8.6	1000000000011000	4	2
4009	-8.3	0000000110000011	4	2
4041	-8.6	1000000000100100	4	1
4057	-8.6	1000000001000010	4	1
4072	-8.6	1000000001011010	4	1
4079	-8.6	1000000001100110	4	1
4082	-8.6	1000000001111110	4	1
4083	-4.6	0000010000100000	4	1
4141	-4.9	0000000110000001	3	2
4143	-4.9	0000000110000001	3	2
4154	-4.9	0000000110000001	3	2
4168	-4.9	0000000110000101	3	2
4169	-4.9	0000000110000011	3	2
4173	-4.9	0000000110000101	3	2
4174	-4.9	0000000110000011	3	2
4178	-6.6	0000000110000001	3	2
4234	-6.6	0000000110100101	3	2
4240	-6.6	0000000110011001	3	2
4402	-5.2	0000000110000000	4	2
4437	-4.9	0000000110000001	4	2
4438	-4.9	0000000110000001	4	2
4439	-4.9	0000000110000001	4	2
4445	-4.9	0000000100011001	4	2
4451	-4.9	0000000110000101	4	2
4452	-4.9	0000000110000101	4	2
4467	-4.9	0000000110000011	4	2
4468	-4.9	0000000110000011	4	2
4495	-6.9	0000000110000001	3	2
4551	-6.9	0000000110100101	3	2
4557	-6.9	0000000110011001	3	2
4559	-8.6	0000000111111111	3	2
4598	-4.6	0001111	0	0
4836	-4.6	0100000000000010	4	1
4837	-4.6	0100000000000010	4	1
5014	-4.6	0100000000000010	4	1
5015	-4.6	0100000000000010	4	1
5189	-4.6	0100000000000010	4	1
5359	-6.6	0000001000000011	4	2
5362	-6.6	0100000000000101	4	1
5367	-6.6	0100000000100001	4	1
5368	-6.6	0100000001000001	4	1
5369	-6.6	0100000001100001	4	1
5370	-6.6	0000001001100001	4	2
5397	-6.6	0000001001100011	4	2
5399	-6.6	0100000001011001	4	1
5400	-6.6	0100000001100101	4	1
5403	-8	0100000000000010	5	1
5409	-6.6	0100000000000011	4	1
5410	-6.6	0100000000000011	4	1
5411	-8.3	0100000000000011	5	1
5422	-6.6	0100000000000101	4	1
5423	-6.6	0100000000000101	4	1
5431	-6.6	0100000000000111	4	1
5441	-4.9	0100000000011001	4	1
5442	-6.6	0100000000100001	4	1
5443	-6.6	0100000001000001	4	1
5444	-6.6	0100000000100001	4	1
5445	-6.6	0100000001000001	4	1
5446	-6.6	0100000001100001	4	1
5460	-8.3	0100000000100001	5	1
5461	-8.3	0100000001000001	5	1
5462	-8.3	0100000001100001	5	1
5497	-6.6	0100000000100011	4	1
5498	-8.3	0100000000100011	5	1
5507	-6.6	0100000000100101	4	1
5509	-8.3	0100000000100101	5	1
5517	-6.6	0100000001000101	4	1
5518	-6.6	0100000001000011	4	1
5523	-8.3	0100000001000101	5	1
5524	-8.3	0100000001000011	5	1
5526	-6.6	0100000001100011	4	1
5531	-8.3	0100000001100011	5	1
5535	-6.6	0100000001011001	4	1
5536	-6.6	0100000001011001	4	1
5537	-6.6	0100000001100101	4	1
5541	-6.6	0100000001011011	4	1
5543	-8.3	0100000001100101	5	1
5551	-6.6	0100000001100111	4	1
5553	-6.6	0100000001111001	4	1
5564	-4.9	0100000000111001	3	1
5565	-4.9	0100000001011001	3	1
5569	-8.3	0100000011111111	3	1
5572	-6.6	0100000000000011	4	1
5575	-6.6	0000001000000101	4	2
5580	-6.6	0000001000100001	4	2
5581	-6.6	0000001001000001	4	2
5582	-6.6	0000001001100001	4	2
5583	-6.6	0100000001100001	4	1
5610	-6.6	0100000001100011	4	1
5612	-6.6	0000001001011001	4	2
5613	-6.6	0000001001100101	4	2
5616	-6.6	0100000000000010	4	1
5621	-6.6	0100000000000011	4	1
5622	-6.6	0100000000000011	4	1
5634	-6.6	0100000000000101	4	1
5635	-6.6	0100000000000101	4	1
5643	-6.6	0100000000000111	4	1
5653	-4.9	0100000000011001	4	1
5654	-6.6	0100000000100001	4	1
5655	-6.6	0100000001000001	4	1
5656	-6.6	0100000000100001	4	1
5657	-6.6	0100000001000001	4	1
5658	-6.6	0100000001100001	4	1
5709	-6.6	0100000000100011	4	1
5719	-6.6	0100000000100101	4	1
5729	-6.6	0100000001000101	4	1
5730	-6.6	0100000001000011	4	1
5738	-6.6	0100000001100011	4	1
5747	-6.6	0100000001011001	4	1
5748	-6.6	0100000001011001	4	1
5749	-6.6	0100000001100101	4	1
5753	-6.6	0100000001011011	4	1
5763	-6.6	0100000001100111	4	1
5765	-6.6	0100000001111001	4	1
5812	-4.6	0001111	0	0
5825	-4.6	0001111	0	0
6000	-6.6	0000001001000000	4	2
6003	-6.6	0000001000000011	4	2
6004	-6.6	0000001000000011	4	2
6016	-6.6	0000001000000101	4	2
6017	-6.6	0000001000000101	4	2
6025	-6.6	0000001000000111	4	2
6035	-4.9	0000001000011001	4	2
6036	-6.6	0000001000100001	4	2
6037	-6.6	0000001001000001	4	2
6038	-6.6	0000001000100001	4	2
6039	-6.6	0000001001000001	4	2
6040	-6.6	0000001001100001	4	2
6091	-6.6	0000001000100011	4	2
6101	-6.6	0000001000100101	4	2
6111	-6.6	0000001001000101	4	2
6112	-6.6	0000001001000011	4	2
6120	-6.6	0000001001100011	4	2
6129	-6.6	0000001001011001	4	2
6130	-6.6	0000001001011001	4	2
6131	-6.6	0000001001100101	4	2
6135	-6.6	0000001001011011	4	2
6145	-6.6	0000001001100111	4	2
6150	-8	0000001001000000	5	2
6152	-6.6	0000001000000011	4	2
6153	-6.6	0000001000000011	4	2
6154	-8.3	0000001000000011	5	2
6165	-6.6	0000001000000101	4	2
6166	-6.6	0000001000000101	4	2
6174	-6.6	0000001000000111	4	2
6184	-4.9	0000001000011001	4	2
6185	-6.6	0000001000100001	4	2
6186	-6.6	0000001001000001	4	2
6187	-6.6	0000001000100001	4	2
6188	-6.6	0000001001000001	4	2
6189	-6.6	0000001001100001	4	2
6203	-8.3	0000001000100001	5	2
6204	-8.3	0000001001000001	5	2
6205	-8.3	0000001001100001	5	2
6240	-6.6	0000001000100011	4	2
6241	-8.3	0000001000100011	5	2
6250	-6.6	0000001000100101	4	2
6252	-8.3	0000001000100101	5	2
6260	-6.6	0000001001000101	4	2
6261	-6.6	0000001001000011	4	2
6266	-8.3	0000001001000101	5	2
6267	-8.3	0000001001000011	5	2
6269	-6.6	0000001001100011	4	2
6274	-8.3	0000001001100011	5	2
6278	-6.6	0000001001011001	4	2
6279	-6.6	0000001001011001	4	2
6280	-6.6	0000001001100101	4	2
6284	-6.6	0000001001011011	4	2
6286	-8.3	0000001001100101	5	2
6294	-6.6	0000001001100111	4	2
6299	-4.6	0010000000000100	4	2
6310	-4.6	0010000000000100	4	2
6527	-4.9	1100000001100110	4	1
6532	-6.6	1010000000011000	4	2
6533	-6.6	1100000000011000	4	2
6557	-6.6	1010000001000010	4	1
6558	-6.6	1010000000100100	4	2
6559	-6.6	1100000000100100	4	2
6560	-6.6	1100000001000010	4	1
6561	-6.6	1010000001100110	4	1
6562	-6.6	1100000001011010	4	1
6563	-6.6	1100000001100110	4	1
6564	-4.9	1100000000000011	4	1
6565	-6.6	1100000000000100	4	2
6566	-6.6	1100000000000110	4	1
6567	-6.6	1100000000100000	4	1
6568	-6.6	1100000001100000	4	1
6570	-6.6	1100000000100000	4	2
6571	-6.6	1100000000000100	4	2
6572	-6.6	1100000000000100	4	2
6573	-6.6	1100000000100000	4	2
6576	-6.6	1100000001100000	4	1
6577	-6.6	1100000001100000	4	1
6579	-6.6	1100000000000110	4	1
6580	-6.6	1100000000000110	4	1
6584	-6.6	1100000000011000	4	2
6585	-6.6	1100000000011000	4	2
6586	-6.6	1100000000011000	4	2
6587	-6.6	1100000000011000	4	2
6588	-8.3	1100000000011000	4	2
6600	-6.6	1100000001011000	4	2
6601	-6.6	1100000000011010	4	1
6602	-6.6	1100000000011010	4	1
6603	-6.6	1100000000011010	4	1
6605	-6.6	1100000001011000	4	2
6606	-6.6	1100000001011000	4	2
6613	-6.6	1100000000011100	4	2
6618	-6.6	1100000000011100	4	2
6622	-6.6	1100000000111000	4	2
6623	-6.6	1100000000111000	4	2
6639	-6.6	1100000001000100	4	2
6640	-6.6	1100000000100010	4	1
6641	-6.6	1100000000100010	4	1
6642	-6.6	1100000000100010	4	1
6643	-6.6	1100000001000100	4	2
6644	-6.6	1100000001000100	4	2
6646	-6.6	1100000001000010	4	1
6647	-6.6	1100000001000110	4	1
6648	-6.6	1100000001000010	4	1
6649	-6.6	1100000001000010	4	1
6650	-6.6	1100000001100010	4	1
6651	-6.6	1100000000100100	4	2
6652	-6.6	1100000000100100	4	2
6653	-6.6	1100000000100100	4	2
6654	-6.6	1100000000100100	4	2
6655	-8.3	1100000000100100	4	2
6658	-6.6	1100000001100010	4	1
6659	-6.6	1100000001000010	4	1
6660	-6.6	1100000001100010	4	1
6661	-6.6	1100000001100100	4	2
6662	-6.6	1100000000100110	4	1
6663	-6.6	1100000000100110	4	1
6664	-6.6	1100000000100110	4	1
6665	-6.6	1100000001100100	4	2
6666	-6.6	1100000001100100	4	2
6669	-6.6	1100000001000110	4	1
6670	-6.6	1100000001000110	4	1
6671	-8.3	1100000001000010	4	1
6673	-6.6	1100000000111010	4	1
6674	-6.6	1100000001011010	4	1
6675	-6.6	1100000000111010	4	1
6676	-6.6	1100000000111010	4	1
6677	-6.6	1100000001100110	4	1
6678	-6.6	1100000001011100	4	1
6679	-6.6	1100000001011100	4	1
6680	-6.6	1100000000111100	4	1
6681	-6.6	1100000001100110	4	1
6682	-6.6	1100000001011010	4	1
6683	-6.6	1100000001100110	4	1
6688	-6.6	1100000001011010	4	1
6689	-8.3	1100000001011010	4	1
6690	-6.6	1100000001011110	4	1
6691	-6.6	1100000001100110	4	1
6692	-6.6	1100000001111010	4	1
6693	-8.3	1100000001100110	4	1
6696	-8.3	1100000001111110	4	1
6697	-4.9	1100000000000011	4	1
6700	-6.6	1100000000100000	4	1
6701	-6.6	1100000001100000	4	1
6702	-6.6	1100000011000000	4	2
6705	-6.6	1100000000000100	4	2
6706	-6.6	1100000000000100	4	2
6708	-6.6	1100000000100000	4	2
6711	-6.6	1100000010100000	4	2
6713	-6.6	1100000001100000	4	1
6716	-6.6	1100000000000110	4	1
6717	-6.6	1100000000000110	4	1
6719	-8.3	1100000011100000	4	2
6723	-6.6	1100000000011000	4	2
6724	-6.6	1100000000011000	4	2
6725	-6.6	1100000000011000	4	2
6726	-6.6	1100000000011000	4	2
6727	-8.3	1100000000011000	4	2
6738	-6.6	1100000000011010	4	1
6742	-6.6	1100000000011010	4	1
6744	-6.6	1100000001011000	4	2
6745	-6.6	1100000001011000	4	2
6755	-6.6	1100000000011100	4	2
6758	-6.6	1100000000011100	4	2
6759	-6.6	1100000000111000	4	2
6760	-6.6	1100000000111000	4	2
6780	-6.6	1100000000100010	4	1
6781	-6.6	1100000000100010	4	1
6782	-6.6	1100000001000100	4	2
6783	-6.6	1100000001000100	4	2
6786	-6.6	1100000001000010	4	1
6787	-6.6	1100000001000010	4	1
6788	-6.6	1100000001100010	4	1
6789	-6.6	1100000000100100	4	2
6790	-6.6	1100000000100100	4	2
6791	-6.6	1100000000100100	4	2
6792	-6.6	1100000000100100	4	2
6793	-8.3	1100000000100100	4	2
6795	-6.6	1100000001000010	4	1
6798	-6.6	1100000001000010	4	1
6799	-6.6	1100000001100010	4	1
6800	-6.6	1100000000100110	4	1
6801	-6.6	1100000000100110	4	1
6802	-6.6	1100000001100100	4	2
6803	-6.6	1100000001100100	4	2
6806	-6.6	1100000001000110	4	1
6809	-6.6	1100000001000110	4	1
6812	-8.3	1100000001000010	4	1
6814	-6.6	1100000000111010	4	1
6815	-6.6	1100000000111010	4	1
6816	-6.6	1100000001011100	4	1
6817	-6.6	1100000001011100	4	1
6819	-6.6	1100000000111100	4	1
6820	-6.6	1100000001011010	4	1
6821	-6.6	1100000001100110	4	1
6825	-6.6	1100000001011010	4	1
6826	-6.6	1100000001011010	4	1
6827	-8.3	1100000001011010	4	1
6829	-6.6	1100000010100110	4	1
6832	-6.6	1100000001011110	4	1
6833	-6.6	1100000001100110	4	1
6834	-6.6	1100000001111010	4	1
6835	-6.6	1100000010100110	4	1
6836	-6.6	1100000001100110	4	1
6837	-8.3	1100000001100110	4	1
6839	-8.3	1100000011100110	4	1
6841	-8.3	1100000001111110	4	1
6845	-6.6	0000010000000101	4	1
6850	-6.6	0000010000100001	4	1
6851	-6.6	0000010001000001	4	1
6852	-6.6	0000010001100001	4	1
6853	-6.6	0010000001100001	4	1
6880	-6.6	0010000001100011	4	2
6882	-6.6	0000010001011001	4	1
6883	-6.6	0000010001100101	4	1
6887	-4.9	1100000000100000	3	2
6888	-6.6	0000011000000101	4	1
6895	-6.6	0000011000100001	4	1
6896	-6.6	0000011001000001	4	1
6913	-6.6	0000011001011001	4	1
6917	-8.3	1100000000100000	5	1
6918	-8.3	1100000001100000	5	1
6920	-8.3	1100000000000100	5	2
6922	-6.6	1100000000100000	3	2
6929	-8.3	1100000000000110	5	1
6933	-8.3	1100000000011000	5	2
6935	-8.6	1100000000011000	4	2
6936	-8.3	0000001110000001	4	2
6941	-8.3	1100000000011010	5	1
6945	-8.3	1100000001011000	5	2
6949	-8.3	0000001110000101	4	2
6956	-8.3	1100000000011100	5	2
6959	-8.3	1100000000111000	5	2
6981	-8.3	1100000000100010	5	1
6984	-8.3	1100000001000100	5	2
6988	-8.3	1100000001000010	5	1
6989	-8.3	1100000001100010	5	1
6990	-8.3	1100000000100100	5	2
6992	-8.6	1100000000100100	4	2
7000	-8.3	1100000000100110	5	1
7003	-8.3	1100000001100100	5	2
7007	-8.3	1100000001000110	5	1
7008	-8.6	1100000001000010	4	1
7009	-8.3	0000001110100011	4	2
7011	-8.3	1100000000111010	5	1
7014	-8.3	1100000001011100	5	2
7017	-8.3	1100000001011010	5	1
7018	-8.3	1100000001100110	5	1
7020	-8.3	0000001110100101	4	2
7023	-8.6	1100000001011010	4	1
7025	-8.6	0000001110100101	4	2
7030	-8.6	1100000001100110	4	1
7033	-8.6	1100000001111110	4	1
7034	-4.9	1100000000100000	3	2
7039	-8	0000010110100000	5	1
7055	-6.6	0000010110000001	4	1
7063	-6.6	0000010110000001	5	1
7070	-6.6	0000010110000101	4	1
7090	-6.6	0000001110000011	4	2
7127	-8.3	0000010110100101	5	1
7140	-6.6	1100000000100000	3	2
7153	-8.6	1100000000011000	4	2
7178	-8.3	0000001110000011	4	2
7210	-8.6	1100000000100100	4	2
7226	-8.6	1100000001000010	4	1
7241	-8.6	1100000001011010	4	1
7248	-8.6	1100000001100110	4	1
7251	-8.6	1100000001111110	4	1
7252	-8	0000010000100000	5	1
7261	-6.6	0000010000000101	4	1
7262	-6.6	0000010000000101	4	1
7270	-6.6	0000010000000111	4	1
7280	-4.9	0000010000011001	4	1
7281	-6.6	0000010000100001	4	1
7282	-6.6	0000010001000001	4	1
7283	-6.6	0000010000100001	4	1
7284	-6.6	0000010001000001	4	1
7285	-6.6	0000010001100001	4	1
7299	-8.3	0000010000100001	5	1
7300	-8.3	0000010001000001	5	1
7301	-8.3	0000010001100001	5	1
7330	-6.6	0000001110000001	3	2
7336	-6.6	0000010000100011	4	1
7337	-8.3	0000010000100011	5	1
7346	-6.6	0000010000100101	4	1
7348	-8.3	0000010000100101	5	1
7356	-6.6	0000010001000101	4	1
7357	-6.6	0000010001000011	4	1
7362	-8.3	0000010001000101	5	1
7363	-8.3	0000010001000011	5	1
7365	-6.6	0000010001100011	4	1
7370	-8.3	0000010001100011	5	1
7374	-6.6	0000010001011001	4	1
7375	-6.6	0000010001011001	4	1
7376	-6.6	0000010001100101	4	1
7380	-6.6	0000010001011011	4	1
7382	-8.3	0000010001100101	5	1
7390	-6.6	0000010001100111	4	1
7395	-8	0000011001100000	5	1
7403	-6.6	0000011000000101	4	1
7404	-6.6	0000011000000101	4	1
7412	-6.6	0000011000000111	4	1
7423	-6.6	0000011000100001	4	1
7424	-6.6	0000011001000001	4	1
7425	-6.6	0000011000100001	4	1
7426	-6.6	0000011001000001	4	1
7427	-6.6	0000011001100001	4	1
7441	-8.3	0000011000100001	5	1
7442	-8.3	0000011001000001	5	1
7443	-8.3	0000011001100001	5	1
7472	-6.9	0000001110000001	3	2
7478	-6.6	0000011000100011	4	1
7479	-8.3	0000011000100011	5	1
7488	-6.6	0000011000100101	4	1
7490	-8.3	0000011000100101	5	1
7498	-6.6	0000011001000101	4	1
7499	-6.6	0000011001000011	4	1
7504	-8.3	0000011001000101	5	1
7505	-8.3	0000011001000011	5	1
7507	-6.6	0000011001100011	4	1
7512	-8.3	0000011001100011	5	1
7516	-6.6	0000011001011001	4	1
7517	-6.6	0000011001011001	4	1
7518	-6.6	0000011001100101	4	1
7522	-6.6	0000011001011011	4	1
7524	-8.3	0000011001100101	5	1
7528	-6.9	0000001110100101	3	2
7532	-6.6	0000011001100111	4	1
7534	-6.9	0000001110011001	3	2
7559	-6.6	0000001100000101	4	2
7567	-6.6	0000001100000111	4	2
7582	-6.6	0000001110000001	4	2
7583	-6.6	0000001100100001	4	2
7584	-6.6	0000001101000001	4	2
7594	-6.6	0000001110000001	5	1
7596	-6.6	0000001110000001	5	1
7602	-6.6	0000001110000101	4	2
7619	-6.6	0000001110000011	4	2
7634	-6.6	0000001110000101	5	1
7635	-6.6	0000001110000011	5	1
7642	-6.6	0000001110000111	4	2
7661	-6.6	0000001100100011	4	2
7677	-6.6	0000001100100101	4	2
7694	-6.6	0000001101000101	4	2
7695	-6.6	0000001101000011	4	2
7721	-8.3	0000001110100101	5	2
7747	-4.6	0010000000000100	4	2
7748	-4.6	0010000000000100	4	2
7909	-4.6	0010000000000100	4	2
8061	-6.6	0010000000000101	4	2
8066	-6.6	0010000000100001	4	1
8067	-6.6	0010000001000001	4	1
8068	-6.6	0010000001100001	4	1
8069	-6.6	0000010001100001	4	2
8096	-6.6	0000010001100011	4	2
8098	-6.6	0010000001011001	4	2
8099	-6.6	0010000001100101	4	2
8102	-8	0010000000000100	5	2
8106	-6.6	0010000000000101	4	2
8107	-6.6	0010000000000101	4	2
8115	-6.6	0010000000000111	4	2
8125	-4.9	0010000000011001	4	2
8126	-6.6	0010000000100001	4	1
8127	-6.6	0010000001000001	4	1
8128	-6.6	0010000000100001	4	1
8129	-6.6	0010000001000001	4	1
8130	-6.6	0010000001100001	4	1
8144	-8.3	0010000000100001	5	1
8145	-8.3	0010000001000001	5	1
8146	-8.3	0010000001100001	5	1
8181	-6.6	0010000000100011	4	2
8182	-8.3	0010000000100011	5	2
8191	-6.6	0010000000100101	4	2
8193	-8.3	0010000000100101	5	2
8201	-6.6	0010000001000101	4	2
8202	-6.6	0010000001000011	4	2
8207	-8.3	0010000001000101	5	2
8208	-8.3	0010000001000011	5	2
8210	-6.6	0010000001100011	4	2
8215	-8.3	0010000001100011	5	2
8219	-6.6	0010000001011001	4	2
8220	-6.6	0010000001011001	4	2
8221	-6.6	0010000001100101	4	2
8225	-6.6	0010000001011011	4	2
8227	-8.3	0010000001100101	5	2
8235	-6.6	0010000001100111	4	2
8237	-6.6	0010000001111001	4	2
8246	-4.9	0010000000111001	3	2
8247	-4.9	0010000001011001	3	2
8251	-8.3	0010000011111111	3	2
8252	-6.6	0010000000000100	4	2
8255	-6.6	0010000000000101	4	2
8256	-6.6	0010000000000101	4	2
8264	-6.6	0010000000000111	4	2
8274	-4.9	0010000000011001	4	2
8275	-6.6	0010000000100001	4	1
8276	-6.6	0010000001000001	4	1
8277	-6.6	0010000000100001	4	1
8278	-6.6	0010000001000001	4	1
8279	-6.6	0010000001100001	4	1
8330	-6.6	0010000000100011	4	2
8340	-6.6	0010000000100101	4	2
8350	-6.6	0010000001000101	4	2
8351	-6.6	0010000001000011	4	2
8359	-6.6	0010000001100011	4	2
8368	-6.6	0010000001011001	4	2
8369	-6.6	0010000001011001	4	2
8370	-6.6	0010000001100101	4	2
8374	-6.6	0010000001011011	4	2
8384	-6.6	0010000001100111	4	2
8386	-6.6	0010000001111001	4	2
8393	-4.9	0000010000000101	3	2
8395	-4.9	0000010000000101	3	2
8396	-6.6	0000010000000101	3	2
8399	-4.6	0001111	0	0
8412	-4.6	0001111	0	0
8413	-4.9	0000010000011001	3	2
8414	-4.9	0000010000011001	3	2
8425	-4.9	0000010000100001	3	2
8426	-4.9	0000010001000001	3	2
8427	-4.9	0000010010000001	3	1
8439	-6.6	0000010000100001	3	2
8440	-6.6	0000010001000001	3	2
8441	-6.6	0000010001100001	3	2
8447	-4.9	0000010000100001	3	2
8448	-4.9	0000010001000001	3	1
8457	-6.6	0000010000100001	3	2
8458	-6.6	0000010001000001	3	2
8459	-6.6	0000010001100001	3	2
8464	-4.9	0000010010000101	3	1
8465	-4.9	0000010010000011	3	1
8469	-4.9	0000010010000101	3	1
8470	-4.9	0000010010000011	3	1
8474	-6.6	0000010010000001	3	1
8481	-6.6	0000010010000111	3	2
8487	-8.3	0000010010000001	3	2
8496	-4.9	0000010000100011	3	2
8498	-6.6	0000010000100011	3	2
8499	-4.9	0000010000100011	3	2
8511	-4.9	0000010000100101	3	2
8514	-6.6	0000010000100101	3	2
8515	-4.9	0000010000100101	3	2
8518	-6.6	0000010000100101	3	2
8525	-4.9	0000010001000101	3	1
8526	-4.9	0000010001000011	3	1
8528	-4.9	0000010001000101	3	2
8529	-4.9	0000010001000011	3	2
8537	-6.6	0000010001000101	3	2
8538	-6.6	0000010001000011	3	2
8540	-6.6	0000010001000101	3	2
8541	-6.6	0000010001000011	3	2
8546	-4.9	0000010000111001	3	1
8554	-6.6	0000010001100011	3	2
8561	-4.9	0000010001011001	3	1
8570	-6.6	0000010010100101	3	2
8571	-6.6	0000010001100101	3	2
8572	-6.6	0000010001100101	3	2
8575	-6.6	0000010010100101	3	1
8583	-6.6	0000010010011001	3	1
8585	-8.3	0000010011100111	3	2
8586	-8.3	0000010011111111	3	1
8587	-6.6	0000010000100000	4	2
8588	-6.6	0000010000000101	4	2
8589	-6.6	0000010000000101	4	2
8597	-6.6	0000010000000111	4	2
8607	-4.9	0000010000011001	4	2
8608	-6.6	0000010000100001	4	2
8609	-6.6	0000010001000001	4	2
8610	-6.6	0000010000100001	4	2
8611	-6.6	0000010001000001	4	2
8612	-6.6	0000010001100001	4	2
8657	-6.6	0000010110000001	3	1
8663	-6.6	0000010000100011	4	2
8673	-6.6	0000010000100101	4	2
8683	-6.6	0000010001000101	4	2
8684	-6.6	0000010001000011	4	2
8692	-6.6	0000010001100011	4	2
8701	-6.6	0000010001011001	4	2
8702	-6.6	0000010001011001	4	2
8703	-6.6	0000010001100101	4	2
8707	-6.6	0000010001011011	4	2
8717	-6.6	0000010001100111	4	2
8781	-4.9	1010000001100110	4	1
8782	-4.9	1010000000000101	4	1
8783	-6.6	1010000000000110	4	1
8784	-6.6	1010000001100000	4	1
8786	-6.6	1010000000000110	4	1
8787	-6.6	1010000000000110	4	1
8791	-6.6	1010000000011000	4	2
8792	-6.6	1010000000011000	4	2
8793	-6.6	1010000000011000	4	2
8794	-6.6	1010000000011000	4	2
8795	-8.3	1010000000011000	4	2
8810	-6.6	1010000000011010	4	2
8815	-6.6	1010000000011010	4	2
8820	-6.6	1010000001011000	4	2
8821	-6.6	1010000001011000	4	2
8823	-6.6	1010000000011100	4	2
8824	-6.6	1010000000011100	4	2
8825	-6.6	1010000000111000	4	2
8826	-6.6	1010000000011100	4	2
8827	-6.6	1010000000111000	4	2
8828	-6.6	1010000000111000	4	2
8844	-6.6	1010000000100010	4	1
8845	-6.6	1010000000100010	4	1
8846	-6.6	1010000001000100	4	2
8847	-6.6	1010000000100010	4	1
8848	-6.6	1010000001000100	4	2
8849	-6.6	1010000001000100	4	2
8852	-6.6	1010000001000010	4	1
8853	-6.6	1010000001100010	4	1
8854	-6.6	1010000001000010	4	1
8855	-6.6	1010000001100010	4	1
8856	-6.6	1010000000100100	4	2
8857	-6.6	1010000000100100	4	2
8858	-6.6	1010000000100100	4	2
8859	-6.6	1010000000100100	4	2
8860	-8.3	1010000000100100	4	2
8862	-6.6	1010000001000010	4	1
8863	-6.6	1010000001000110	4	1
8864	-6.6	1010000001000010	4	1
8865	-6.6	1010000001100010	4	1
8866	-6.6	1010000000100110	4	1
8867	-6.6	1010000000100110	4	1
8868	-6.6	1010000001100100	4	2
8869	-6.6	1010000000100110	4	1
8870	-6.6	1010000001100100	4	2
8871	-6.6	1010000001100100	4	2
8874	-6.6	1010000001000110	4	1
8875	-6.6	1010000001000110	4	1
8876	-8.3	1010000001000010	4	1
8879	-6.6	1010000000111010	4	1
8880	-6.6	1010000001011100	4	2
8881	-6.6	1010000000111010	4	1
8882	-6.6	1010000001100110	4	1
8883	-6.6	1010000001011100	4	2
8884	-6.6	1010000001011100	4	2
8885	-6.6	1010000000111100	4	2
8886	-6.6	1010000001011010	4	1
8887	-6.6	1010000001100110	4	1
8890	-6.6	1010000001011010	4	1
8891	-6.6	1010000001011010	4	1
8892	-6.6	1010000001100110	4	1
8893	-8.3	1010000001011010	4	1
8894	-6.6	1010000001011110	4	1
8895	-6.6	1010000001100110	4	1
8896	-6.6	1010000001111010	4	1
8897	-8.3	1010000001100110	4	1
8900	-8.3	1010000001111110	4	1
8901	-4.9	1010000000000101	4	1
8902	-6.6	1010000010100000	4	2
8904	-6.6	1010000001100000	4	1
8907	-6.6	1010000000000110	4	1
8908	-6.6	1010000000000110	4	1
8910	-8.3	1010000011100000	4	2
8914	-6.6	1010000000011000	4	2
8915	-6.6	1010000000011000	4	2
8916	-6.6	1010000000011000	4	2
8917	-6.6	1010000000011000	4	2
8918	-8.3	1010000000011000	4	2
8929	-6.6	1010000000011010	4	2
8933	-6.6	1010000000011010	4	2
8935	-6.6	1010000001011000	4	2
8936	-6.6	1010000001011000	4	2
8946	-6.6	1010000000011100	4	2
8949	-6.6	1010000000011100	4	2
8950	-6.6	1010000000111000	4	2
8951	-6.6	1010000000111000	4	2
8971	-6.6	1010000000100010	4	1
8972	-6.6	1010000000100010	4	1
8973	-6.6	1010000001000100	4	2
8974	-6.6	1010000001000100	4	2
8977	-6.6	1010000001000010	4	1
8978	-6.6	1010000001000010	4	1
8979	-6.6	1010000001100010	4	1
8980	-6.6	1010000000100100	4	2
8981	-6.6	1010000000100100	4	2
8982	-6.6	1010000000100100	4	2
8983	-6.6	1010000000100100	4	2
8984	-8.3	1010000000100100	4	2
8986	-6.6	1010000001000010	4	1
8989	-6.6	1010000001000010	4	1
8990	-6.6	1010000001100010	4	1
8991	-6.6	1010000000100110	4	1
8992	-6.6	1010000000100110	4	1
8993	-6.6	1010000001100100	4	2
8994	-6.6	1010000001100100	4	2
8997	-6.6	1010000001000110	4	1
9000	-6.6	1010000001000110	4	1
9003	-8.3	1010000001000010	4	1
9005	-6.6	1010000000111010	4	1
9006	-6.6	1010000000111010	4	1
9007	-6.6	1010000001011100	4	2
9008	-6.6	1010000001011100	4	2
9010	-6.6	1010000000111100	4	2
9011	-6.6	1010000001011010	4	1
9012	-6.6	1010000001100110	4	1
9016	-6.6	1010000001011010	4	1
9017	-6.6	1010000001011010	4	1
9018	-8.3	1010000001011010	4	1
9020	-6.6	1010000010100110	4	1
9023	-6.6	1010000001011110	4	1
9024	-6.6	1010000001100110	4	1
9025	-6.6	1010000001111010	4	1
9026	-6.6	1010000010100110	4	1
9027	-6.6	1010000001100110	4	1
9028	-8.3	1010000001100110	4	1
9030	-8.3	1010000011100110	4	1
9032	-8.3	1010000001111110	4	1
9046	-6.6	0000010100000111	4	2
9062	-6.6	0000010110000001	4	2
9063	-6.6	0000010100100001	4	2
9064	-6.6	0000010101000001	4	2
9087	-6.6	0000010110000101	4	2
9112	-6.6	0000010110000011	4	2
9138	-6.6	0000010110000111	4	2
9156	-6.6	0000010100100011	4	2
9172	-6.6	0000010100100101	4	2
9191	-6.6	0000010101000101	4	2
9192	-6.6	0000010101000011	4	2
9217	-6.6	0000010101011001	4	2
9251	-6.6	0110000000100001	4	1
9252	-6.6	0110000001000001	4	1
9269	-6.6	0110000001011001	4	2
9281	-8.6	1010000000011000	4	2
9306	-8.3	0000010110000011	4	2
9338	-8.6	1010000000100100	4	2
9354	-8.6	1010000001000010	4	1
9369	-8.6	1010000001011010	4	2
9376	-8.6	1010000001100110	4	1
9379	-8.6	1010000001111110	4	1
9380	-6.6	0000011001100000	4	1
9385	-6.6	0000011000000111	4	1
9396	-6.6	0000011000100001	4	1
9397	-6.6	0000011001000001	4	1
9398	-6.6	0000011000100001	4	1
9399	-6.6	0000011001000001	4	1
9400	-6.6	0000011001100001	4	1
9445	-6.9	0000010110000001	3	2
9451	-6.6	0000011000100011	4	1
9461	-6.6	0000011000100101	4	1
9471	-6.6	0000011001000101	4	1
9472	-6.6	0000011001000011	4	1
9480	-6.6	0000011001100011	4	1
9489	-6.6	0000011001011001	4	1
9490	-6.6	0000011001011001	4	1
9491	-6.6	0000011001100101	4	1
9495	-6.6	0000011001011011	4	1
9501	-6.9	0000010110100101	3	2
9505	-6.6	0000011001100111	4	1
9507	-6.9	0000010110011001	3	2
9835	-8	0110000000000110	5	2
9837	-6.6	0110000000000111	4	2
9847	-4.9	0110000000011001	4	2
9848	-6.6	0110000000100001	4	1
9849	-6.6	0110000001000001	4	1
9850	-6.6	0110000000100001	4	1
9851	-6.6	0110000001000001	4	1
9852	-6.6	0110000001100001	4	1
9866	-8.3	0110000000100001	5	1
9867	-8.3	0110000001000001	5	1
9868	-8.3	0110000001100001	5	1
9903	-6.6	0110000000100011	4	1
9904	-8.3	0110000000100011	5	1
9913	-6.6	0110000000100101	4	1
9915	-8.3	0110000000100101	5	1
9923	-6.6	0110000001000101	4	1
9924	-6.6	0110000001000011	4	1
9929	-8.3	0110000001000101	5	1
9930	-8.3	0110000001000011	5	1
9932	-6.6	0110000001100011	4	1
9937	-8.3	0110000001100011	5	1
9941	-6.6	0110000001011001	4	2
9942	-6.6	0110000001011001	4	2
9943	-6.6	0110000001100101	4	1
9947	-6.6	0110000001011011	4	2
9949	-8.3	0110000001100101	5	1
9957	-6.6	0110000001100111	4	2
9959	-6.6	0110000001111001	4	2
9962	-6.6	0110000000000110	4	2
9963	-6.6	0110000000000111	4	2
9973	-4.9	0110000000011001	4	2
9974	-6.6	0110000000100001	4	1
9975	-6.6	0110000001000001	4	1
9976	-6.6	0110000000100001	4	1
9977	-6.6	0110000001000001	4	1
9978	-6.6	0110000001100001	4	1
10029	-6.6	0110000000100011	4	1
10039	-6.6	0110000000100101	4	1
10049	-6.6	0110000001000101	4	1
10050	-6.6	0110000001000011	4	1
10058	-6.6	0110000001100011	4	1
10067	-6.6	0110000001011001	4	2
10068	-6.6	0110000001011001	4	2
10069	-6.6	0110000001100101	4	1
10073	-6.6	0110000001011011	4	2
10083	-6.6	0110000001100111	4	2
10085	-6.6	0110000001111001	4	2
10089	-8.3	0000011100000111	4	2
10093	-6.6	1110000000011000	4	2
10094	-6.6	1110000000011000	4	2
10095	-6.6	1110000000011000	4	2
10096	-6.6	1110000000011000	4	2
10097	-8.3	1110000000011000	4	2
10109	-6.6	1110000000011010	4	2
10113	-6.6	1110000000011010	4	2
10115	-6.6	1110000001011000	4	2
10116	-6.6	1110000001011000	4	2
10126	-6.6	1110000000011100	4	2
10129	-6.6	1110000000011100	4	2
10130	-6.6	1110000000111000	4	2
10131	-6.6	1110000000111000	4	2
10151	-6.6	1110000000100010	4	1
10152	-6.6	1110000000100010	4	1
10153	-6.6	1110000001000100	4	2
10154	-6.6	1110000001000100	4	2
10157	-6.6	1110000001000010	4	1
10158	-6.6	1110000001000010	4	1
10159	-6.6	1110000001100010	4	1
10160	-6.6	1110000000100100	4	2
10161	-6.6	1110000000100100	4	2
10162	-6.6	1110000000100100	4	2
10163	-6.6	1110000000100100	4	2
10164	-8.3	1110000000100100	4	2
10166	-6.6	1110000001000010	4	1
10169	-6.6	1110000001000010	4	1
10170	-6.6	1110000001100010	4	1
10171	-6.6	1110000000100110	4	1
10172	-6.6	1110000000100110	4	2
10173	-6.6	1110000001100100	4	2
10174	-6.6	1110000001100100	4	2
10177	-6.6	1110000001000110	4	2
10180	-6.6	1110000001000110	4	2
10183	-8.3	1110000001000010	4	1
10185	-6.6	1110000000111010	4	2
10186	-6.6	1110000000111010	4	2
10187	-6.6	1110000001011100	4	2
10188	-6.6	1110000001011100	4	2
10190	-6.6	1110000000111100	4	2
10191	-6.6	1110000001011010	4	2
10192	-6.6	1110000001100110	4	1
10196	-6.6	1110000001011010	4	2
10197	-6.6	1110000001011010	4	2
10198	-8.3	1110000001011010	4	2
10200	-6.6	1110000010100110	4	2
10203	-6.6	1110000001011110	4	1
10204	-6.6	1110000001100110	4	1
10205	-6.6	1110000001111010	4	2
10206	-6.6	1110000010100110	4	2
10207	-6.6	1110000001100110	4	2
10208	-8.3	1110000001100110	4	2
10210	-8.3	1110000011100110	4	2
10212	-8.3	1110000001111110	4	1
10215	-8.3	0000011110000001	4	2
10219	-8.3	0000011110000101	4	2
10225	-8.3	0000011110000011	4	2
10241	-8.6	0000011110100101	4	2
10256	-8.3	0000011110000001	4	2
10257	-8.3	0000011100100001	4	2
10258	-8.3	0000011101000001	4	2
10259	-8.3	0000011101100001	4	2
10276	-8.3	0000011110000101	4	2
10293	-8.3	0000011110000011	4	2
10316	-8.3	0000011110000111	4	2
10320	-8.6	0000011110000111	4	2
10335	-8.3	0000011100100011	4	2
10351	-8.3	0000011100100101	4	2
10368	-8.3	0000011101000101	4	2
10369	-8.3	0000011101000011	4	2
10377	-8.3	0000011101100011	4	2
10387	-8.3	0000011101011001	4	2
10389	-8.3	0000011101100101	4	2
10395	-8.6	0000011110100101	4	2
10404	-8.3	0000011101100111	4	2
10406	-8.3	0000011101111001	4	2
10414	-4.6	0001100000011000	4	2
10415	-4.6	0001100000011000	4	2
10442	-4.9	1000000110000100	4	1
10443	-4.9	1000000110000010	4	1
10444	-4.9	1000000110000110	4	1
10452	-4.9	1000000110000100	4	1
10453	-4.9	1000000110000010	4	1
10454	-4.9	1000000110000110	4	1
10455	-4.9	1000000110000100	4	1
10456	-4.9	1000000110000110	4	1
10481	-4.9	1000000110000100	4	1
10482	-4.9	1000000110000010	4	1
10483	-4.9	1000000110000110	4	1
10559	-4.6	0001100000011000	4	2
10560	-4.6	0001100000011000	4	2
10602	-4.9	1000000110000100	4	1
10603	-4.9	1000000110000010	4	1
10604	-4.9	1000000110000110	4	1
10608	-4.9	1000000110000100	4	1
10609	-4.9	1000000110000010	4	1
10610	-4.9	1000000110000110	4	1
10611	-4.9	1000000110000100	4	1
10612	-4.9	1000000110000110	4	1
10624	-4.9	1000000110000100	4	1
10625	-4.9	1000000110000010	4	1
10626	-4.9	1000000110000110	4	1
10701	-4.6	0001100000011000	4	2
10754	-4.9	1000000110000100	4	1
10755	-4.9	1000000110000010	4	1
10756	-4.9	1000000110000110	4	1
10832	-6.6	0001100000100001	4	2
10833	-6.6	0001100001000001	4	2
10834	-6.6	0001100001100001	4	2
10835	-6.6	0001100001100001	4	2
10862	-6.6	0001100001100011	4	2
10864	-6.6	0001100001011001	4	2
10865	-6.6	0001100001100101	4	2
10868	-8	0001100000011000	5	2
10869	-8	0001100000011000	5	2
10872	-6.6	0001100001100001	4	2
10873	-6.6	0001100010000001	4	2
10874	-6.6	0001100000100001	4	2
10875	-6.6	0001100001000001	4	2
10876	-6.6	0001100001100001	4	2
10890	-6.6	0001100010000101	4	2
10941	-6.6	0001100001000101	4	2
10942	-6.6	0001100000100011	4	2
10955	-6.6	0001100000100101	4	2
10956	-6.6	0001100000100101	4	2
10970	-6.6	0001100001000101	4	2
10971	-6.6	0001100001000011	4	2
10975	-6.6	0001100001100011	4	2
10976	-6.6	0001100010100011	4	2
10977	-6.6	0001100001100011	4	2
10990	-6.6	0001100001011001	4	2
10991	-6.6	0001100010100101	4	2
10992	-6.6	0001100001100101	4	2
10996	-8.3	0001100010100101	5	2
11002	-6.6	0001100001100111	4	2
11004	-6.6	0001100001111001	4	2
11007	-8	0001100000011000	5	2
11011	-4.9	0001100000011001	4	2
11012	-6.6	0001100000100001	4	2
11013	-6.6	0001100001000001	4	2
11014	-6.6	0001100000100001	4	2
11015	-6.6	0001100001000001	4	2
11016	-6.6	0001100001100001	4	2
11030	-8.3	0001100000100001	5	2
11031	-8.3	0001100001000001	5	2
11032	-8.3	0001100001100001	5	2
11067	-6.6	0001100000100011	4	2
11068	-8.3	0001100000100011	5	2
11077	-6.6	0001100000100101	4	2
11079	-8.3	0001100000100101	5	2
11087	-6.6	0001100001000101	4	2
11088	-6.6	0001100001000011	4	2
11093	-8.3	0001100001000101	5	2
11094	-8.3	0001100001000011	5	2
11096	-6.6	0001100001100011	4	2
11101	-8.3	0001100001100011	5	2
11105	-6.6	0001100001011001	4	2
11106	-6.6	0001100001011001	4	2
11107	-6.6	0001100001100101	4	2
11111	-6.6	0001100001011011	4	2
11113	-8.3	0001100001100101	5	2
11121	-6.6	0001100001100111	4	2
11123	-6.6	0001100001111001	4	2
11128	-4.9	0001100000111001	3	2
11129	-4.9	0001100001011001	3	2
11133	-8.3	0001100011111111	3	2
11134	-6.6	0001100000011000	4	2
11135	-6.6	0001100000011000	4	2
11137	-6.6	0001100000100001	4	2
11138	-6.6	0001100001000001	4	2
11139	-6.6	0001100001100001	4	2
11141	-6.6	0001100000100001	4	2
11142	-6.6	0001100001000001	4	2
11143	-6.6	0001100001100001	4	2
11180	-6.6	0001100010000011	4	2
11208	-6.6	0001100000100011	4	2
11209	-6.6	0001100000100011	4	2
11221	-6.6	0001100001000011	4	2
11222	-6.6	0001100000100101	4	2
11237	-6.6	0001100001000101	4	2
11238	-6.6	0001100001000011	4	2
11243	-6.6	0001100001100011	4	2
11254	-6.6	0001100001011001	4	2
11255	-6.6	0001100001011001	4	2
11256	-6.6	0001100001100101	4	2
11258	-6.6	0001100001100101	4	2
11270	-6.6	0001100001100111	4	2
11272	-6.6	0001100001111001	4	2
11275	-6.6	0001100000011000	4	2
11277	-4.9	0001100000011001	4	2
11278	-6.6	0001100000100001	4	2
11279	-6.6	0001100001000001	4	2
11280	-6.6	0001100000100001	4	2
11281	-6.6	0001100001000001	4	2
11282	-6.6	0001100001100001	4	2
11333	-6.6	0001100000100011	4	2
11343	-6.6	0001100000100101	4	2
11353	-6.6	0001100001000101	4	2
11354	-6.6	0001100001000011	4	2
11362	-6.6	0001100001100011	4	2
11371	-6.6	0001100001011001	4	2
11372	-6.6	0001100001011001	4	2
11373	-6.6	0001100001100101	4	2
11377	-6.6	0001100001011011	4	2
11387	-6.6	0001100001100111	4	2
11389	-6.6	0001100001111001	4	2
11392	-4.9	0001100000011001	4	2
11399	-8.6	0001100011111111	3	2
11400	-8.6	0001100000011000	4	2
11401	-6.6	0001100000011001	4	2
11402	-8.3	0001100000100001	4	2
11403	-8.3	0001100001000001	4	2
11404	-8.3	0001100000100001	4	2
11405	-8.3	0001100001000001	4	2
11406	-8.3	0001100001100001	4	2
11420	-8.6	0001100000100001	4	2
11421	-8.6	0001100001000001	4	2
11422	-8.6	0001100001100001	4	2
11434	-8.6	0001100000100001	4	2
11435	-8.6	0001100001000001	4	2
11436	-8.6	0001100001100001	4	2
11457	-8.3	0001100000100011	4	2
11458	-8.6	0001100000100011	4	2
11467	-8.3	0001100000100101	4	2
11469	-8.6	0001100000100101	4	2
11470	-8.6	0001100000100101	4	2
11477	-8.3	0001100001000101	4	2
11478	-8.3	0001100001000011	4	2
11480	-8.6	0001100001000101	4	2
11481	-8.6	0001100001000011	4	2
11483	-8.6	0001100001000101	4	2
11484	-8.6	0001100001000011	4	2
11486	-8.3	0001100001100011	4	2
11491	-8.6	0001100001100011	4	2
11495	-8.3	0001100001011001	4	2
11496	-8.3	0001100001011001	4	2
11497	-8.3	0001100001100101	4	2
11501	-8.3	0001100001011011	4	2
11503	-8.6	0001100001100101	4	2
11504	-8.6	0001100001100101	4	2
11511	-8.3	0001100001100111	4	2
11513	-8.3	0001100001111001	4	2
11532	-4.9	0001100100011001	4	2
11535	-4.9	1001100000011010	4	2
11537	-4.9	1001100000011010	4	2
11541	-4.9	1001100001011000	4	2
11542	-4.9	1001100001011000	4	2
11554	-4.9	1001100000011100	4	2
11556	-4.9	1001100000011100	4	2
11559	-4.9	1001100000111000	4	2
11560	-4.9	1001100000111000	4	2
11578	-4.9	1001100010000100	4	2
11579	-4.9	1001100010000010	4	1
11580	-4.9	1001100010000110	4	2
11583	-4.9	1001100000100010	4	1
11585	-4.9	1001100000100010	4	1
11587	-4.9	1001100001000100	4	2
11588	-4.9	1001100001000100	4	2
11596	-4.9	1001100001000010	4	1
11599	-4.9	1001100000100100	4	2
11600	-4.9	1001100000100100	4	2
11601	-4.9	1001100000100100	4	2
11602	-6.6	1001100000100100	4	2
11612	-4.9	1001100001000010	4	1
11617	-4.9	1001100000100110	4	1
11620	-4.9	1001100000100110	4	2
11621	-4.9	1001100001000010	4	1
11626	-4.9	1001100001000110	4	2
11627	-4.9	1001100001000110	4	2
11628	-6.6	1001100001000010	4	1
11630	-4.9	1001100010011100	4	2
11631	-4.9	1001100000111010	4	2
11632	-4.9	1001100000111010	4	2
11633	-4.9	1001100001011100	4	2
11634	-4.9	1001100001011100	4	2
11636	-4.9	1001100000111100	4	2
11637	-4.9	1001100000111100	4	2
11638	-4.9	1001100001011010	4	2
11643	-4.9	1001100010011010	4	2
11644	-4.9	1001100001011010	4	2
11645	-4.9	1001100001011010	4	2
11646	-6.6	1001100001011010	4	2
11652	-4.9	1001100001100110	4	2
11653	-6.6	1001100001100110	4	2
11656	-6.6	1001100001111110	4	2
11657	-4.9	1000010000100001	4	1
11668	-6.6	1000010000011010	4	1
11673	-6.6	1000010000011010	4	1
11678	-6.6	1000010001011000	4	1
11679	-6.6	1000010001011000	4	1
11681	-6.6	1000010000011100	4	1
11682	-6.6	1000010000011100	4	1
11683	-6.6	1000010000111000	4	1
11684	-6.6	1000010000011100	4	1
11685	-6.6	1000010000111000	4	1
11686	-6.6	1000010000111000	4	1
11701	-6.6	0001100110000001	3	2
11702	-6.6	1000010000100010	4	1
11703	-6.6	1000010000100010	4	1
11704	-6.6	1000010001000100	4	1
11705	-6.6	1000010000100010	4	1
11706	-6.6	1000010001000100	4	1
11707	-6.6	1000010001000100	4	1
11709	-6.6	1000010001000010	4	1
11710	-6.6	1000010001100010	4	1
11711	-6.6	1000010001000010	4	1
11712	-6.6	1000010001100010	4	1
11713	-6.6	1000010000100100	4	1
11714	-6.6	1000010000100100	4	1
11715	-6.6	1000010000100100	4	1
11716	-6.6	1000010000100100	4	1
11717	-8.3	1000010000100100	4	1
11719	-6.6	1000010001000010	4	1
11720	-6.6	1000010001000110	4	1
11721	-6.6	1000010001000010	4	1
11722	-6.6	1000010001100010	4	1
11723	-6.6	1000010000100110	4	1
11724	-6.6	1000010000100110	4	1
11725	-6.6	1000010001100100	4	1
11726	-6.6	1000010000100110	4	1
11727	-6.6	1000010001100100	4	1
11728	-6.6	1000010001100100	4	1
11731	-6.6	1000010001000110	4	1
11732	-6.6	1000010001000110	4	1
11733	-8.3	1000010001000010	4	1
11736	-6.6	1000010000111010	4	1
11737	-6.6	1000010001011100	4	1
11738	-6.6	1000010000111010	4	1
11739	-6.6	1000010001100110	4	1
11740	-6.6	1000010001011100	4	1
11741	-6.6	1000010001011100	4	1
11742	-6.6	1000010000111100	4	1
11743	-6.6	1000010001011010	4	1
11744	-6.6	1000010001100110	4	1
11747	-6.6	1000010001011010	4	1
11748	-6.6	1000010001011010	4	1
11749	-6.6	1000010001100110	4	1
11750	-8.3	1000010001011010	4	1
11751	-6.6	1000010001011110	4	1
11752	-6.6	1000010001100110	4	1
11754	-8.3	1000010001100110	4	1
11756	-6.6	0001100110011001	3	2
11757	-8.3	1000010001111110	4	1
11759	-4.9	1000001001000001	4	1
11769	-6.6	1000001000011010	4	1
11774	-6.6	1000001000011010	4	1
11779	-6.6	1000001001011000	4	1
11780	-6.6	1000001001011000	4	1
11782	-6.6	1000001000011100	4	1
11783	-6.6	1000001000011100	4	1
11784	-6.6	1000001000111000	4	1
11785	-6.6	1000001000011100	4	1
11786	-6.6	1000001000111000	4	1
11787	-6.6	1000001000111000	4	1
11803	-6.6	1000001000100010	4	1
11804	-6.6	1000001000100010	4	1
11805	-6.6	1000001001000100	4	1
11806	-6.6	1000001000100010	4	1
11807	-6.6	1000001001000100	4	1
11808	-6.6	1000001001000100	4	1
11810	-6.6	1000001001000010	4	1
11811	-6.6	1000001001100010	4	1
11812	-6.6	1000001001000010	4	1
11813	-6.6	1000001001100010	4	1
11814	-6.6	1000001000100100	4	1
11815	-6.6	1000001000100100	4	1
11816	-6.6	1000001000100100	4	1
11817	-6.6	1000001000100100	4	1
11818	-8.3	1000001000100100	4	1
11820	-6.6	1000001001000010	4	1
11821	-6.6	1000001001000110	4	1
11822	-6.6	1000001001000010	4	1
11823	-6.6	1000001001100010	4	1
11824	-6.6	1000001000100110	4	1
11825	-6.6	1000001000100110	4	1
11826	-6.6	1000001001100100	4	1
11827	-6.6	1000001000100110	4	1
11828	-6.6	1000001001100100	4	1
11829	-6.6	1000001001100100	4	1
11832	-6.6	1000001001000110	4	1
11833	-6.6	1000001001000110	4	1
11834	-8.3	1000001001000010	4	1
11837	-6.6	1000001000111010	4	1
11838	-6.6	1000001001011100	4	1
11839	-6.6	1000001000111010	4	1
11840	-6.6	1000001001100110	4	1
11841	-6.6	1000001001011100	4	1
11842	-6.6	1000001001011100	4	1
11843	-6.6	1000001000111100	4	1
11844	-6.6	1000001001011010	4	1
11845	-6.6	1000001001100110	4	1
11848	-6.6	1000001001011010	4	1
11849	-6.6	1000001001011010	4	1
11850	-6.6	1000001001100110	4	1
11851	-8.3	1000001001011010	4	1
11852	-6.6	1000001001011110	4	1
11853	-6.6	1000001001100110	4	1
11855	-8.3	1000001001100110	4	1
11858	-8.3	1000001001111110	4	1
11868	-6.6	1000011000011100	4	1
11869	-6.6	1000011000111000	4	1
11870	-6.6	1000011000100010	4	1
11871	-6.6	1000011001000100	4	1
11872	-6.6	1000011001000010	4	1
11873	-6.6	1000011000100100	4	1
11874	-6.6	1000011000100100	4	1
11875	-6.6	1000011001000010	4	1
11876	-6.6	1000011001011100	4	1
11877	-6.6	1000011001011010	4	1
11881	-6.6	1000011001011000	4	1
11882	-6.6	1000011000011010	4	1
11890	-6.6	1000011001000100	4	1
11891	-6.6	1000011000100010	4	1
11892	-6.6	1000011001000010	4	1
11893	-6.6	1000011001000010	4	1
11894	-6.6	1000011000100100	4	1
11895	-6.6	1000011000100100	4	1
11896	-6.6	1000011001011010	4	1
11897	-6.6	1000011000111010	4	1
11899	-4.9	1000000110000001	4	1
11908	-6.6	1000000110000100	4	1
11909	-6.6	1000000110000010	4	1
11910	-6.6	1000000110000110	4	1
11915	-6.6	1000000110000100	4	1
11916	-6.6	1000000110000010	4	1
11917	-6.6	1000000110000110	4	1
11918	-6.6	1000000110000100	4	1
11919	-6.6	1000000110000110	4	1
11920	-8.3	1000000110000100	4	1
11921	-8.3	1000000110000010	4	1
11922	-8.3	1000000110000110	4	1
11944	-6.6	1000000111000100	4	1
11945	-8.3	1000000111000100	4	1
11946	-6.6	1000000101000010	4	1
11947	-6.6	1000000110100010	4	1
11948	-6.6	1000000100100100	4	1
11951	-6.6	1000000110100100	4	1
11952	-6.6	1000000110100100	4	1
11953	-8.3	1000000110100100	4	1
11954	-6.6	1000000110100010	4	1
11955	-6.6	1000000111000010	4	1
11959	-8.3	1000000110100010	4	1
11960	-8.3	1000000111000010	4	1
11961	-8.3	1000000111100010	4	1
11963	-6.6	1000000111000110	4	1
11964	-8.3	1000000111000110	4	1
11965	-6.6	1000000101100110	4	1
11968	-6.6	1000000110100110	4	1
11970	-6.6	1000000110100110	4	1
11972	-8.3	1000000110100110	4	1
11974	-6.6	1000000110100110	4	1
11975	-6.6	1000000101100110	4	1
11976	-8.3	1000000111100110	4	1
11977	-8.3	1000000111100110	4	1
11979	-4.9	1000010000100001	4	1
11986	-6.6	1000010000011010	4	1
11990	-6.6	1000010000011010	4	1
11992	-6.6	1000010001011000	4	1
11993	-6.6	1000010001011000	4	1
12003	-6.6	1000010000011100	4	1
12006	-6.6	1000010000011100	4	1
12007	-6.6	1000010000111000	4	1
12008	-6.6	1000010000111000	4	1
12026	-6.6	0001100110000001	3	2
12028	-6.6	1000010000100010	4	1
12029	-6.6	1000010000100010	4	1
12030	-6.6	1000010001000100	4	1
12031	-6.6	1000010001000100	4	1
12034	-6.6	1000010001000010	4	1
12035	-6.6	1000010001000010	4	1
12036	-6.6	1000010001100010	4	1
12037	-6.6	1000010000100100	4	1
12038	-6.6	1000010000100100	4	1
12039	-6.6	1000010000100100	4	1
12040	-6.6	1000010000100100	4	1
12041	-8.3	1000010000100100	4	1
12043	-6.6	1000010001000010	4	1
12046	-6.6	1000010001000010	4	1
12047	-6.6	1000010001100010	4	1
12048	-6.6	1000010000100110	4	1
12049	-6.6	1000010000100110	4	1
12050	-6.6	1000010001100100	4	1
12051	-6.6	1000010001100100	4	1
12054	-6.6	1000010001000110	4	1
12057	-6.6	1000010001000110	4	1
12060	-8.3	1000010001000010	4	1
12062	-6.6	1000010000111010	4	1
12063	-6.6	1000010000111010	4	1
12064	-6.6	1000010001011100	4	1
12065	-6.6	1000010001011100	4	1
12067	-6.6	1000010000111100	4	1
12068	-6.6	1000010001011010	4	1
12069	-6.6	1000010001100110	4	1
12073	-6.6	1000010001011010	4	1
12074	-6.6	1000010001011010	4	1
12075	-8.3	1000010001011010	4	1
12077	-6.6	1000010010100110	4	1
12080	-6.6	1000010001011110	4	1
12081	-6.6	1000010001100110	4	1
12083	-6.6	1000010010100110	4	1
12084	-6.6	1000010001100110	4	1
12085	-8.3	1000010001100110	4	1
12087	-8.3	1000010011100110	4	1
12088	-6.6	0001100110011001	3	2
12089	-8.3	1000010001111110	4	1
12091	-4.9	1000001001000001	4	1
12097	-6.6	1000001000011010	4	1
12101	-6.6	1000001000011010	4	1
12103	-6.6	1000001001011000	4	1
12104	-6.6	1000001001011000	4	1
12114	-6.6	1000001000011100	4	1
12117	-6.6	1000001000011100	4	1
12118	-6.6	1000001000111000	4	1
12119	-6.6	1000001000111000	4	1
12139	-6.6	1000001000100010	4	1
12140	-6.6	1000001000100010	4	1
12141	-6.6	1000001001000100	4	1
12142	-6.6	1000001001000100	4	1
12145	-6.6	1000001001000010	4	1
12146	-6.6	1000001001000010	4	1
12147	-6.6	1000001001100010	4	1
12148	-6.6	1000001000100100	4	1
12149	-6.6	1000001000100100	4	1
12150	-6.6	1000001000100100	4	1
12151	-6.6	1000001000100100	4	1
12152	-8.3	1000001000100100	4	1
12154	-6.6	1000001001000010	4	1
12157	-6.6	1000001001000010	4	1
12158	-6.6	1000001001100010	4	1
12159	-6.6	1000001000100110	4	1
12160	-6.6	1000001000100110	4	1
12161	-6.6	1000001001100100	4	1
12162	-6.6	1000001001100100	4	1
12165	-6.6	1000001001000110	4	1
12168	-6.6	1000001001000110	4	1
12171	-8.3	1000001001000010	4	1
12173	-6.6	1000001000111010	4	1
12174	-6.6	1000001000111010	4	1
12175	-6.6	1000001001011100	4	1
12176	-6.6	1000001001011100	4	1
12178	-6.6	1000001000111100	4	1
12179	-6.6	1000001001011010	4	1
12180	-6.6	1000001001100110	4	1
12184	-6.6	1000001001011010	4	1
12185	-6.6	1000001001011010	4	1
12186	-8.3	1000001001011010	4	1
12188	-6.6	1000001010100110	4	1
12191	-6.6	1000001001011110	4	1
12192	-6.6	1000001001100110	4	1
12194	-6.6	1000001010100110	4	1
12195	-6.6	1000001001100110	4	1
12196	-8.3	1000001001100110	4	1
12198	-8.3	1000001011100110	4	1
12200	-8.3	1000001001111110	4	1
12202	-5.2	0001100110011000	4	2
12207	-6.6	1000011000011010	4	1
12211	-6.6	1000011000011010	4	1
12213	-6.6	1000011001011000	4	1
12214	-6.6	1000011001011000	4	1
12224	-6.6	1000011000011100	4	1
12227	-6.6	1000011000011100	4	1
12228	-6.6	1000011000111000	4	1
12229	-6.6	1000011000111000	4	1
12247	-6.9	0001100110000001	3	2
12249	-6.6	1000011000100010	4	1
12250	-6.6	1000011000100010	4	1
12251	-6.6	1000011001000100	4	1
12252	-6.6	1000011001000100	4	1
12255	-6.6	1000011001000010	4	1
12256	-6.6	1000011001000010	4	1
12257	-6.6	1000011001100010	4	1
12258	-6.6	1000011000100100	4	1
12259	-6.6	1000011000100100	4	1
12260	-6.6	1000011000100100	4	1
12261	-6.6	1000011000100100	4	1
12262	-8.3	1000011000100100	4	1
12264	-6.6	1000011001000010	4	1
12267	-6.6	1000011001000010	4	1
12268	-6.6	1000011001100010	4	1
12269	-6.6	1000011000100110	4	1
12270	-6.6	1000011000100110	4	1
12271	-6.6	1000011001100100	4	1
12272	-6.6	1000011001100100	4	1
12275	-6.6	1000011001000110	4	1
12278	-6.6	1000011001000110	4	1
12281	-8.3	1000011001000010	4	1
12283	-6.6	1000011000111010	4	1
12284	-6.6	1000011000111010	4	1
12285	-6.6	1000011001011100	4	1
12286	-6.6	1000011001011100	4	1
12288	-6.6	1000011000111100	4	1
12289	-6.6	1000011001011010	4	1
12290	-6.6	1000011001100110	4	1
12294	-6.6	1000011001011010	4	1
12295	-6.6	1000011001011010	4	1
12296	-8.3	1000011001011010	4	1
12301	-6.6	1000011001011110	4	1
12302	-6.6	1000011001100110	4	1
12303	-6.9	0001100110100101	3	2
12305	-6.6	1000011001100110	4	1
12306	-8.3	1000011001100110	4	1
12308	-8.3	1000011011100110	4	1
12309	-6.9	0001100110011001	3	2
12310	-8.3	1000011001111110	4	1
12311	-8.6	0001100111111111	3	2
12333	-4.9	1010000110000100	4	2
12334	-4.9	1010000110000010	4	1
12335	-4.9	1010000110000110	4	1
12343	-4.9	1010000110000100	4	2
12344	-4.9	1010000110000010	4	1
12345	-4.9	1010000110000110	4	1
12346	-4.9	1010000110000100	4	2
12347	-4.9	1010000110000110	4	1
12372	-4.9	1010000110000100	4	2
12373	-4.9	1010000110000010	4	1
12374	-4.9	1010000110000110	4	1
12457	-4.9	1100000110000100	4	2
12458	-4.9	1100000110000010	4	1
12459	-4.9	1100000110000110	4	1
12468	-4.9	1010000110000100	4	2
12469	-4.9	1010000110000010	4	1
12470	-4.9	1010000110000110	4	1
12521	-4.9	1010000110000100	4	2
12522	-4.9	1010000110000010	4	1
12523	-4.9	1010000110000110	4	1
12589	-4.6	0100010000100010	4	1
12592	-4.9	0010000110000001	3	1
12593	-4.9	0010000110000011	3	2
12598	-4.9	0010000110000001	3	1
12603	-4.9	0010000110000001	3	1
12629	-4.6	0100010000100010	4	1
12632	-4.9	0010000110000101	3	2
12633	-4.9	0010000110000011	3	2
12637	-4.9	0010000110000101	3	2
12638	-4.9	0010000110000011	3	2
12642	-6.6	0010000110000001	3	1
12706	-6.6	0010000110100101	3	2
12709	-6.6	0010000110100101	3	2
12714	-6.6	0010000110011001	3	2
12717	-4.6	0010010000100100	4	2
12719	-4.9	0100000110000001	3	1
12720	-4.9	0100000110000011	3	1
12725	-4.9	0100000110000001	3	1
12730	-4.9	0100000110000001	3	1
12757	-4.6	0010010000100100	4	2
12759	-4.9	0100000110000101	3	1
12760	-4.9	0100000110000011	3	1
12764	-4.9	0100000110000101	3	1
12765	-4.9	0100000110000011	3	1
12769	-6.6	0100000110000001	3	1
12833	-6.6	0100000110100101	3	1
12836	-6.6	0100000110100101	3	1
12841	-6.6	0100000110011001	3	1
12844	-4.9	0110000110000001	3	1
12845	-4.9	0110000110000011	3	1
12848	-4.9	0110000110000001	3	1
12888	-6.6	0110000110100101	3	1
12898	-4.9	1000000110000100	3	1
12899	-4.9	1000000110000010	3	1
12900	-4.9	1000000110000110	3	1
12931	-6.6	0001101001100011	4	2
12946	-8	0101100000011010	5	2
12955	-8.3	0101100000100001	5	1
12956	-8.3	0101100001000001	5	1
12957	-8.3	0101100001100001	5	1
12992	-6.6	0101100000100011	4	1
12993	-8.3	0101100000100011	5	1
13002	-6.6	0101100000100101	4	2
13004	-8.3	0101100000100101	5	2
13012	-6.6	0101100001000101	4	2
13013	-6.6	0101100001000011	4	1
13018	-8.3	0101100001000101	5	2
13019	-8.3	0101100001000011	5	1
13021	-6.6	0101100001100011	4	1
13026	-8.3	0101100001100011	5	1
13030	-6.6	0101100001011001	4	2
13031	-6.6	0101100001011001	4	2
13032	-6.6	0101100001100101	4	2
13036	-6.6	0101100001011011	4	2
13038	-8.3	0101100001100101	5	2
13046	-6.6	0101100001100111	4	2
13048	-6.6	0101100001111001	4	2
13326	-4.9	0101100000111001	3	2
13336	-4.9	1000000110000001	3	1
13341	-4.9	1000000110000001	3	1
13351	-6.6	1000000110000100	5	1
13352	-6.6	1000000110000110	5	1
13367	-4.9	1000000110000100	3	1
13368	-4.9	1000000110000010	3	1
13369	-4.9	1000000110000110	3	1
13393	-6.6	1000000110100010	5	1
13405	-6.6	1000000110100100	5	1
13468	-6.6	0101100001100011	4	1
13470	-6.6	0101100000011010	4	2
13512	-6.6	0101100000100011	4	1
13522	-6.6	0101100000100101	4	2
13532	-6.6	0101100001000101	4	2
13533	-6.6	0101100001000011	4	1
13541	-6.6	0101100001100011	4	1
13550	-6.6	0101100001011001	4	2
13551	-6.6	0101100001011001	4	2
13552	-6.6	0101100001100101	4	2
13556	-6.6	0101100001011011	4	2
13566	-6.6	0101100001100111	4	2
13568	-6.6	0101100001111001	4	2
13574	-6.6	0010000110000101	4	2
13603	-6.6	0010000110100011	4	2
13607	-6.6	0010000110100101	4	2
13615	-6.6	0100000110000101	4	1
13644	-6.6	0100000110100011	4	1
13648	-6.6	0100000110100101	4	1
13656	-6.6	0110000110000101	4	1
13684	-6.6	0110000110100011	4	1
13688	-6.6	0110000110100101	4	1
13692	-4.9	1000000110000001	3	1
13701	-4.9	1000000110000100	3	1
13702	-4.9	1000000110000010	3	1
13714	-4.9	1000000110000100	3	1
13715	-4.9	1000000110000010	3	1
13716	-4.9	1000000110000110	3	1
13792	-6.6	0001101001011000	4	2
13832	-6.6	0001101000100011	4	2
13842	-6.6	0001101000100101	4	2
13852	-6.6	0001101001000101	4	2
13853	-6.6	0001101001000011	4	2
13861	-6.6	0001101001100011	4	2
13870	-6.6	0001101001011001	4	2
13871	-6.6	0001101001011001	4	2
13872	-6.6	0001101001100101	4	2
13876	-6.6	0001101001011011	4	2
13886	-6.6	0001101001100111	4	2
13891	-8	0001101001011000	5	2
13893	-8.3	0001101000100001	5	2
13894	-8.3	0001101001000001	5	2
13895	-8.3	0001101001100001	5	2
13930	-6.6	0001101000100011	4	2
13931	-8.3	0001101000100011	5	2
13940	-6.6	0001101000100101	4	2
13942	-8.3	0001101000100101	5	2
13950	-6.6	0001101001000101	4	2
13951	-6.6	0001101001000011	4	2
13956	-8.3	0001101001000101	5	2
13957	-8.3	0001101001000011	5	2
13959	-6.6	0001101001100011	4	2
13964	-8.3	0001101001100011	5	2
13968	-6.6	0001101001011001	4	2
13969	-6.6	0001101001011001	4	2
13970	-6.6	0001101001100101	4	2
13974	-6.6	0001101001011011	4	2
13976	-8.3	0001101001100101	5	2
13984	-6.6	0001101001100111	4	2
14276	-4.9	1010000110000101	4	1
14277	-6.6	1010000110000100	4	2
14278	-6.6	1010000110000010	4	1
14279	-6.6	1010000110000110	4	1
14280	-6.6	1010000110000100	4	2
14281	-6.6	1010000110000110	4	1
14282	-8.3	1010000110000100	4	2
14283	-8.3	1010000110000010	4	1
14284	-8.3	1010000110000110	4	1
14306	-6.6	1010000111000100	4	2
14307	-8.3	1010000111000100	4	2
14308	-6.6	1010000101000010	4	1
14309	-6.6	1010000110100010	4	1
14310	-6.6	1010000100100100	4	2
14313	-6.6	1010000110100100	4	2
14314	-6.6	1010000110100100	4	2
14315	-8.3	1010000110100100	4	2
14316	-6.6	1010000110100010	4	1
14317	-6.6	1010000111000010	4	1
14321	-8.3	1010000110100010	4	1
14322	-8.3	1010000111000010	4	1
14323	-8.3	1010000111100010	4	1
14325	-6.6	1010000111000110	4	1
14326	-8.3	1010000111000110	4	1
14327	-6.6	1010000101100110	4	1
14330	-6.6	1010000110100110	4	1
14332	-6.6	1010000110100110	4	1
14334	-8.3	1010000110100110	4	1
14336	-6.6	1010000110100110	4	1
14337	-6.6	1010000101100110	4	1
14338	-8.3	1010000111100110	4	1
14339	-8.3	1010000111100110	4	1
14341	-6.6	0010000110000100	4	2
14388	-6.6	0010000110100011	4	2
14392	-6.6	0010000110100101	4	2
14395	-6.6	0010000110100111	4	2
14405	-6.6	0100000110000010	4	1
14451	-6.6	0100000110100011	4	1
14455	-6.6	0100000110100101	4	1
14458	-6.6	0100000110100111	4	1
14468	-6.6	0110000110000110	4	2
14513	-6.6	0110000110100011	4	1
14517	-6.6	0110000110100101	4	1
14520	-6.6	0110000110100111	4	2
14530	-8	0010000110000100	5	2
14574	-6.6	0010000110100011	4	2
14578	-6.6	0010000110100101	4	2
14579	-6.6	0010000110100101	5	2
14581	-6.6	0010000110100111	4	2
14583	-8.3	0010000110100101	5	2
14591	-8	0110000110000110	5	2
14634	-6.6	0110000110100011	4	1
14638	-6.6	0110000110100101	4	1
14639	-6.6	0110000110100101	5	1
14641	-6.6	0110000110100111	4	2
14643	-8.3	0110000110100101	5	1
14652	-8.3	1000010000011100	5	1
14655	-8.3	1000010000111000	5	1
14677	-8.3	1000010000100010	5	1
14680	-8.3	1000010001000100	5	1
14684	-8.3	1000010001000010	5	1
14685	-8.3	1000010001100010	5	1
14686	-8.3	1000010000100100	5	1
14688	-8.6	1000010000100100	4	1
14696	-8.3	1000010000100110	5	1
14699	-8.3	1000010001100100	5	1
14703	-8.3	1000010001000110	5	1
14704	-8.6	1000010001000010	4	1
14705	-8.3	0010000110100011	4	2
14707	-8.3	1000010000111010	5	1
14710	-8.3	1000010001011100	5	1
14713	-8.3	1000010001011010	5	1
14714	-8.3	1000010001100110	5	1
14716	-8.3	0010000110100101	4	2
14719	-8.6	1000010001011010	4	1
14721	-8.6	0010000110100101	4	2
14726	-8.6	1000010001100110	4	1
14729	-8.6	1000010001111110	4	1
14731	-8.3	1000001000011100	5	1
14734	-8.3	1000001000111000	5	1
14756	-8.3	1000001000100010	5	1
14759	-8.3	1000001001000100	5	1
14763	-8.3	1000001001000010	5	1
14764	-8.3	1000001001100010	5	1
14765	-8.3	1000001000100100	5	1
14767	-8.6	1000001000100100	4	1
14775	-8.3	1000001000100110	5	1
14778	-8.3	1000001001100100	5	1
14782	-8.3	1000001001000110	5	1
14783	-8.6	1000001001000010	4	1
14784	-8.3	0100000110100011	4	1
14786	-8.3	1000001000111010	5	1
14789	-8.3	1000001001011100	5	1
14792	-8.3	1000001001011010	5	1
14793	-8.3	1000001001100110	5	1
14795	-8.3	0100000110100101	4	1
14798	-8.6	1000001001011010	4	1
14800	-8.6	0100000110100101	4	1
14805	-8.6	1000001001100110	4	1
14808	-8.6	1000001001111110	4	1
14810	-8.3	1000011000011100	5	1
14813	-8.3	1000011000111000	5	1
14834	-6.9	0001101110000001	3	2
14835	-8.3	1000011000100010	5	1
14838	-8.3	1000011001000100	5	1
14842	-8.3	1000011001000010	5	1
14843	-8.3	1000011001100010	5	1
14844	-8.3	1000011000100100	5	1
14846	-8.6	1000011000100100	4	1
14854	-8.3	1000011000100110	5	1
14857	-8.3	1000011001100100	5	1
14861	-8.3	1000011001000110	5	1
14862	-8.6	1000011001000010	4	1
14863	-8.3	0110000110100011	4	1
14865	-8.3	1000011000111010	5	1
14868	-8.3	1000011001011100	5	1
14871	-8.3	1000011001011010	5	1
14872	-8.3	1000011001100110	5	1
14874	-8.3	0110000110100101	4	1
14877	-8.6	1000011001011010	4	1
14879	-8.6	0110000110100101	4	1
14884	-8.6	1000011001100110	4	1
14886	-6.9	0001101110011001	3	2
14887	-8.6	1000011001111110	4	1
14900	-4.9	1100000110000100	4	2
14901	-4.9	1100000110000010	4	1
14902	-4.9	1100000110000110	4	1
14906	-4.9	1100000110000100	4	2
14907	-4.9	1100000110000010	4	1
14908	-4.9	1100000110000110	4	1
14909	-4.9	1100000110000100	4	2
14910	-4.9	1100000110000110	4	1
14922	-4.9	1100000110000100	4	2
14923	-4.9	1100000110000010	4	1
14924	-4.9	1100000110000110	4	1
15023	-4.9	1100000110000100	4	2
15024	-4.9	1100000110000010	4	1
15025	-4.9	1100000110000110	4	1
15091	-4.6	0100010000100010	4	1
15094	-4.9	0010000110000001	3	1
15099	-4.9	0010000110000101	3	2
15113	-4.6	0100010000100010	4	1
15116	-4.9	0010000110000101	3	2
15117	-4.9	0010000110000011	3	2
15121	-4.9	0010000110000101	3	2
15122	-4.9	0010000110000011	3	2
15126	-6.6	0010000110000001	3	1
15192	-6.6	0010000110100101	3	2
15197	-6.6	0010000110011001	3	2
15200	-4.6	0010010000100100	4	2
15202	-4.9	0100000110000001	3	1
15207	-4.9	0100000110000101	3	1
15222	-4.6	0010010000100100	4	2
15224	-4.9	0100000110000101	3	1
15225	-4.9	0100000110000011	3	1
15229	-4.9	0100000110000101	3	1
15230	-4.9	0100000110000011	3	1
15234	-6.6	0100000110000001	3	1
15300	-6.6	0100000110100101	3	1
15305	-6.6	0100000110011001	3	1
15308	-4.9	0110000110000001	3	1
15311	-4.9	0110000110000101	3	1
15341	-4.9	1000000110000001	3	1
15360	-4.9	1000000110000100	3	1
15361	-4.9	1000000110000010	3	1
15362	-4.9	1000000110000110	3	1
15373	-6.6	1000000110000001	3	1
15439	-6.6	1000000110100101	3	1
15444	-6.6	1000000110011001	3	1
15449	-6.6	0011100001011001	4	2
15450	-6.6	0011100001100101	4	2
15453	-8	0011100000011100	5	2
15482	-6.6	0011100000100011	4	2
15483	-8.3	0011100000100011	5	2
15492	-6.6	0011100000100101	4	2
15494	-8.3	0011100000100101	5	2
15502	-6.6	0011100001000101	4	2
15503	-6.6	0011100001000011	4	2
15508	-8.3	0011100001000101	5	2
15509	-8.3	0011100001000011	5	2
15511	-6.6	0011100001100011	4	2
15516	-8.3	0011100001100011	5	2
15520	-6.6	0011100001011001	4	2
15521	-6.6	0011100001011001	4	2
15522	-6.6	0011100001100101	4	2
15526	-6.6	0011100001011011	4	2
15528	-8.3	0011100001100101	5	2
15536	-6.6	0011100001100111	4	2
15538	-6.6	0011100001111001	4	2
15773	-4.9	0011100001011001	3	2
15787	-6.6	0001110001011001	4	2
15788	-6.6	0001110001100101	4	2
15791	-6.6	0011100000011100	4	2
15817	-6.6	0011100000100011	4	2
15827	-6.6	0011100000100101	4	2
15837	-6.6	0011100001000101	4	2
15838	-6.6	0011100001000011	4	2
15846	-6.6	0011100001100011	4	2
15855	-6.6	0011100001011001	4	2
15856	-6.6	0011100001011001	4	2
15857	-6.6	0011100001100101	4	2
15861	-6.6	0011100001011011	4	2
15871	-6.6	0011100001100111	4	2
15873	-6.6	0011100001111001	4	2
15876	-6.6	0010000110000011	4	2
15905	-6.6	0100000110000011	4	1
15934	-6.6	0110000110000011	4	1
15961	-6.6	0001110000111000	4	2
15980	-6.6	1000010110000001	3	1
15986	-6.6	0001110000100011	4	2
15996	-6.6	0001110000100101	4	2
16006	-6.6	0001110001000101	4	2
16007	-6.6	0001110001000011	4	2
16015	-6.6	0001110001100011	4	2
16024	-6.6	0001110001011001	4	2
16025	-6.6	0001110001011001	4	2
16026	-6.6	0001110001100101	4	2
16030	-6.6	0001110001011011	4	2
16040	-6.6	0001110001100111	4	2
16045	-8	0001110000111000	5	2
16063	-6.6	1000001110000001	3	1
16069	-6.6	0001110000100011	4	2
16070	-8.3	0001110000100011	5	2
16079	-6.6	0001110000100101	4	2
16081	-8.3	0001110000100101	5	2
16089	-6.6	0001110001000101	4	2
16090	-6.6	0001110001000011	4	2
16095	-8.3	0001110001000101	5	2
16096	-8.3	0001110001000011	5	2
16098	-6.6	0001110001100011	4	2
16103	-8.3	0001110001100011	5	2
16107	-6.6	0001110001011001	4	2
16108	-6.6	0001110001011001	4	2
16109	-6.6	0001110001100101	4	2
16113	-6.6	0001110001011011	4	2
16115	-8.3	0001110001100101	5	2
16123	-6.6	0001110001100111	4	2
16128	-4.9	1100000110000011	4	1
16129	-6.6	1100000110000100	4	2
16130	-6.6	1100000110000010	4	1
16131	-6.6	1100000110000110	4	1
16132	-6.6	1100000110000100	4	2
16133	-6.6	1100000110000110	4	1
16134	-8.3	1100000110000100	4	2
16135	-8.3	1100000110000010	4	1
16136	-8.3	1100000110000110	4	1
16138	-6.6	1100000110100010	4	1
16141	-6.6	1100000111000100	4	2
16143	-6.6	1100000100100100	4	2
16144	-6.6	1100000101000010	4	1
16145	-6.6	1100000110100010	4	1
16146	-6.6	1100000111000010	4	1
16148	-6.6	1100000110100100	4	2
16149	-6.6	1100000110100100	4	2
16150	-8.3	1100000110100100	4	2
16151	-8.3	1100000110100010	4	1
16152	-8.3	1100000111000010	4	1
16155	-8.3	1100000111100100	4	2
16156	-6.6	1100000110011100	4	2
16157	-6.6	1100000110100110	4	1
16159	-6.6	1100000111000110	4	1
16160	-6.6	1100000110011010	4	1
16161	-6.6	1100000101011010	4	1
16162	-6.6	1100000101100110	4	1
16163	-6.6	1100000110011110	4	1
16164	-6.6	1100000110100110	4	1
16167	-8.3	1100000110100110	4	1
16168	-6.6	1100000110100110	4	1
16169	-6.6	1100000101100110	4	1
16170	-8.3	1100000111100110	4	1
16171	-8.3	1100000111100110	4	1
16173	-6.6	0010000110000100	4	2
16217	-6.6	0100000110000010	4	1
16260	-6.6	0110000110000110	4	2
16302	-8	0010000110000100	5	2
16343	-8	0110000110000110	5	2
16409	-8.6	1000010000100100	4	1
16425	-8.6	1000010001000010	4	1
16440	-8.6	1000010001011010	4	1
16447	-8.6	1000010001100110	4	1
16450	-8.6	1000010001111110	4	1
16477	-8.6	1000001000100100	4	1
16493	-8.6	1000001001000010	4	1
16508	-8.6	1000001001011010	4	1
16515	-8.6	1000001001100110	4	1
16518	-8.6	1000001001111110	4	1
16533	-6.9	0001110110000001	3	2
16545	-8.6	1000011000100100	4	1
16561	-8.6	1000011001000010	4	1
16576	-8.6	1000011001011010	4	1
16583	-8.6	1000011001100110	4	1
16585	-6.9	0001110110011001	3	2
16586	-8.6	1000011001111110	4	1
16666	-4.6	0100010000100010	4	1
16669	-4.9	0010000110000101	3	2
16670	-4.9	0010000110000011	3	2
16674	-4.9	0010000110000101	3	2
16675	-4.9	0010000110000011	3	2
16679	-6.6	0010000110000001	3	1
16735	-6.6	0010000110100101	3	2
16741	-6.6	0010000110011001	3	2
16744	-4.6	0010010000100100	4	2
16746	-4.9	0100000110000101	3	1
16747	-4.9	0100000110000011	3	1
16751	-4.9	0100000110000101	3	1
16752	-4.9	0100000110000011	3	1
16756	-6.6	0100000110000001	3	1
16812	-6.6	0100000110100101	3	1
16818	-6.6	0100000110011001	3	1
16822	-4.9	0110000110000101	3	1
16823	-4.9	0110000110000011	3	1
16827	-4.9	0110000110000101	3	1
16828	-4.9	0110000110000011	3	1
16832	-6.6	0110000110000001	3	1
16888	-6.6	0110000110100101	3	1
16894	-6.6	0110000110011001	3	2
16897	-4.9	1010000110000101	3	1
16907	-6.6	1010000110000001	3	1
16963	-6.6	1010000110100101	3	1
16969	-6.6	1010000110011001	3	1
16972	-4.9	1100000110000011	3	1
16981	-6.6	1100000110000001	3	1
17037	-6.6	1100000110100101	3	1
17043	-6.6	1100000110011001	3	1
17262	-4.9	1010000110000101	3	1
17332	-4.9	1100000110000011	3	1
17401	-5.2	0010000110000100	4	2
17404	-6.9	0010000110000001	3	1
17460	-6.9	0010000110100101	3	2
17466	-6.9	0010000110011001	3	2
17468	-8.6	0010000111111111	3	2
17469	-5.2	0100000110000010	4	1
17471	-6.9	0100000110000001	3	1
17527	-6.9	0100000110100101	3	1
17533	-6.9	0100000110011001	3	1
17535	-8.6	0100000111111111	3	1
17536	-5.2	0110000110000110	4	2
17537	-6.9	0110000110000001	3	1
17593	-6.9	0110000110100101	3	1
17599	-6.9	0110000110011001	3	2
17601	-8.6	0110000111111111	3	2
17602	-6.9	1000000110000001	3	1
17604	-6.6	1000000111000100	3	1
17605	-6.6	1000000110100100	3	1
17608	-6.6	1000000110011100	3	1
17612	-6.9	1000000111000100	3	1
17613	-6.6	1000000111000010	3	1
17614	-6.6	1000000111000010	3	1
17615	-6.6	1000000110100010	3	1
17616	-6.6	1000000110100010	3	1
17618	-6.6	1000000110011010	3	1
17623	-6.9	1000000110100100	3	1
17624	-6.6	1000000111000110	3	1
17625	-6.6	1000000110100110	3	1
17626	-6.9	1000000110100010	3	1
17627	-6.9	1000000111000010	3	1
17637	-6.9	1000000110011100	3	1
17638	-6.6	1000000111000101	3	1
17639	-6.6	1000000110100101	3	1
17642	-6.9	1000000111011100	3	1
17643	-6.6	1000000110100011	3	1
17645	-6.9	1000000111000110	3	1
17648	-6.9	1000000110011010	3	1
17654	-6.9	1000000111011010	3	1
17655	-6.9	1000000110111010	3	1
17657	-6.9	1000000110100110	3	1
17660	-6.9	1000000101100110	3	1
17662	-6.9	1000000110011110	3	1
17666	-8.6	1000000111111111	3	1
17768	-6.6	1110000110100110	4	2
17769	-6.6	1110000110100110	4	2
17770	-6.6	1110000101100110	4	2
17771	-8.3	1110000111100110	4	2
17791	-8.6	1110000111100110	4	2
17820	-8.6	1000000101100110	3	1
17836	-6.6	0010001001100011	4	2
17838	-6.6	0100010001011001	4	1
17839	-6.6	0100010001100101	4	1
17842	-8	0100010000100010	5	1
17846	-6.6	0100010000100011	4	1
17847	-8.3	0100010000100011	5	1
17856	-6.6	0100010000100101	4	1
17858	-8.3	0100010000100101	5	1
17866	-6.6	0100010001000101	4	1
17867	-6.6	0100010001000011	4	1
17872	-8.3	0100010001000101	5	1
17873	-8.3	0100010001000011	5	1
17875	-6.6	0100010001100011	4	1
17880	-8.3	0100010001100011	5	1
17884	-6.6	0100010001011001	4	1
17885	-6.6	0100010001011001	4	1
17886	-6.6	0100010001100101	4	1
17890	-6.6	0100010001011011	4	1
17892	-8.3	0100010001100101	5	1
17900	-6.6	0100010001100111	4	1
17915	-6.6	0100010001100011	4	1
17917	-6.6	0010001001011001	4	2
17918	-6.6	0010001001100101	4	2
17921	-6.6	0100010000100010	4	1
17924	-6.6	0100010000100011	4	1
17934	-6.6	0100010000100101	4	1
17944	-6.6	0100010001000101	4	1
17945	-6.6	0100010001000011	4	1
17953	-6.6	0100010001100011	4	1
17962	-6.6	0100010001011001	4	1
17963	-6.6	0100010001011001	4	1
17964	-6.6	0100010001100101	4	1
17968	-6.6	0100010001011011	4	1
17978	-6.6	0100010001100111	4	1
17989	-6.6	0010001001000100	4	2
17991	-6.6	0010001000100011	4	2
18001	-6.6	0010001000100101	4	2
18011	-6.6	0010001001000101	4	2
18012	-6.6	0010001001000011	4	2
18020	-6.6	0010001001100011	4	2
18029	-6.6	0010001001011001	4	2
18030	-6.6	0010001001011001	4	2
18031	-6.6	0010001001100101	4	2
18035	-6.6	0010001001011011	4	2
18045	-6.6	0010001001100111	4	2
18050	-8	0010001001000100	5	2
18051	-6.6	0010001000100011	4	2
18052	-8.3	0010001000100011	5	2
18061	-6.6	0010001000100101	4	2
18063	-8.3	0010001000100101	5	2
18071	-6.6	0010001001000101	4	2
18072	-6.6	0010001001000011	4	2
18077	-8.3	0010001001000101	5	2
18078	-8.3	0010001001000011	5	2
18080	-6.6	0010001001100011	4	2
18085	-8.3	0010001001100011	5	2
18089	-6.6	0010001001011001	4	2
18090	-6.6	0010001001011001	4	2
18091	-6.6	0010001001100101	4	2
18095	-6.6	0010001001011011	4	2
18097	-8.3	0010001001100101	5	2
18105	-6.6	0010001001100111	4	2
18110	-6.6	1010001001000010	4	1
18111	-6.6	1010001000100100	4	2
18112	-6.6	1100010000100100	4	2
18113	-6.6	1100010001000010	4	1
18114	-6.6	1010001001100110	4	1
18115	-6.6	1100010001011010	4	1
18116	-6.6	1100010001100110	4	1
18118	-4.9	1100010000100011	4	1
18120	-6.6	1100010001000010	4	1
18121	-6.6	1100010001000010	4	1
18122	-6.6	1100010001100010	4	1
18123	-6.6	1100010000100100	4	2
18124	-6.6	1100010000100100	4	2
18125	-6.6	1100010000100100	4	2
18126	-6.6	1100010000100100	4	2
18127	-8.3	1100010000100100	4	2
18129	-6.6	1100010001000010	4	1
18132	-6.6	1100010001000010	4	1
18133	-6.6	1100010001100010	4	1
18134	-6.6	1100010000100110	4	1
18135	-6.6	1100010000100110	4	1
18136	-6.6	1100010001100100	4	2
18137	-6.6	1100010001100100	4	2
18140	-6.6	1100010001000110	4	1
18143	-6.6	1100010001000110	4	1
18146	-8.3	1100010001000010	4	1
18148	-6.6	1100010000111010	4	1
18149	-6.6	1100010000111010	4	1
18150	-6.6	1100010001011100	4	1
18151	-6.6	1100010001011100	4	1
18153	-6.6	1100010000111100	4	1
18154	-6.6	1100010001011010	4	1
18155	-6.6	1100010001100110	4	1
18159	-6.6	1100010001011010	4	1
18160	-6.6	1100010001011010	4	1
18161	-8.3	1100010001011010	4	1
18163	-6.6	1100010010100110	4	1
18166	-6.6	1100010001011110	4	1
18167	-6.6	1100010001100110	4	1
18169	-6.6	1100010010100110	4	1
18170	-6.6	1100010001100110	4	1
18171	-8.3	1100010001100110	4	1
18173	-8.3	1100010011100110	4	1
18174	-6.6	0011100110011001	3	2
18175	-8.3	1100010001111110	4	1
18181	-6.6	0100001001100011	4	1
18183	-6.6	0100001001011001	4	1
18184	-6.6	0100001001100101	4	1
18191	-6.6	0100011001011001	4	1
18194	-8	0100010110100010	5	1
18230	-8.3	1100010001000010	5	1
18231	-8.3	1100010001100010	5	1
18232	-8.3	1100010000100100	5	2
18234	-8.6	1100010000100100	4	2
18242	-8.3	1100010000100110	5	1
18245	-8.3	1100010001100100	5	2
18249	-8.3	1100010001000110	5	1
18250	-8.6	1100010001000010	4	1
18251	-8.3	0010001110100011	4	2
18253	-8.3	1100010000111010	5	1
18256	-8.3	1100010001011100	5	2
18259	-8.3	1100010001011010	5	1
18260	-8.3	1100010001100110	5	1
18262	-8.3	0010001110100101	4	2
18265	-8.6	1100010001011010	4	1
18267	-8.6	0010001110100101	4	2
18272	-8.6	1100010001100110	4	1
18275	-8.6	1100010001111110	4	1
18276	-8	0100001001000010	5	1
18278	-8	0100001001000010	5	1
18285	-6.6	0100001000100101	4	1
18286	-6.6	0100001000100101	4	1
18300	-6.6	0100001001000101	4	1
18301	-6.6	0100001001000011	4	1
18305	-6.6	0100001001100011	4	1
18306	-6.6	0100001010100011	4	1
18307	-6.6	0100001001100011	4	1
18320	-6.6	0100001001011001	4	1
18321	-6.6	0100001010100101	4	1
18322	-6.6	0100001001100101	4	1
18326	-8.3	0100001010100101	5	1
18332	-6.6	0100001001100111	4	1
18339	-8	0100010110100010	5	1
18363	-8.3	0100010110100101	5	1
18371	-8	0100001001000010	5	1
18378	-6.6	0100001000100101	4	1
18380	-8.3	0100001000100101	5	1
18388	-6.6	0100001001000101	4	1
18389	-6.6	0100001001000011	4	1
18394	-8.3	0100001001000101	5	1
18395	-8.3	0100001001000011	5	1
18397	-6.6	0100001001100011	4	1
18402	-8.3	0100001001100011	5	1
18406	-6.6	0100001001011001	4	1
18407	-6.6	0100001001011001	4	1
18408	-6.6	0100001001100101	4	1
18412	-6.6	0100001001011011	4	1
18414	-8.3	0100001001100101	5	1
18422	-6.6	0100001001100111	4	1
18427	-8	0100011001100010	5	1
18433	-6.6	0100011000100101	4	1
18435	-8.3	0100011000100101	5	1
18443	-6.6	0100011001000101	4	1
18444	-6.6	0100011001000011	4	1
18449	-8.3	0100011001000101	5	1
18450	-8.3	0100011001000011	5	1
18452	-6.6	0100011001100011	4	1
18457	-8.3	0100011001100011	5	1
18461	-6.6	0100011001011001	4	1
18462	-6.6	0100011001011001	4	1
18463	-6.6	0100011001100101	4	1
18467	-6.6	0100011001011011	4	1
18469	-8.3	0100011001100101	5	1
18473	-6.9	0010001110100101	3	2
18477	-6.6	0100011001100111	4	1
18479	-6.9	0010001110011001	3	2
18504	-6.6	0010010001100011	4	2
18506	-6.6	0010010001011001	4	2
18507	-6.6	0010010001100101	4	2
18510	-8	0010010000100100	5	2
18511	-8	0010010000100100	5	2
18514	-6.6	0010010000100101	4	2
18515	-6.6	0010010000100101	4	2
18529	-6.6	0010010001000101	4	2
18530	-6.6	0010010001000011	4	2
18534	-6.6	0010010001100011	4	2
18535	-6.6	0010010010100011	4	2
18536	-6.6	0010010001100011	4	2
18549	-6.6	0010010001011001	4	2
18550	-6.6	0010010010100101	4	2
18551	-6.6	0010010001100101	4	2
18555	-8.3	0010010010100101	5	2
18561	-6.6	0010010001100111	4	2
18566	-8	0010010000100100	5	2
18570	-6.6	0010010000100101	4	2
18572	-8.3	0010010000100101	5	2
18580	-6.6	0010010001000101	4	2
18581	-6.6	0010010001000011	4	2
18586	-8.3	0010010001000101	5	2
18587	-8.3	0010010001000011	5	2
18589	-6.6	0010010001100011	4	2
18594	-8.3	0010010001100011	5	2
18598	-6.6	0010010001011001	4	2
18599	-6.6	0010010001011001	4	2
18600	-6.6	0010010001100101	4	2
18604	-6.6	0010010001011011	4	2
18606	-8.3	0010010001100101	5	2
18614	-6.6	0010010001100111	4	2
18619	-6.6	0010010000100100	4	2
18620	-6.6	0010010000100100	4	2
18622	-6.6	0010010001000011	4	2
18623	-6.6	0010010000100101	4	2
18638	-6.6	0010010001000101	4	2
18639	-6.6	0010010001000011	4	2
18644	-6.6	0010010001100011	4	2
18655	-6.6	0010010001011001	4	2
18656	-6.6	0010010001011001	4	2
18657	-6.6	0010010001100101	4	2
18659	-6.6	0010010001100101	4	2
18671	-6.6	0010010001100111	4	2
18676	-6.6	0010010000100100	4	2
18678	-6.6	0010010000100101	4	2
18688	-6.6	0010010001000101	4	2
18689	-6.6	0010010001000011	4	2
18697	-6.6	0010010001100011	4	2
18706	-6.6	0010010001011001	4	2
18707	-6.6	0010010001011001	4	2
18708	-6.6	0010010001100101	4	2
18712	-6.6	0010010001011011	4	2
18722	-6.6	0010010001100111	4	2
18732	-8.6	0010010011111111	3	2
18733	-8.6	0010010000100100	4	2
18734	-8.3	0010010000100101	4	2
18736	-8.6	0010010000100101	4	2
18737	-8.6	0010010000100101	4	2
18744	-8.3	0010010001000101	4	2
18745	-8.3	0010010001000011	4	2
18747	-8.6	0010010001000101	4	2
18748	-8.6	0010010001000011	4	2
18750	-8.6	0010010001000101	4	2
18751	-8.6	0010010001000011	4	2
18753	-8.3	0010010001100011	4	2
18758	-8.6	0010010001100011	4	2
18762	-8.3	0010010001011001	4	2
18763	-8.3	0010010001011001	4	2
18764	-8.3	0010010001100101	4	2
18768	-8.3	0010010001011011	4	2
18770	-8.6	0010010001100101	4	2
18771	-8.6	0010010001100101	4	2
18778	-8.3	0010010001100111	4	2
18780	-8.3	0010010001111001	4	2
18784	-6.6	1100001001000010	4	1
18785	-6.6	1010010001100110	4	1
18786	-6.6	1100001001011010	4	1
18787	-6.6	1100001001100110	4	1
18788	-4.9	1010010000100101	4	1
18789	-6.6	1010010001000010	4	1
18792	-6.6	1010010001000010	4	1
18793	-6.6	1010010001100010	4	1
18794	-6.6	1010010000100110	4	1
18795	-6.6	1010010000100110	4	1
18796	-6.6	1010010001100100	4	2
18797	-6.6	1010010001100100	4	2
18800	-6.6	1010010001000110	4	1
18803	-6.6	1010010001000110	4	1
18806	-8.3	1010010001000010	4	1
18808	-6.6	1010010000111010	4	1
18809	-6.6	1010010000111010	4	1
18810	-6.6	1010010001011100	4	2
18811	-6.6	1010010001011100	4	2
18813	-6.6	1010010000111100	4	2
18814	-6.6	1010010001011010	4	1
18815	-6.6	1010010001100110	4	1
18819	-6.6	1010010001011010	4	1
18820	-6.6	1010010001011010	4	1
18821	-8.3	1010010001011010	4	1
18823	-6.6	1010010010100110	4	1
18826	-6.6	1010010001011110	4	1
18827	-6.6	1010010001100110	4	1
18829	-6.6	1010010010100110	4	1
18830	-6.6	1010010001100110	4	1
18831	-8.3	1010010001100110	4	1
18833	-8.3	1010010011100110	4	1
18834	-6.6	0101100110011001	3	2
18835	-8.3	1010010001111110	4	1
18837	-6.6	0100001001000010	4	1
18843	-6.6	0100001001000010	4	1
18851	-6.6	0100001001000101	4	1
18852	-6.6	0100001001000011	4	1
18857	-6.6	0100001001100011	4	1
18868	-6.6	0100001001011001	4	1
18869	-6.6	0100001001011001	4	1
18870	-6.6	0100001001100101	4	1
18872	-6.6	0100001001100101	4	1
18884	-6.6	0100001001100111	4	1
18919	-8	0010010110100100	5	2
18938	-8.3	0010010110100101	5	2
18950	-8.3	1010010000100110	5	1
18953	-8.3	1010010001100100	5	2
18957	-8.3	1010010001000110	5	1
18958	-8.6	1010010001000010	4	1
18959	-8.3	0010010110100011	4	2
18961	-8.3	1010010000111010	5	1
18964	-8.3	1010010001011100	5	2
18967	-8.3	1010010001011010	5	2
18968	-8.3	1010010001100110	5	1
18970	-8.3	0010010110100101	4	2
18973	-8.6	1010010001011010	4	2
18975	-8.6	0010010110100101	4	2
18980	-8.6	1010010001100110	4	1
18983	-8.6	1010010001111110	4	1
18984	-6.6	0110001001011001	4	2
19012	-8	0010010110100100	5	2
19046	-8.6	1010010001000010	4	1
19061	-8.6	1010010001011010	4	2
19068	-8.6	1010010001100110	4	1
19071	-8.6	1010010001111110	4	1
19072	-6.6	0100001001000010	4	1
19078	-6.6	0100001001000101	4	1
19079	-6.6	0100001001000011	4	1
19087	-6.6	0100001001100011	4	1
19096	-6.6	0100001001011001	4	1
19097	-6.6	0100001001011001	4	1
19098	-6.6	0100001001100101	4	1
19102	-6.6	0100001001011011	4	1
19112	-6.6	0100001001100111	4	1
19117	-6.6	0100011001100010	4	1
19122	-6.6	0100011001000101	4	1
19123	-6.6	0100011001000011	4	1
19131	-6.6	0100011001100011	4	1
19140	-6.6	0100011001011001	4	1
19141	-6.6	0100011001011001	4	1
19142	-6.6	0100011001100101	4	1
19146	-6.6	0100011001011011	4	1
19152	-6.9	0010010110100101	3	2
19156	-6.6	0100011001100111	4	1
19158	-6.9	0010010110011001	3	2
19182	-6.6	0110010001011001	4	1
19187	-8	0110010000100110	5	1
19191	-6.6	0110010001000101	4	1
19192	-6.6	0110010001000011	4	1
19197	-8.3	0110010001000101	5	1
19198	-8.3	0110010001000011	5	1
19200	-6.6	0110010001100011	4	1
19205	-8.3	0110010001100011	5	1
19209	-6.6	0110010001011001	4	1
19210	-6.6	0110010001011001	4	1
19211	-6.6	0110010001100101	4	1
19215	-6.6	0110010001011011	4	1
19217	-8.3	0110010001100101	5	1
19225	-6.6	0110010001100111	4	1
19232	-6.6	0010011001011001	4	2
19235	-6.6	0110010000100110	4	2
19238	-6.6	0110010001000101	4	1
19239	-6.6	0110010001000011	4	1
19247	-6.6	0110010001100011	4	1
19256	-6.6	0110010001011001	4	2
19257	-6.6	0110010001011001	4	2
19258	-6.6	0110010001100101	4	1
19262	-6.6	0110010001011011	4	2
19272	-6.6	0110010001100111	4	2
19282	-8.6	0100001011111111	3	1
19283	-6.6	0010011001100100	4	2
19285	-6.6	0010011001000101	4	2
19286	-6.6	0010011001000011	4	2
19294	-6.6	0010011001100011	4	2
19303	-6.6	0010011001011001	4	2
19304	-6.6	0010011001011001	4	2
19305	-6.6	0010011001100101	4	2
19309	-6.6	0010011001011011	4	2
19315	-6.9	0100010110100101	3	1
19319	-6.6	0010011001100111	4	2
19321	-6.9	0100010110011001	3	1
19324	-8	0010011001100100	5	2
19325	-6.6	0010011001000101	4	2
19326	-6.6	0010011001000011	4	2
19331	-8.3	0010011001000101	5	2
19332	-8.3	0010011001000011	5	2
19334	-6.6	0010011001100011	4	2
19339	-8.3	0010011001100011	5	2
19343	-6.6	0010011001011001	4	2
19344	-6.6	0010011001011001	4	2
19345	-6.6	0010011001100101	4	2
19349	-6.6	0010011001011011	4	2
19351	-8.3	0010011001100101	5	2
19355	-6.9	0100001110100101	3	1
19359	-6.6	0010011001100111	4	2
19361	-6.9	0100001110011001	3	1
19364	-4.9	1010001001000101	4	1
19366	-6.6	1010001001000110	4	1
19369	-6.6	1010001001000110	4	1
19372	-8.3	1010001001000010	4	1
19374	-6.6	1010001000111010	4	1
19375	-6.6	1010001000111010	4	1
19376	-6.6	1010001001011100	4	2
19377	-6.6	1010001001011100	4	2
19379	-6.6	1010001000111100	4	2
19380	-6.6	1010001001011010	4	1
19381	-6.6	1010001001100110	4	1
19385	-6.6	1010001001011010	4	1
19386	-6.6	1010001001011010	4	1
19387	-8.3	1010001001011010	4	1
19389	-6.6	1010001010100110	4	1
19392	-6.6	1010001001011110	4	1
19393	-6.6	1010001001100110	4	1
19395	-6.6	1010001010100110	4	1
19396	-6.6	1010001001100110	4	1
19397	-8.3	1010001001100110	4	1
19399	-8.3	1010001011100110	4	1
19401	-8.3	1010001001111110	4	1
19403	-4.9	1100001001000011	4	1
19404	-6.6	1100001001000110	4	1
19407	-6.6	1100001001000110	4	1
19410	-8.3	1100001001000010	4	1
19412	-6.6	1100001000111010	4	1
19413	-6.6	1100001000111010	4	1
19414	-6.6	1100001001011100	4	1
19415	-6.6	1100001001011100	4	1
19417	-6.6	1100001000111100	4	1
19418	-6.6	1100001001011010	4	1
19419	-6.6	1100001001100110	4	1
19423	-6.6	1100001001011010	4	1
19424	-6.6	1100001001011010	4	1
19425	-8.3	1100001001011010	4	1
19427	-6.6	1100001010100110	4	1
19430	-6.6	1100001001011110	4	1
19431	-6.6	1100001001100110	4	1
19433	-6.6	1100001010100110	4	1
19434	-6.6	1100001001100110	4	1
19435	-8.3	1100001001100110	4	1
19437	-8.3	1100001011100110	4	1
19439	-8.3	1100001001111110	4	1
19441	-6.6	0110001001000110	4	2
19448	-6.6	0110001001100011	4	1
19457	-6.6	0110001001011001	4	2
19458	-6.6	0110001001011001	4	2
19459	-6.6	0110001001100101	4	1
19463	-6.6	0110001001011011	4	2
19473	-6.6	0110001001100111	4	2
19479	-8.6	1010001001000010	4	1
19494	-8.6	1010001001011010	4	2
19501	-8.6	1010001001100110	4	1
19504	-8.6	1010001001111110	4	1
19506	-8.6	1100001001000010	4	1
19521	-8.6	1100001001011010	4	1
19528	-8.6	1100001001100110	4	1
19531	-8.6	1100001001111110	4	1
19532	-8	0110001001000110	5	2
19533	-8.3	0110001001000101	5	1
19534	-8.3	0110001001000011	5	1
19536	-6.6	0110001001100011	4	1
19541	-8.3	0110001001100011	5	1
19545	-6.6	0110001001011001	4	2
19546	-6.6	0110001001011001	4	2
19547	-6.6	0110001001100101	4	1
19551	-6.6	0110001001011011	4	2
19553	-8.3	0110001001100101	5	1
19561	-6.6	0110001001100111	4	2
19566	-8.6	1010001001000010	4	1
19567	-8.3	0100010110100011	4	1
19569	-8.3	1010001000111010	5	1
19572	-8.3	1010001001011100	5	2
19575	-8.3	1010001001011010	5	2
19576	-8.3	1010001001100110	5	1
19578	-8.3	0100010110100101	4	1
19581	-8.6	1010001001011010	4	2
19583	-8.6	0100010110100101	4	1
19588	-8.6	1010001001100110	4	1
19591	-8.6	1010001001111110	4	1
19592	-8.6	1100001001000010	4	1
19593	-8.3	0100001110100011	4	1
19595	-8.3	1100001000111010	5	1
19598	-8.3	1100001001011100	5	2
19601	-8.3	1100001001011010	5	1
19602	-8.3	1100001001100110	5	1
19604	-8.3	0100001110100101	4	1
19607	-8.6	1100001001011010	4	1
19609	-8.6	0100001110100101	4	1
19614	-8.6	1100001001100110	4	1
19617	-8.6	1100001001111110	4	1
19622	-8.6	0100011110100101	4	1
19623	-8.6	0100001001000010	4	1
19624	-8.3	0100001001100011	4	1
19629	-8.6	0100001001100011	4	1
19633	-8.3	0100001001011001	4	1
19634	-8.3	0100001001011001	4	1
19635	-8.3	0100001001100101	4	1
19639	-8.3	0100001001011011	4	1
19641	-8.6	0100001001100101	4	1
19642	-8.6	0100001001100101	4	1
19649	-8.3	0100001001100111	4	1
19651	-8.3	0100001001111001	4	1
19669	-6.6	1100011001011010	4	1
19670	-6.6	1100011000111010	4	1
19674	-6.6	0011100110011100	4	2
19676	-8.3	1100010111000110	4	1
19684	-8.3	1100010110100110	4	1
19691	-5.2	0011100110011100	4	2
19692	-6.6	1100011000111010	4	1
19693	-6.6	1100011000111010	4	1
19694	-6.6	1100011001011100	4	1
19695	-6.6	1100011001011100	4	1
19697	-6.6	1100011000111100	4	1
19698	-6.6	1100011001011010	4	1
19699	-6.6	1100011001100110	4	1
19703	-6.6	1100011001011010	4	1
19704	-6.6	1100011001011010	4	1
19705	-8.3	1100011001011010	4	1
19710	-6.6	1100011001011110	4	1
19711	-6.6	1100011001100110	4	1
19712	-6.9	0011100110100101	3	2
19714	-6.6	1100011001100110	4	1
19715	-8.3	1100011001100110	4	1
19717	-8.3	1100011011100110	4	1
19718	-6.9	0011100110011001	3	2
19719	-8.3	1100011001111110	4	1
19720	-8.6	0011100111111111	3	2
19721	-8	0101110000111010	5	2
19725	-8.3	0101110001100011	5	1
19729	-6.6	0101110001011001	4	2
19730	-6.6	0101110001011001	4	2
19731	-6.6	0101110001100101	4	1
19735	-6.6	0101110001011011	4	2
19737	-8.3	0101110001100101	5	1
19745	-6.6	0101110001100111	4	2
19752	-6.6	0011101001011001	4	2
19753	-6.6	0011101001100101	4	2
19756	-6.6	0101110000111010	4	2
19763	-6.6	0101110001011001	4	2
19764	-6.6	0101110001011001	4	2
19765	-6.6	0101110001100101	4	1
19769	-6.6	0101110001011011	4	2
19779	-6.6	0101110001100111	4	2
19784	-6.6	0110011001011001	4	1
19786	-6.6	0011101001011100	4	2
19792	-6.6	0011101001011001	4	2
19793	-6.6	0011101001011001	4	2
19794	-6.6	0011101001100101	4	2
19798	-6.6	0011101001011011	4	2
19808	-6.6	0011101001100111	4	2
19813	-8	0011101001011100	5	2
19814	-8.3	0011101001100011	5	2
19818	-6.6	0011101001011001	4	2
19819	-6.6	0011101001011001	4	2
19820	-6.6	0011101001100101	4	2
19824	-6.6	0011101001011011	4	2
19826	-8.3	0011101001100101	5	2
19834	-6.6	0011101001100111	4	2
19839	-8	0110010110100110	5	1
19856	-8.3	1100011001011010	5	1
19857	-8.3	1100011001100110	5	1
19859	-8.3	0110001110100101	4	1
19862	-8.6	1100011001011010	4	1
19864	-8.6	0110001110100101	4	1
19869	-8.6	1100011001100110	4	1
19871	-6.9	0011101110011001	3	2
19872	-8.6	1100011001111110	4	1
19873	-6.6	0011110000111100	4	2
19876	-6.6	0011110001011001	4	2
19877	-6.6	0011110001011001	4	2
19878	-6.6	0011110001100101	4	2
19882	-6.6	0011110001011011	4	2
19892	-6.6	0011110001100111	4	2
19900	-8.3	0110011010100101	5	1
19902	-8	0101101001011010	5	2
19904	-6.6	0101101001011001	4	2
19905	-6.6	0101101001011001	4	2
19906	-6.6	0101101001100101	4	1
19910	-6.6	0101101001011011	4	2
19912	-8.3	0101101001100101	5	2
19920	-6.6	0101101001100111	4	2
19925	-8	0110011001100110	5	1
19926	-6.6	0110011001011001	4	1
19927	-6.6	0110011001011001	4	1
19928	-6.6	0110011001100101	4	1
19932	-6.6	0110011001011011	4	1
19934	-8.3	0110011001100101	5	1
19938	-6.9	0110001110100101	3	1
19942	-6.6	0110011001100111	4	1
19944	-6.9	0110001110011001	3	2
19954	-6.6	1001101001011010	4	2
19955	-6.6	1001101001011010	4	2
19956	-6.6	1001101001100110	4	1
19957	-8.3	1001101001011010	4	2
19958	-6.6	1001101001011110	4	2
19959	-6.6	1001101001100110	4	1
19961	-8.3	1001101001100110	4	2
19964	-8.3	1001101001111110	4	2
19967	-6.6	1001101001011010	4	2
19968	-6.6	1001101001011010	4	2
19969	-8.3	1001101001011010	4	2
19971	-6.6	1001101010100110	4	2
19974	-6.6	1001101001011110	4	2
19975	-6.6	1001101001100110	4	1
19977	-6.6	1001101010100110	4	2
19978	-6.6	1001101001100110	4	2
19979	-8.3	1001101001100110	4	2
19981	-8.3	1001101011100110	4	2
19983	-8.3	1001101001111110	4	2
19985	-6.6	1010011001011010	4	1
19987	-6.6	0101100110011010	4	2
19993	-8.3	1010010110100110	4	1
20000	-5.2	0101100110011010	4	2
20001	-6.6	1010011001011010	4	1
20002	-6.6	1010011001011010	4	1
20003	-8.3	1010011001011010	4	1
20008	-6.6	1010011001011110	4	1
20009	-6.6	1010011001100110	4	1
20010	-6.9	0101100110100101	3	2
20012	-6.6	1010011001100110	4	1
20013	-8.3	1010011001100110	4	1
20015	-8.3	1010011011100110	4	1
20016	-6.9	0101100110011001	3	2
20017	-8.3	1010011001111110	4	1
20018	-8.6	0101100111111111	3	2
20024	-6.6	0101101001011010	4	2
20025	-6.6	0101101001011010	4	2
20035	-6.6	0101101001100111	4	2
20040	-6.6	0101101001011010	4	2
20042	-6.6	0101101001011011	4	2
20052	-6.6	0101101001100111	4	2
20060	-8.6	0101101001011010	4	2
20061	-8.3	0101101001011011	4	2
20063	-8.6	0101101001100101	4	2
20064	-8.6	0101101001100101	4	2
20071	-8.3	0101101001100111	4	2
20073	-8.3	0101101001111001	4	2
20078	-6.6	1101101001011110	4	2
20079	-6.6	1101101001100110	4	1
20081	-6.6	1101101001100110	4	2
20082	-8.3	1101101001100110	4	2
20085	-8.3	1101101001111110	4	2
20105	-8.3	1010010110100101	5	1
20106	-8.6	1010010110100110	4	1
20110	-8.6	1010010111100110	4	1
20111	-8.6	1010010111100110	4	1
20117	-8.6	1010011001100110	4	1
20119	-6.9	0101101110011001	3	2
20120	-8.6	1010011001111110	4	1
20125	-8.6	1010011001100110	4	1
20127	-6.9	0101110110011001	3	2
20128	-8.6	1010011001111110	4	1
20129	-6.6	0111101001011110	4	2
20135	-6.6	0111101001100111	4	1
20140	-6.6	0110011001100110	4	1
20141	-6.9	0110010110100101	3	1
20145	-6.6	0110011001100111	4	1
20147	-6.9	0110010110011001	3	2
20150	-6.9	1010010110100101	3	1
20152	-6.9	1010010101100110	3	1
20154	-6.9	1010010110011110	3	1
20178	-6.6	0110011001100111	4	2
20180	-6.9	0110011010011001	3	1
20182	-8.6	0110011011100111	3	2
20183	-8.6	0110011011111111	3	1
20184	-8.6	0110011001100110	4	2
20185	-8.3	0110011001100111	4	2
20187	-8.3	0110011001111001	4	2
20191	-8.3	0110011101100111	4	2
20192	-6.9	0111100110011001	3	2
20193	-8.3	1110011001111110	4	1
20194	-8.6	0111100111111111	3	2
20196	-8.3	0110011101111001	4	2
20200	-6.9	1001100110011001	3	2
20201	-8.3	1001111001111110	4	2
20202	-8.6	1001100111111111	3	2
20203	-8.6	0111111001111110	4	2
