11	-4	0011011	0	0
101	-4	0011011	0	0
114	-4.3	0011011	0	0
178	-4	0011011	0	0
296	-4.6	0000000000000000	6	2
297	-4.6	0000000000000000	6	2
494	-4.6	0000000000000000	6	2
495	-4.6	0000000000000000	6	2
689	-4.6	0000000000000000	6	2
883	-4.9	0000000001011001	4	2
890	-6.6	0000000000000001	3	2
905	-6.6	0000000000000101	3	2
910	-6.6	0000000000100001	3	2
911	-6.6	0000000001000001	3	2
912	-6.6	0000000001100001	3	2
942	-6.6	0000000001011001	3	2
943	-6.6	0000000001100101	3	2
946	-6.6	0000000000000000	4	2
947	-6.6	0000000000000000	4	2
950	-6.6	0000000000000001	3	2
951	-6.6	0000000000000001	3	2
973	-6.6	0000000000000101	3	2
974	-6.6	0000000000000011	3	2
975	-6.6	0000000000000011	3	2
987	-6.6	0000000000000101	3	2
994	-6.6	0000000000000111	3	2
1003	-6.6	0000000001100001	3	2
1004	-6.6	0000000010000001	3	2
1005	-6.6	0000000000100001	3	2
1006	-6.6	0000000001000001	3	2
1007	-6.6	0000000001100001	3	2
1021	-6.6	0000000010000101	3	2
1072	-6.6	0000000001000101	3	2
1073	-6.6	0000000000100011	3	2
1086	-6.6	0000000000100101	3	2
1087	-6.6	0000000000100101	3	2
1101	-6.6	0000000001000101	3	2
1102	-6.6	0000000001000011	3	2
1106	-6.6	0000000001100011	3	2
1107	-6.6	0000000010100011	3	2
1108	-6.6	0000000001100011	3	2
1121	-6.6	0000000001011001	3	2
1122	-6.6	0000000010100101	3	2
1123	-6.6	0000000001100101	3	2
1133	-6.6	0000000001100111	3	2
1135	-6.6	0000000001111001	3	2
1138	-6.6	0000000000000000	4	2
1142	-6.6	0000000000000001	3	2
1143	-6.6	0000000000000001	3	2
1144	-6.6	0000000000000001	3	2
1151	-8.3	0000000000000001	3	2
1165	-6.6	0000000000000011	3	2
1166	-6.6	0000000000000011	3	2
1168	-8.3	0000000000000011	3	2
1178	-6.6	0000000000000101	3	2
1179	-6.6	0000000000000101	3	2
1181	-8.3	0000000000000101	3	2
1187	-6.6	0000000000000111	3	2
1198	-6.6	0000000000100001	3	2
1199	-6.6	0000000001000001	3	2
1200	-6.6	0000000000100001	3	2
1201	-6.6	0000000001000001	3	2
1202	-6.6	0000000001100001	3	2
1230	-8.3	0000000000100001	3	2
1231	-8.3	0000000001000001	3	2
1232	-8.3	0000000001100001	3	2
1253	-6.6	0000000000100011	3	2
1263	-6.6	0000000000100101	3	2
1266	-8.3	0000000000100101	3	2
1273	-6.6	0000000001000101	3	2
1274	-6.6	0000000001000011	3	2
1276	-8.3	0000000001000101	3	2
1277	-8.3	0000000001000011	3	2
1282	-6.6	0000000001100011	3	2
1291	-6.6	0000000001011001	3	2
1292	-6.6	0000000001011001	3	2
1293	-6.6	0000000001100101	3	2
1297	-6.6	0000000001011011	3	2
1300	-8.3	0000000001100101	3	2
1307	-6.6	0000000001100111	3	2
1309	-6.6	0000000001111001	3	2
1314	-6.6	0000000011100000	4	2
1317	-6.6	0000000011100110	4	2
1326	-6.6	0000000011100000	4	2
1330	-4.9	0000000001011001	4	2
1333	-6.6	0000000011100110	4	2
1335	-6.6	0000000000000000	6	2
1336	-6.6	0000000000000000	6	2
1529	-6.6	0000000000000000	6	2
1694	-6.6	0000000001100110	4	2
1706	-6.6	0000000010100000	4	2
1708	-8.3	0000000011100000	4	2
1709	-4.9	0000000000011001	4	2
1712	-6.6	0000000001011001	4	2
1713	-6.6	0000000010100110	4	2
1715	-8.3	0000000011100110	4	2
1716	-8.6	0000000011111111	4	2
1717	-8.6	0000000000000000	4	2
1724	-8.6	0000000000000001	4	2
1727	-8.6	0000000000000001	3	2
1743	-8.6	0000000000000011	4	2
1744	-8.6	0000000000000011	3	2
1752	-6.6	0000000000100000	4	2
1757	-8.6	0000000000000101	3	2
1792	-8.6	0000000000100001	4	2
1793	-8.6	0000000001000001	4	2
1794	-8.6	0000000001100001	4	2
1806	-8.6	0000000000100001	3	2
1807	-8.6	0000000001000001	3	2
1808	-8.6	0000000001100001	3	2
1830	-8.6	0000000000100011	4	2
1841	-8.6	0000000000100101	4	2
1842	-8.6	0000000000100101	3	2
1852	-8.6	0000000001000101	3	2
1853	-8.6	0000000001000011	3	2
1855	-8.6	0000000001000101	4	2
1856	-8.6	0000000001000011	4	2
1863	-8.6	0000000001100011	4	2
1875	-8.6	0000000001100101	4	2
1876	-8.6	0000000001100101	3	2
1881	-8.3	0000000001100110	4	2
1901	-4.9	1000000001100110	4	1
1904	-6.3	1000000000000001	6	1
1913	-6.6	1000000000000010	3	1
1914	-6.6	1000000000000010	3	1
1915	-6.6	1000000001000000	3	2
1918	-6.6	1000000001000000	3	2
1921	-6.6	1000000000100000	3	1
1922	-6.6	1000000001100000	3	1
1923	-6.6	1000000000100000	3	1
1924	-6.6	1000000001100000	3	1
1927	-6.6	1000000000000100	3	1
1928	-6.6	1000000000000100	3	1
1933	-6.6	1000000000000110	3	1
1936	-6.6	1000000000000110	3	1
1941	-6.6	1000000000011000	3	2
1942	-6.6	1000000000011000	3	2
1958	-6.6	1000000000011010	3	1
1969	-6.6	1000000001011000	3	1
1971	-6.6	1000000000011100	3	1
1972	-6.6	1000000000011100	3	1
1973	-6.6	1000000000111000	3	1
1976	-6.6	1000000000111000	3	1
1992	-6.6	1000000000100010	3	1
1993	-6.6	1000000000100010	3	1
1994	-6.6	1000000001000100	3	1
1997	-6.6	1000000001000100	3	1
1999	-6.6	1000000001000010	3	1
2000	-6.6	1000000001100010	3	1
2001	-6.6	1000000001000010	3	1
2002	-6.6	1000000001100010	3	1
2003	-6.6	1000000000100100	3	1
2004	-6.6	1000000000100100	3	1
2010	-6.6	1000000001000110	3	1
2013	-6.6	1000000000100110	3	1
2014	-6.6	1000000000100110	3	1
2015	-6.6	1000000001100100	3	1
2018	-6.6	1000000001100100	3	1
2022	-6.6	1000000001000110	3	1
2026	-6.6	1000000000111010	3	1
2027	-6.6	1000000001011100	3	1
2029	-6.6	1000000001100110	3	1
2031	-6.6	1000000001011100	3	1
2033	-6.6	1000000001011010	3	1
2034	-6.6	1000000001100110	3	1
2048	-6.3	1000000000000001	6	1
2058	-6.6	1000000000000010	3	1
2062	-6.6	1000000001000000	3	2
2068	-6.6	1000000000100000	3	1
2069	-6.6	1000000001100000	3	1
2072	-6.6	1000000000000100	3	1
2080	-6.6	1000000000000110	3	1
2086	-6.6	1000000000011000	3	2
2087	-6.6	1000000000011000	3	2
2098	-6.6	1000000000011010	3	1
2103	-6.6	1000000001011000	3	1
2110	-6.6	1000000000011100	3	1
2120	-6.6	1000000000111000	3	1
2137	-6.6	1000000000100010	3	1
2141	-6.6	1000000001000100	3	1
2145	-6.6	1000000001000010	3	1
2146	-6.6	1000000001000010	3	1
2147	-6.6	1000000001100010	3	1
2149	-6.6	1000000000100100	3	1
2150	-6.6	1000000000100100	3	1
2158	-6.6	1000000000100110	3	1
2162	-6.6	1000000001100100	3	1
2166	-6.6	1000000001000110	3	1
2169	-6.6	1000000000111010	3	1
2175	-6.6	1000000001011100	3	1
2177	-6.6	1000000001100110	3	1
2178	-6.6	1000000001011010	3	1
2179	-6.6	1000000001100110	3	1
2192	-6.3	1000000000000001	6	1
2207	-6.6	1000000000000010	3	1
2211	-6.6	1000000001000000	3	2
2217	-6.6	1000000000100000	3	1
2218	-6.6	1000000001100000	3	1
2219	-6.6	1000000011000000	3	2
2222	-6.6	1000000000000100	3	1
2233	-6.6	1000000000000110	3	1
2240	-6.6	1000000000011000	3	2
2241	-6.6	1000000000011000	3	2
2255	-6.6	1000000000011010	3	1
2262	-6.6	1000000001011000	3	1
2272	-6.6	1000000000011100	3	1
2277	-6.6	1000000000111000	3	1
2297	-6.6	1000000000100010	3	1
2300	-6.6	1000000001000100	3	1
2303	-6.6	1000000001000010	3	1
2304	-6.6	1000000001000010	3	1
2305	-6.6	1000000001100010	3	1
2306	-6.6	1000000000100100	3	1
2307	-6.6	1000000000100100	3	1
2317	-6.6	1000000000100110	3	1
2320	-6.6	1000000001100100	3	1
2326	-6.6	1000000001000110	3	1
2331	-6.6	1000000000111010	3	1
2334	-6.6	1000000001011100	3	1
2337	-6.6	1000000001011010	3	1
2338	-6.6	1000000001100110	3	1
2353	-6.6	1000000001100110	4	1
2360	-4.6	0000010000100000	6	1
2367	-4.6	0000010000100000	6	1
2430	-4.9	0000000110000001	4	2
2435	-4.9	0000000110000001	4	2
2469	-4.9	0000000110000101	4	2
2470	-4.9	0000000110000011	4	2
2538	-6.6	0000000110100101	4	2
2618	-4.9	0000000110000001	4	2
2623	-4.9	0000000110000001	4	2
2657	-4.9	0000000110000101	4	2
2658	-4.9	0000000110000011	4	2
2662	-6.6	0000000110000001	5	2
2726	-6.6	0000000110100101	4	2
2729	-6.6	0000000110100101	5	2
2734	-6.6	0000000110011001	5	2
2738	-6.6	0000000110000000	4	2
2744	-4.9	1000000001000000	4	2
2750	-4.9	1000000000100000	4	2
2752	-6.6	0000000110100000	4	2
2754	-4.9	0000000110000001	4	2
2760	-6.6	0000000110000001	4	2
2761	-4.9	0000000110000101	4	2
2762	-4.9	0000000110000011	4	2
2769	-6.6	0000000110000001	4	2
2773	-6.6	0000000110000101	4	2
2774	-6.6	0000000110000100	4	2
2775	-6.6	0000000110000010	4	2
2776	-6.6	0000000110000110	4	2
2791	-6.6	0000000111000100	4	2
2797	-6.6	0000000110100100	4	2
2799	-6.6	0000000110100010	4	2
2800	-6.6	0000000111000010	4	2
2802	-6.6	0000000110100011	4	2
2803	-6.6	0000000111000011	4	2
2804	-6.6	0000000111000110	4	2
2805	-6.6	0000000110011001	4	2
2806	-6.6	0000000110100101	4	2
2807	-6.6	0000000110100101	4	2
2808	-6.6	0000000110100110	4	2
2809	-8.3	0000000110100101	4	2
2810	-6.6	1000000001100110	4	1
2864	-4	0011011	0	0
3067	-6.6	0000000110000000	6	2
3107	-6.6	0000000110000100	4	2
3108	-6.6	0000000110000010	4	2
3109	-6.6	0000000110000110	4	2
3167	-6.6	0000000110100110	4	2
3174	-6.6	0000000101100110	4	2
3178	-6.6	0000000110000000	4	2
3208	-6.6	0000000110000001	3	2
3216	-6.6	0000000110000001	5	2
3223	-6.6	0000000110000101	3	2
3271	-6.6	0000000110100011	3	2
3275	-6.6	0000000110100101	3	2
3276	-6.6	0000000110100101	5	2
3278	-6.6	0000000110100111	3	2
3295	-6.6	1000000001000000	4	2
3305	-6.6	1000000000100000	4	2
3318	-8.6	1000000000011000	4	2
3375	-8.6	1000000000100100	4	1
3391	-8.6	1000000001000010	4	1
3406	-8.6	1000000001011010	4	1
3408	-8.6	0000000110100101	4	2
3412	-8.3	1000000001100110	4	1
3413	-8.6	1000000001100110	4	1
3416	-8.6	1000000001111110	4	1
3417	-4.6	0000010000100000	6	1
3421	-4.6	0000010000100000	6	1
3472	-4.9	0000000110000001	4	2
3477	-4.9	0000000110000001	4	2
3499	-4.9	0000000110000101	4	2
3521	-4.9	0000000110000101	4	2
3522	-4.9	0000000110000011	4	2
3654	-4.9	0000000110000001	4	2
3659	-4.9	0000000110000001	4	2
3681	-4.9	0000000110000101	4	2
3703	-4.9	0000000110000101	4	2
3704	-4.9	0000000110000011	4	2
3708	-6.6	0000000110000001	5	2
3774	-6.6	0000000110100101	5	2
3779	-6.6	0000000110011001	5	2
3782	-6.6	0000000110000000	4	2
3791	-6.6	0000000111000000	4	2
3794	-6.6	0000000110100000	4	2
3796	-4.9	0000000110000001	4	2
3801	-4.9	0000000110000101	4	2
3802	-6.6	0000000110000001	4	2
3803	-6.6	0000000110100001	4	2
3814	-4.9	0000000110000011	4	2
3820	-6.6	0000000110000101	4	2
3821	-6.6	0000000110000011	4	2
3822	-6.6	0000000110000100	4	2
3823	-6.6	0000000110000010	4	2
3824	-6.6	0000000110000110	4	2
3833	-6.6	0000000111000100	4	2
3837	-6.6	0000000110100010	4	2
3838	-6.6	0000000111000010	4	2
3839	-6.6	0000000110100100	4	2
3841	-6.6	0000000110011100	4	2
3842	-6.6	0000000110100101	4	2
3846	-6.6	0000000110011010	4	2
3847	-6.6	0000000110100110	4	2
3850	-6.6	0000000110000000	6	2
3907	-6.6	0000000110000100	4	2
3908	-6.6	0000000110000010	4	2
3909	-6.6	0000000110000110	4	2
3941	-6.6	0000000111000110	4	2
3951	-6.6	0000000101100110	4	2
3959	-8.3	1000000000000010	3	1
3961	-6.6	1000000001000000	3	2
3963	-8.3	1000000001000000	3	2
3966	-8.3	1000000000100000	3	1
3967	-8.3	1000000001100000	3	1
3969	-8.3	1000000000000100	3	1
3978	-8.3	1000000000000110	3	1
3982	-8.3	1000000000011000	3	2
3984	-8.6	1000000000011000	3	2
3990	-8.3	1000000000011010	3	1
3994	-8.3	1000000001011000	3	2
4005	-8.3	1000000000011100	3	1
4008	-8.3	1000000000111000	3	2
4030	-8.3	1000000000100010	3	1
4033	-8.3	1000000001000100	3	1
4037	-8.3	1000000001000010	3	1
4038	-8.3	1000000001100010	3	1
4039	-8.3	1000000000100100	3	1
4041	-8.6	1000000000100100	3	1
4049	-8.3	1000000000100110	3	1
4052	-8.3	1000000001100100	3	1
4056	-8.3	1000000001000110	3	1
4057	-8.6	1000000001000010	3	1
4060	-8.3	1000000000111010	3	1
4063	-8.3	1000000001011100	3	1
4066	-8.3	1000000001011010	3	1
4067	-8.3	1000000001100110	3	1
4072	-8.6	1000000001011010	3	1
4079	-8.6	1000000001100110	3	1
4082	-8.6	1000000001111110	3	1
4083	-4.6	0000010000100000	6	1
4141	-4.9	0000000110000001	4	2
4143	-4.9	0000000110000001	4	2
4173	-4.9	0000000110000101	4	2
4174	-4.9	0000000110000011	4	2
4300	-4.9	0000000110000001	4	2
4302	-4.9	0000000110000001	4	2
4332	-4.9	0000000110000101	4	2
4333	-4.9	0000000110000011	4	2
4337	-6.6	0000000110000001	5	2
4393	-6.6	0000000110100101	5	2
4399	-6.6	0000000110011001	5	2
4402	-6.6	0000000110000000	4	2
4428	-6.6	0000000110100000	4	2
4436	-8.3	0000000111100000	4	2
4437	-4.9	0000000110000001	4	2
4438	-4.9	0000000110000001	4	2
4439	-4.9	0000000110000001	4	2
4445	-4.9	0000000100011001	4	2
4451	-4.9	0000000110000101	4	2
4452	-4.9	0000000110000101	4	2
4458	-6.6	0000000110000001	4	2
4460	-6.6	0000000110000001	4	2
4461	-6.6	0000000110100001	4	2
4462	-6.6	0000000111000001	4	2
4467	-4.9	0000000110000011	4	2
4468	-4.9	0000000110000011	4	2
4481	-4.9	0000000110000111	4	2
4490	-6.6	0000000110000101	4	2
4491	-6.6	0000000110000011	4	2
4495	-6.9	0000000110000001	4	2
4533	-6.6	0000000110100011	4	2
4534	-6.6	0000000111000011	4	2
4537	-6.6	0000000111000101	4	2
4539	-6.6	0000000110011001	4	2
4540	-6.6	0000000110011001	4	2
4542	-6.6	0000000110100101	4	2
4543	-6.6	0000000110100101	4	2
4545	-6.6	0000000110011101	4	2
4546	-6.6	0000000110100110	4	2
4549	-6.6	0000000110100111	4	2
4551	-6.9	0000000110100101	4	2
4552	-6.6	0000000110100110	4	2
4556	-8.3	0000000111100110	4	2
4557	-6.9	0000000110011001	4	2
4558	-6.9	0000000111100111	4	2
4559	-8.6	0000000111111111	4	2
4598	-4	0011011	0	0
4781	-6.6	0000000101100110	4	2
4799	-6.6	0000000100100000	4	2
4807	-8.3	0000000101100110	4	2
4836	-4.6	0100000000000010	6	1
4837	-4.6	0100000000000010	6	1
5014	-4.6	0100000000000010	6	1
5015	-4.6	0100000000000010	6	1
5189	-4.6	0100000000000010	6	1
5352	-4.9	0100000001011001	4	1
5362	-6.6	0100000000000101	3	1
5367	-6.6	0100000000100001	3	1
5368	-6.6	0100000001000001	3	1
5369	-6.6	0100000001100001	3	1
5399	-6.6	0100000001011001	3	1
5400	-6.6	0100000001100101	3	1
5403	-6.6	0100000000000010	4	1
5409	-6.6	0100000000000011	3	1
5410	-6.6	0100000000000011	3	1
5412	-8.3	0100000000000011	3	1
5422	-6.6	0100000000000101	3	1
5423	-6.6	0100000000000101	3	1
5425	-8.3	0100000000000101	3	1
5431	-6.6	0100000000000111	3	1
5442	-6.6	0100000000100001	3	1
5443	-6.6	0100000001000001	3	1
5444	-6.6	0100000000100001	3	1
5445	-6.6	0100000001000001	3	1
5446	-6.6	0100000001100001	3	1
5474	-8.3	0100000000100001	3	1
5475	-8.3	0100000001000001	3	1
5476	-8.3	0100000001100001	3	1
5497	-6.6	0100000000100011	3	1
5507	-6.6	0100000000100101	3	1
5510	-8.3	0100000000100101	3	1
5517	-6.6	0100000001000101	3	1
5518	-6.6	0100000001000011	3	1
5520	-8.3	0100000001000101	3	1
5521	-8.3	0100000001000011	3	1
5526	-6.6	0100000001100011	3	1
5535	-6.6	0100000001011001	3	1
5536	-6.6	0100000001011001	3	1
5537	-6.6	0100000001100101	3	1
5541	-6.6	0100000001011011	3	1
5544	-8.3	0100000001100101	3	1
5551	-6.6	0100000001100111	3	1
5553	-6.6	0100000001111001	3	1
5561	-6.6	0100000011100000	4	2
5565	-4.9	0100000001011001	4	1
5568	-6.6	0100000011100110	4	1
5575	-6.6	0000001000000101	3	2
5580	-6.6	0000001000100001	3	2
5581	-6.6	0000001001000001	3	2
5582	-6.6	0000001001100001	3	2
5612	-6.6	0000001001011001	3	2
5613	-6.6	0000001001100101	3	2
5616	-6.6	0100000000000010	6	1
5761	-6.6	0100000001100110	4	1
5787	-4.9	0000001000000011	4	2
5788	-6.6	0000001000000011	4	2
5791	-6.6	0000001000000011	3	2
5806	-4.9	0000001000000101	4	2
5809	-6.6	0000001000000101	3	2
5812	-4	0011011	0	0
5825	-4.3	0011011	0	0
5826	-4.9	0000001000011001	4	2
5838	-4.9	0000001000100001	4	2
5839	-4.9	0000001001000001	4	2
5840	-4.9	0000001010000001	4	1
5852	-6.6	0000001000100001	4	2
5853	-6.6	0000001001000001	4	2
5854	-6.6	0000001001100001	4	2
5870	-6.6	0000001000100001	3	2
5871	-6.6	0000001001000001	3	2
5872	-6.6	0000001001100001	3	2
5882	-4.9	0000001010000101	4	1
5883	-4.9	0000001010000011	4	1
5887	-6.6	0000001010000001	5	1
5894	-6.6	0000001010000111	3	2
5909	-4.9	0000001000100011	4	2
5911	-6.6	0000001000100011	4	2
5924	-4.9	0000001000100101	4	2
5927	-6.6	0000001000100101	4	2
5931	-6.6	0000001000100101	3	2
5941	-4.9	0000001001000101	4	2
5942	-4.9	0000001001000011	4	2
5950	-6.6	0000001001000101	3	2
5951	-6.6	0000001001000011	3	2
5953	-6.6	0000001001000101	4	2
5954	-6.6	0000001001000011	4	2
5967	-6.6	0000001001100011	4	2
5974	-4.9	0000001001011001	4	2
5983	-6.6	0000001010100101	4	2
5984	-6.6	0000001001100101	4	2
5985	-6.6	0000001001100101	3	2
5988	-6.6	0000001010100101	5	1
5996	-6.6	0000001010011001	5	1
6000	-6.6	0000001001000000	6	2
6085	-6.6	0000010110000001	5	1
6143	-6.6	0000001001100110	4	2
6150	-6.6	0000001001000000	4	2
6152	-6.6	0000001000000011	3	2
6153	-6.6	0000001000000011	3	2
6155	-8.3	0000001000000011	3	2
6165	-6.6	0000001000000101	3	2
6166	-6.6	0000001000000101	3	2
6168	-8.3	0000001000000101	3	2
6174	-6.6	0000001000000111	3	2
6185	-6.6	0000001000100001	3	2
6186	-6.6	0000001001000001	3	2
6187	-6.6	0000001000100001	3	2
6188	-6.6	0000001001000001	3	2
6189	-6.6	0000001001100001	3	2
6217	-8.3	0000001000100001	3	2
6218	-8.3	0000001001000001	3	2
6219	-8.3	0000001001100001	3	2
6234	-6.6	0000001110000001	5	1
6240	-6.6	0000001000100011	3	2
6250	-6.6	0000001000100101	3	2
6253	-8.3	0000001000100101	3	2
6260	-6.6	0000001001000101	3	2
6261	-6.6	0000001001000011	3	2
6263	-8.3	0000001001000101	3	2
6264	-8.3	0000001001000011	3	2
6269	-6.6	0000001001100011	3	2
6278	-6.6	0000001001011001	3	2
6279	-6.6	0000001001011001	3	2
6280	-6.6	0000001001100101	3	2
6284	-6.6	0000001001011011	3	2
6287	-8.3	0000001001100101	3	2
6294	-6.6	0000001001100111	3	2
6299	-4.6	0010000000000100	6	2
6310	-4.6	0010000000000100	6	2
6527	-4.9	1100000001100110	4	1
6532	-6.6	1010000000011000	3	2
6557	-6.6	1010000001000010	3	1
6558	-6.6	1010000000100100	3	2
6561	-6.6	1010000001100110	3	1
6564	-6.3	1100000000000011	6	1
6567	-6.6	1100000000100000	3	1
6568	-6.6	1100000001100000	3	1
6571	-6.6	1100000000000100	3	2
6579	-6.6	1100000000000110	3	1
6585	-6.6	1100000000011000	3	2
6586	-6.6	1100000000011000	3	2
6601	-6.6	1100000000011010	3	1
6606	-6.6	1100000001011000	3	2
6613	-6.6	1100000000011100	3	2
6623	-6.6	1100000000111000	3	2
6640	-6.6	1100000000100010	3	1
6644	-6.6	1100000001000100	3	2
6648	-6.6	1100000001000010	3	1
6649	-6.6	1100000001000010	3	1
6650	-6.6	1100000001100010	3	1
6652	-6.6	1100000000100100	3	2
6653	-6.6	1100000000100100	3	2
6662	-6.6	1100000000100110	3	1
6666	-6.6	1100000001100100	3	2
6670	-6.6	1100000001000110	3	1
6673	-6.6	1100000000111010	3	1
6679	-6.6	1100000001011100	3	1
6681	-6.6	1100000001100110	3	1
6682	-6.6	1100000001011010	3	1
6683	-6.6	1100000001100110	3	1
6697	-6.3	1100000000000011	6	1
6700	-6.6	1100000000100000	3	1
6701	-6.6	1100000001100000	3	1
6702	-6.6	1100000011000000	3	2
6705	-6.6	1100000000000100	3	2
6716	-6.6	1100000000000110	3	1
6723	-6.6	1100000000011000	3	2
6724	-6.6	1100000000011000	3	2
6738	-6.6	1100000000011010	3	1
6745	-6.6	1100000001011000	3	2
6755	-6.6	1100000000011100	3	2
6760	-6.6	1100000000111000	3	2
6780	-6.6	1100000000100010	3	1
6783	-6.6	1100000001000100	3	2
6786	-6.6	1100000001000010	3	1
6787	-6.6	1100000001000010	3	1
6788	-6.6	1100000001100010	3	1
6789	-6.6	1100000000100100	3	2
6790	-6.6	1100000000100100	3	2
6800	-6.6	1100000000100110	3	1
6803	-6.6	1100000001100100	3	2
6809	-6.6	1100000001000110	3	1
6814	-6.6	1100000000111010	3	1
6817	-6.6	1100000001011100	3	1
6820	-6.6	1100000001011010	3	1
6821	-6.6	1100000001100110	3	1
6836	-6.6	1100000001100110	4	1
6845	-6.6	0000010000000101	3	1
6850	-6.6	0000010000100001	3	1
6851	-6.6	0000010001000001	3	1
6852	-6.6	0000010001100001	3	1
6882	-6.6	0000010001011001	3	1
6883	-6.6	0000010001100101	3	1
6887	-4.9	1100000000100000	4	2
6888	-6.6	0000011000000101	3	1
6895	-6.6	0000011000100001	3	1
6896	-6.6	0000011001000001	3	1
6902	-6.6	0000001110000001	4	2
6915	-6.6	1100000001100110	4	1
6922	-6.6	1100000000100000	4	2
6935	-8.6	1100000000011000	4	2
6992	-8.6	1100000000100100	4	2
7008	-8.6	1100000001000010	4	1
7023	-8.6	1100000001011010	4	1
7025	-8.6	0000001110100101	4	2
7029	-8.3	1100000001100110	4	1
7030	-8.6	1100000001100110	4	1
7033	-8.6	1100000001111110	4	1
7055	-6.6	0000010110000001	3	1
7063	-6.6	0000010110000001	5	1
7070	-6.6	0000010110000101	3	1
7087	-6.6	0000001110000100	4	2
7088	-6.6	0000001110000010	4	2
7089	-6.6	0000001110000110	4	2
7135	-8.3	1100000000100000	3	1
7136	-8.3	1100000001100000	3	1
7138	-8.3	1100000000000100	3	2
7147	-8.3	1100000000000110	3	1
7151	-8.3	1100000000011000	3	2
7153	-8.6	1100000000011000	3	2
7159	-8.3	1100000000011010	3	1
7163	-8.3	1100000001011000	3	2
7174	-8.3	1100000000011100	3	2
7177	-8.3	1100000000111000	3	2
7199	-8.3	1100000000100010	3	1
7202	-8.3	1100000001000100	3	2
7206	-8.3	1100000001000010	3	1
7207	-8.3	1100000001100010	3	1
7208	-8.3	1100000000100100	3	2
7210	-8.6	1100000000100100	3	2
7218	-8.3	1100000000100110	3	1
7221	-8.3	1100000001100100	3	2
7225	-8.3	1100000001000110	3	1
7226	-8.6	1100000001000010	3	1
7229	-8.3	1100000000111010	3	1
7232	-8.3	1100000001011100	3	2
7235	-8.3	1100000001011010	3	1
7236	-8.3	1100000001100110	3	1
7241	-8.6	1100000001011010	3	1
7248	-8.6	1100000001100110	3	1
7251	-8.6	1100000001111110	3	1
7252	-6.6	0000010000100000	4	1
7261	-6.6	0000010000000101	3	1
7262	-6.6	0000010000000101	3	1
7264	-8.3	0000010000000101	3	1
7270	-6.6	0000010000000111	3	1
7281	-6.6	0000010000100001	3	1
7282	-6.6	0000010001000001	3	1
7283	-6.6	0000010000100001	3	1
7284	-6.6	0000010001000001	3	1
7285	-6.6	0000010001100001	3	1
7313	-8.3	0000010000100001	3	1
7314	-8.3	0000010001000001	3	1
7315	-8.3	0000010001100001	3	1
7336	-6.6	0000010000100011	3	1
7346	-6.6	0000010000100101	3	1
7349	-8.3	0000010000100101	3	1
7356	-6.6	0000010001000101	3	1
7357	-6.6	0000010001000011	3	1
7359	-8.3	0000010001000101	3	1
7360	-8.3	0000010001000011	3	1
7365	-6.6	0000010001100011	3	1
7374	-6.6	0000010001011001	3	1
7375	-6.6	0000010001011001	3	1
7376	-6.6	0000010001100101	3	1
7380	-6.6	0000010001011011	3	1
7383	-8.3	0000010001100101	3	1
7390	-6.6	0000010001100111	3	1
7392	-6.6	0000010001111001	3	1
7403	-6.6	0000011000000101	3	1
7404	-6.6	0000011000000101	3	1
7406	-8.3	0000011000000101	3	1
7412	-6.6	0000011000000111	3	1
7423	-6.6	0000011000100001	3	1
7424	-6.6	0000011001000001	3	1
7425	-6.6	0000011000100001	3	1
7426	-6.6	0000011001000001	3	1
7435	-6.6	0000001110000001	4	2
7437	-6.6	0000001110000001	4	2
7455	-8.3	0000011000100001	3	1
7456	-8.3	0000011001000001	3	1
7457	-8.3	0000011001100001	3	1
7467	-6.6	0000001110000101	4	2
7468	-6.6	0000001110000011	4	2
7472	-6.9	0000001110000001	4	2
7478	-6.6	0000011000100011	3	1
7488	-6.6	0000011000100101	3	1
7491	-8.3	0000011000100101	3	1
7498	-6.6	0000011001000101	3	1
7499	-6.6	0000011001000011	3	1
7501	-8.3	0000011001000101	3	1
7502	-8.3	0000011001000011	3	1
7525	-8.3	0000011001100101	3	1
7528	-6.9	0000001110100101	4	2
7534	-6.9	0000001110011001	4	2
7559	-6.6	0000001100000101	3	2
7567	-6.6	0000001100000111	3	2
7582	-6.6	0000001110000001	3	2
7583	-6.6	0000001100100001	3	2
7584	-6.6	0000001101000001	3	2
7594	-6.6	0000001110000001	5	1
7596	-6.6	0000001110000001	5	1
7602	-6.6	0000001110000101	3	2
7619	-6.6	0000001110000011	3	2
7634	-6.6	0000001110000101	5	1
7635	-6.6	0000001110000011	5	1
7639	-8.3	0000001110000001	5	1
7642	-6.6	0000001110000111	3	2
7646	-8.3	0000001110000111	3	2
7661	-6.6	0000001100100011	3	2
7677	-6.6	0000001100100101	3	2
7694	-6.6	0000001101000101	3	2
7695	-6.6	0000001101000011	3	2
7724	-8.3	0000001110100101	5	1
7732	-8.3	0000001110011001	5	1
7736	-6.6	0000001100100000	4	2
7744	-8.3	0000001101100110	4	2
7747	-4.6	0010000000000100	6	2
7748	-4.6	0010000000000100	6	2
7909	-4.6	0010000000000100	6	2
8055	-4.9	0010000001011001	4	2
8061	-6.6	0010000000000101	3	2
8066	-6.6	0010000000100001	3	1
8067	-6.6	0010000001000001	3	1
8068	-6.6	0010000001100001	3	1
8098	-6.6	0010000001011001	3	2
8099	-6.6	0010000001100101	3	2
8102	-6.6	0010000000000100	4	2
8106	-6.6	0010000000000101	3	2
8107	-6.6	0010000000000101	3	2
8109	-8.3	0010000000000101	3	2
8115	-6.6	0010000000000111	3	2
8126	-6.6	0010000000100001	3	1
8127	-6.6	0010000001000001	3	1
8128	-6.6	0010000000100001	3	1
8129	-6.6	0010000001000001	3	1
8130	-6.6	0010000001100001	3	1
8158	-8.3	0010000000100001	3	1
8159	-8.3	0010000001000001	3	1
8160	-8.3	0010000001100001	3	1
8181	-6.6	0010000000100011	3	2
8191	-6.6	0010000000100101	3	2
8194	-8.3	0010000000100101	3	2
8201	-6.6	0010000001000101	3	2
8202	-6.6	0010000001000011	3	2
8204	-8.3	0010000001000101	3	2
8205	-8.3	0010000001000011	3	2
8210	-6.6	0010000001100011	3	2
8219	-6.6	0010000001011001	3	2
8220	-6.6	0010000001011001	3	2
8221	-6.6	0010000001100101	3	2
8225	-6.6	0010000001011011	3	2
8228	-8.3	0010000001100101	3	2
8235	-6.6	0010000001100111	3	2
8237	-6.6	0010000001111001	3	2
8243	-6.6	0010000011100000	4	2
8247	-4.9	0010000001011001	4	2
8250	-6.6	0010000011100110	4	2
8252	-6.6	0010000000000100	6	2
8382	-6.6	0010000001100110	4	2
8393	-4.9	0000010000000101	4	2
8398	-6.6	0000010010100000	4	2
8399	-4	0011011	0	0
8404	-6.6	0000010011100000	4	2
8411	-6.6	0000010000011000	4	2
8412	-4.3	0011011	0	0
8413	-4.9	0000010000011001	4	2
8419	-6.6	0000010010011000	4	2
8425	-4.9	0000010000100001	4	2
8426	-4.9	0000010001000001	4	2
8427	-4.9	0000010010000001	4	1
8439	-6.6	0000010000100001	4	2
8440	-6.6	0000010001000001	4	2
8441	-6.6	0000010001100001	4	2
8469	-4.9	0000010010000101	4	1
8470	-4.9	0000010010000011	4	1
8484	-6.6	0000010010000100	4	2
8485	-6.6	0000010010000010	4	2
8486	-6.6	0000010010000110	4	2
8496	-4.9	0000010000100011	4	2
8498	-6.6	0000010000100011	4	2
8504	-6.6	0000010011000100	4	2
8509	-6.6	0000010000100100	4	2
8511	-4.9	0000010000100101	4	2
8514	-6.6	0000010000100101	4	2
8523	-6.6	0000010010100100	4	2
8528	-4.9	0000010001000101	4	2
8529	-4.9	0000010001000011	4	2
8540	-6.6	0000010001000101	4	2
8541	-6.6	0000010001000011	4	2
8542	-6.6	0000010001000010	4	2
8543	-6.6	0000010010100010	4	2
8544	-6.6	0000010011000010	4	2
8554	-6.6	0000010001100011	4	2
8559	-6.6	0000010011000110	4	2
8561	-4.9	0000010001011001	4	2
8567	-6.6	0000010001011010	4	2
8570	-6.6	0000010010100101	4	2
8571	-6.6	0000010001100101	4	2
8578	-6.6	0000010010100110	4	2
8580	-6.6	0000010001100110	4	2
8582	-6.6	0000010011100110	4	2
8584	-6.6	0000010001111110	4	2
8587	-6.6	0000010000100000	6	2
8715	-6.6	0000010001100110	4	2
8781	-4.9	1010000001100110	4	1
8782	-6.3	1010000000000101	6	1
8783	-6.6	1010000000000110	3	1
8786	-6.6	1010000000000110	3	1
8791	-6.6	1010000000011000	3	2
8792	-6.6	1010000000011000	3	2
8810	-6.6	1010000000011010	3	2
8821	-6.6	1010000001011000	3	2
8823	-6.6	1010000000011100	3	2
8824	-6.6	1010000000011100	3	2
8825	-6.6	1010000000111000	3	2
8828	-6.6	1010000000111000	3	2
8844	-6.6	1010000000100010	3	1
8845	-6.6	1010000000100010	3	1
8846	-6.6	1010000001000100	3	2
8849	-6.6	1010000001000100	3	2
8852	-6.6	1010000001000010	3	1
8853	-6.6	1010000001100010	3	1
8854	-6.6	1010000001000010	3	1
8855	-6.6	1010000001100010	3	1
8856	-6.6	1010000000100100	3	2
8857	-6.6	1010000000100100	3	2
8863	-6.6	1010000001000110	3	1
8866	-6.6	1010000000100110	3	1
8867	-6.6	1010000000100110	3	1
8868	-6.6	1010000001100100	3	2
8871	-6.6	1010000001100100	3	2
8875	-6.6	1010000001000110	3	1
8879	-6.6	1010000000111010	3	1
8880	-6.6	1010000001011100	3	2
8882	-6.6	1010000001100110	3	1
8884	-6.6	1010000001011100	3	2
8886	-6.6	1010000001011010	3	1
8887	-6.6	1010000001100110	3	1
8901	-6.3	1010000000000101	6	1
8907	-6.6	1010000000000110	3	1
8914	-6.6	1010000000011000	3	2
8915	-6.6	1010000000011000	3	2
8929	-6.6	1010000000011010	3	2
8936	-6.6	1010000001011000	3	2
8946	-6.6	1010000000011100	3	2
8951	-6.6	1010000000111000	3	2
8971	-6.6	1010000000100010	3	1
8974	-6.6	1010000001000100	3	2
8977	-6.6	1010000001000010	3	1
8978	-6.6	1010000001000010	3	1
8979	-6.6	1010000001100010	3	1
8980	-6.6	1010000000100100	3	2
8981	-6.6	1010000000100100	3	2
8991	-6.6	1010000000100110	3	1
8994	-6.6	1010000001100100	3	2
9000	-6.6	1010000001000110	3	1
9005	-6.6	1010000000111010	3	1
9008	-6.6	1010000001011100	3	2
9011	-6.6	1010000001011010	3	1
9012	-6.6	1010000001100110	3	1
9027	-6.6	1010000001100110	4	1
9037	-6.6	1010000001100110	4	1
9058	-6.6	0000010100011000	4	2
9078	-6.6	0000010110000100	4	1
9079	-6.6	0000010110000010	4	1
9080	-6.6	0000010110000110	4	1
9107	-6.6	0000010110000100	4	1
9108	-6.6	0000010110000010	4	1
9109	-6.6	0000010110000110	4	1
9132	-6.6	0000010110000100	4	1
9133	-6.6	0000010110000010	4	1
9134	-6.6	0000010110000110	4	1
9170	-6.6	0000010100100100	4	2
9188	-6.6	0000010101000010	4	2
9236	-6.6	0000010101100110	4	1
9251	-6.6	0110000000100001	3	1
9252	-6.6	0110000001000001	3	1
9269	-6.6	0110000001011001	3	2
9275	-8.3	1010000000000110	3	1
9279	-8.3	1010000000011000	3	2
9281	-8.6	1010000000011000	3	2
9287	-8.3	1010000000011010	3	2
9291	-8.3	1010000001011000	3	2
9302	-8.3	1010000000011100	3	2
9305	-8.3	1010000000111000	3	2
9327	-8.3	1010000000100010	3	1
9330	-8.3	1010000001000100	3	2
9334	-8.3	1010000001000010	3	1
9335	-8.3	1010000001100010	3	1
9336	-8.3	1010000000100100	3	2
9338	-8.6	1010000000100100	3	2
9346	-8.3	1010000000100110	3	1
9349	-8.3	1010000001100100	3	2
9353	-8.3	1010000001000110	3	1
9354	-8.6	1010000001000010	3	1
9357	-8.3	1010000000111010	3	2
9360	-8.3	1010000001011100	3	2
9363	-8.3	1010000001011010	3	2
9364	-8.3	1010000001100110	3	1
9369	-8.6	1010000001011010	3	2
9376	-8.6	1010000001100110	3	1
9379	-8.6	1010000001111110	3	1
9386	-8.3	0000010111100000	4	2
9408	-6.6	0000010110000001	4	2
9410	-6.6	0000010110000001	4	2
9440	-6.6	0000010110000101	4	2
9441	-6.6	0000010110000011	4	2
9445	-6.9	0000010110000001	4	2
9501	-6.9	0000010110100101	4	2
9506	-8.3	0000010111100110	4	2
9507	-6.9	0000010110011001	4	2
9516	-8.3	0000010101100110	4	2
9532	-4.3	0011011	0	0
9707	-4.6	0110000000000110	6	2
9835	-6.6	0110000000000110	4	2
9837	-6.6	0110000000000111	3	2
9848	-6.6	0110000000100001	3	1
9849	-6.6	0110000001000001	3	1
9850	-6.6	0110000000100001	3	1
9851	-6.6	0110000001000001	3	1
9852	-6.6	0110000001100001	3	1
9880	-8.3	0110000000100001	3	1
9881	-8.3	0110000001000001	3	1
9882	-8.3	0110000001100001	3	1
9903	-6.6	0110000000100011	3	1
9913	-6.6	0110000000100101	3	1
9916	-8.3	0110000000100101	3	1
9923	-6.6	0110000001000101	3	1
9924	-6.6	0110000001000011	3	1
9926	-8.3	0110000001000101	3	1
9927	-8.3	0110000001000011	3	1
9932	-6.6	0110000001100011	3	1
9941	-6.6	0110000001011001	3	2
9942	-6.6	0110000001011001	3	2
9943	-6.6	0110000001100101	3	1
9947	-6.6	0110000001011011	3	2
9950	-8.3	0110000001100101	3	1
9957	-6.6	0110000001100111	3	2
9959	-6.6	0110000001111001	3	2
9962	-6.6	0110000000000110	6	2
10081	-6.6	0110000001100110	4	2
10088	-6.3	1110000000000111	6	1
10093	-6.6	1110000000011000	3	2
10094	-6.6	1110000000011000	3	2
10109	-6.6	1110000000011010	3	2
10116	-6.6	1110000001011000	3	2
10126	-6.6	1110000000011100	3	2
10131	-6.6	1110000000111000	3	2
10151	-6.6	1110000000100010	3	1
10154	-6.6	1110000001000100	3	2
10157	-6.6	1110000001000010	3	1
10158	-6.6	1110000001000010	3	1
10159	-6.6	1110000001100010	3	1
10160	-6.6	1110000000100100	3	2
10161	-6.6	1110000000100100	3	2
10171	-6.6	1110000000100110	3	1
10174	-6.6	1110000001100100	3	2
10180	-6.6	1110000001000110	3	2
10185	-6.6	1110000000111010	3	2
10188	-6.6	1110000001011100	3	2
10191	-6.6	1110000001011010	3	2
10192	-6.6	1110000001100110	3	1
10207	-6.6	1110000001100110	4	2
10241	-8.6	0000011110100101	4	2
10250	-6.6	0000011100011000	4	2
10253	-8.3	0000011100011000	4	2
10259	-8.3	0000011110011000	4	1
10268	-6.9	0000011110000001	4	1
10270	-6.9	0000011110000001	4	1
10286	-6.9	0000011110000001	3	1
10303	-6.9	0000011110000101	3	1
10304	-6.9	0000011110000011	3	1
10308	-6.9	0000011110000101	4	1
10309	-6.9	0000011110000011	4	1
10310	-8.3	0000011110000100	4	1
10311	-8.3	0000011110000010	4	1
10312	-8.3	0000011110000110	4	1
10320	-8.6	0000011110000111	3	2
10349	-8.3	0000011100100100	4	2
10358	-8.3	0000011110100100	4	1
10365	-8.3	0000011101000010	4	2
10366	-8.3	0000011110100010	4	1
10377	-8.3	0000011110011100	4	1
10389	-8.3	0000011110011010	4	1
10395	-8.6	0000011110100101	4	2
10397	-8.3	0000011110100110	4	1
10402	-8.3	0000011101100110	4	1
10404	-8.3	0000011110011110	4	1
10414	-4.6	0001100000011000	6	2
10415	-4.6	0001100000011000	6	2
10442	-4.9	1000000110000100	4	1
10443	-4.9	1000000110000010	4	1
10444	-4.9	1000000110000110	4	1
10481	-4.9	1000000110000100	4	1
10482	-4.9	1000000110000010	4	1
10483	-4.9	1000000110000110	4	1
10559	-4.6	0001100000011000	6	2
10560	-4.6	0001100000011000	6	2
10602	-4.9	1000000110000100	4	1
10603	-4.9	1000000110000010	4	1
10604	-4.9	1000000110000110	4	1
10624	-4.9	1000000110000100	4	1
10625	-4.9	1000000110000010	4	1
10626	-4.9	1000000110000110	4	1
10701	-4.6	0001100000011000	6	2
10754	-4.9	1000000110000100	4	1
10755	-4.9	1000000110000010	4	1
10756	-4.9	1000000110000110	4	1
10825	-4.9	0001100001011001	4	2
10832	-6.6	0001100000100001	3	2
10833	-6.6	0001100001000001	3	2
10834	-6.6	0001100001100001	3	2
10864	-6.6	0001100001011001	3	2
10865	-6.6	0001100001100101	3	2
10868	-6.6	0001100000011000	4	2
10869	-6.6	0001100000011000	4	2
10872	-6.6	0001100001100001	3	2
10873	-6.6	0001100010000001	3	2
10874	-6.6	0001100000100001	3	2
10875	-6.6	0001100001000001	3	2
10876	-6.6	0001100001100001	3	2
10890	-6.6	0001100010000101	3	2
10941	-6.6	0001100001000101	3	2
10942	-6.6	0001100000100011	3	2
10955	-6.6	0001100000100101	3	2
10956	-6.6	0001100000100101	3	2
10970	-6.6	0001100001000101	3	2
10971	-6.6	0001100001000011	3	2
10975	-6.6	0001100001100011	3	2
10976	-6.6	0001100010100011	3	2
10977	-6.6	0001100001100011	3	2
10990	-6.6	0001100001011001	3	2
10991	-6.6	0001100010100101	3	2
10992	-6.6	0001100001100101	3	2
11002	-6.6	0001100001100111	3	2
11004	-6.6	0001100001111001	3	2
11007	-6.6	0001100000011000	4	2
11012	-6.6	0001100000100001	3	2
11013	-6.6	0001100001000001	3	2
11014	-6.6	0001100000100001	3	2
11015	-6.6	0001100001000001	3	2
11016	-6.6	0001100001100001	3	2
11044	-8.3	0001100000100001	3	2
11045	-8.3	0001100001000001	3	2
11046	-8.3	0001100001100001	3	2
11067	-6.6	0001100000100011	3	2
11077	-6.6	0001100000100101	3	2
11080	-8.3	0001100000100101	3	2
11087	-6.6	0001100001000101	3	2
11088	-6.6	0001100001000011	3	2
11090	-8.3	0001100001000101	3	2
11091	-8.3	0001100001000011	3	2
11096	-6.6	0001100001100011	3	2
11105	-6.6	0001100001011001	3	2
11106	-6.6	0001100001011001	3	2
11107	-6.6	0001100001100101	3	2
11111	-6.6	0001100001011011	3	2
11114	-8.3	0001100001100101	3	2
11121	-6.6	0001100001100111	3	2
11123	-6.6	0001100001111001	3	2
11129	-4.9	0001100001011001	4	2
11132	-6.6	0001100011100110	4	2
11134	-6.6	0001100000011000	6	2
11135	-6.6	0001100000011000	6	2
11275	-6.6	0001100000011000	6	2
11385	-6.6	0001100001100110	4	2
11392	-4.9	0001100000011001	4	2
11395	-6.6	0001100001011001	4	2
11396	-6.6	0001100010100110	4	2
11398	-8.3	0001100011100110	4	2
11399	-8.6	0001100011111111	4	2
11400	-8.6	0001100000011000	4	2
11420	-8.6	0001100000100001	4	2
11421	-8.6	0001100001000001	4	2
11422	-8.6	0001100001100001	4	2
11434	-8.6	0001100000100001	3	2
11435	-8.6	0001100001000001	3	2
11436	-8.6	0001100001100001	3	2
11458	-8.6	0001100000100011	4	2
11469	-8.6	0001100000100101	4	2
11470	-8.6	0001100000100101	3	2
11480	-8.6	0001100001000101	3	2
11481	-8.6	0001100001000011	3	2
11483	-8.6	0001100001000101	4	2
11484	-8.6	0001100001000011	4	2
11491	-8.6	0001100001100011	4	2
11503	-8.6	0001100001100101	4	2
11504	-8.6	0001100001100101	3	2
11509	-8.3	0001100001100110	4	2
11532	-4.9	0001100100011001	4	2
11578	-4.9	1001100010000100	4	2
11579	-4.9	1001100010000010	4	1
11580	-4.9	1001100010000110	4	2
11601	-4.9	1001100000100100	4	2
11621	-4.9	1001100001000010	4	1
11630	-4.9	1001100010011100	4	2
11637	-4.9	1001100000111100	4	2
11643	-4.9	1001100010011010	4	2
11645	-4.9	1001100001011010	4	2
11652	-4.9	1001100001100110	4	2
11654	-4.9	1001100010011110	4	2
11657	-6.3	1000010000100001	6	1
11668	-6.6	1000010000011010	3	1
11679	-6.6	1000010001011000	3	1
11681	-6.6	1000010000011100	3	1
11682	-6.6	1000010000011100	3	1
11683	-6.6	1000010000111000	3	1
11686	-6.6	1000010000111000	3	1
11702	-6.6	1000010000100010	3	1
11703	-6.6	1000010000100010	3	1
11704	-6.6	1000010001000100	3	1
11707	-6.6	1000010001000100	3	1
11709	-6.6	1000010001000010	3	1
11710	-6.6	1000010001100010	3	1
11711	-6.6	1000010001000010	3	1
11712	-6.6	1000010001100010	3	1
11713	-6.6	1000010000100100	3	1
11714	-6.6	1000010000100100	3	1
11720	-6.6	1000010001000110	3	1
11723	-6.6	1000010000100110	3	1
11724	-6.6	1000010000100110	3	1
11725	-6.6	1000010001100100	3	1
11728	-6.6	1000010001100100	3	1
11732	-6.6	1000010001000110	3	1
11736	-6.6	1000010000111010	3	1
11737	-6.6	1000010001011100	3	1
11739	-6.6	1000010001100110	3	1
11741	-6.6	1000010001011100	3	1
11743	-6.6	1000010001011010	3	1
11744	-6.6	1000010001100110	3	1
11759	-6.3	1000001001000001	6	1
11769	-6.6	1000001000011010	3	1
11780	-6.6	1000001001011000	3	1
11782	-6.6	1000001000011100	3	1
11783	-6.6	1000001000011100	3	1
11784	-6.6	1000001000111000	3	1
11787	-6.6	1000001000111000	3	1
11802	-6.6	0001100110000001	5	2
11803	-6.6	1000001000100010	3	1
11804	-6.6	1000001000100010	3	1
11805	-6.6	1000001001000100	3	1
11808	-6.6	1000001001000100	3	1
11810	-6.6	1000001001000010	3	1
11811	-6.6	1000001001100010	3	1
11812	-6.6	1000001001000010	3	1
11813	-6.6	1000001001100010	3	1
11814	-6.6	1000001000100100	3	1
11815	-6.6	1000001000100100	3	1
11821	-6.6	1000001001000110	3	1
11824	-6.6	1000001000100110	3	1
11825	-6.6	1000001000100110	3	1
11826	-6.6	1000001001100100	3	1
11829	-6.6	1000001001100100	3	1
11833	-6.6	1000001001000110	3	1
11837	-6.6	1000001000111010	3	1
11838	-6.6	1000001001011100	3	1
11840	-6.6	1000001001100110	3	1
11842	-6.6	1000001001011100	3	1
11844	-6.6	1000001001011010	3	1
11845	-6.6	1000001001100110	3	1
11857	-6.6	0001100110011001	5	2
11867	-6.6	0001100110000001	4	2
11868	-6.6	1000011000011100	3	1
11869	-6.6	1000011000111000	3	1
11870	-6.6	1000011000100010	3	1
11871	-6.6	1000011001000100	3	1
11872	-6.6	1000011001000010	3	1
11873	-6.6	1000011000100100	3	1
11878	-6.6	1001100001100110	4	2
11880	-6.6	0001100110000001	4	2
11889	-6.6	0001100110000101	4	2
11893	-6.6	1000011001000010	3	1
11895	-6.6	1000011000100100	3	1
11899	-6.3	1000000110000001	6	1
11908	-6.6	1000000110000100	4	1
11909	-6.6	1000000110000010	4	1
11910	-6.6	1000000110000110	4	1
11918	-6.6	1000000110000100	3	1
11919	-6.6	1000000110000110	3	1
11946	-6.6	1000000101000010	3	1
11947	-6.6	1000000110100010	3	1
11948	-6.6	1000000100100100	3	1
11952	-6.6	1000000110100100	3	1
11965	-6.6	1000000101100110	3	1
11968	-6.6	1000000110100110	4	1
11975	-6.6	1000000101100110	4	1
11979	-6.3	1000010000100001	6	1
11986	-6.6	1000010000011010	3	1
11993	-6.6	1000010001011000	3	1
12003	-6.6	1000010000011100	3	1
12008	-6.6	1000010000111000	3	1
12028	-6.6	1000010000100010	3	1
12031	-6.6	1000010001000100	3	1
12034	-6.6	1000010001000010	3	1
12035	-6.6	1000010001000010	3	1
12036	-6.6	1000010001100010	3	1
12037	-6.6	1000010000100100	3	1
12038	-6.6	1000010000100100	3	1
12048	-6.6	1000010000100110	3	1
12051	-6.6	1000010001100100	3	1
12057	-6.6	1000010001000110	3	1
12062	-6.6	1000010000111010	3	1
12065	-6.6	1000010001011100	3	1
12068	-6.6	1000010001011010	3	1
12069	-6.6	1000010001100110	3	1
12084	-6.6	1000010001100110	4	1
12091	-6.3	1000001001000001	6	1
12097	-6.6	1000001000011010	3	1
12104	-6.6	1000001001011000	3	1
12114	-6.6	1000001000011100	3	1
12119	-6.6	1000001000111000	3	1
12137	-6.6	0001100110000001	5	2
12139	-6.6	1000001000100010	3	1
12142	-6.6	1000001001000100	3	1
12145	-6.6	1000001001000010	3	1
12146	-6.6	1000001001000010	3	1
12147	-6.6	1000001001100010	3	1
12148	-6.6	1000001000100100	3	1
12149	-6.6	1000001000100100	3	1
12159	-6.6	1000001000100110	3	1
12162	-6.6	1000001001100100	3	1
12168	-6.6	1000001001000110	3	1
12173	-6.6	1000001000111010	3	1
12176	-6.6	1000001001011100	3	1
12179	-6.6	1000001001011010	3	1
12180	-6.6	1000001001100110	3	1
12195	-6.6	1000001001100110	4	1
12199	-6.6	0001100110011001	5	2
12202	-6.6	0001100110011000	4	2
12207	-6.6	1000011000011010	3	1
12210	-6.6	0001100110000001	4	2
12212	-6.6	0001100110000001	4	2
12224	-6.6	1000011000011100	3	1
12229	-6.6	1000011000111000	3	1
12242	-6.6	0001100110000101	4	2
12243	-6.6	0001100110000011	4	2
12247	-6.9	0001100110000001	4	2
12249	-6.6	1000011000100010	3	1
12252	-6.6	1000011001000100	3	1
12255	-6.6	1000011001000010	3	1
12256	-6.6	1000011001000010	3	1
12258	-6.6	1000011000100100	3	1
12259	-6.6	1000011000100100	3	1
12269	-6.6	1000011000100110	3	1
12278	-6.6	1000011001000110	3	1
12283	-6.6	1000011000111010	3	1
12291	-6.6	0001100110011001	4	2
12292	-6.6	0001100110011001	4	2
12297	-6.6	0001100110011101	4	2
12303	-6.9	0001100110100101	4	2
12308	-8.3	0001100111100110	4	2
12309	-6.9	0001100110011001	4	2
12311	-8.6	0001100111111111	4	2
12316	-8.3	0001100101100110	4	2
12319	-4.6	0101100000011010	6	2
12321	-4.6	0101100000011010	6	2
12333	-4.9	1010000110000100	4	2
12334	-4.9	1010000110000010	4	1
12335	-4.9	1010000110000110	4	1
12372	-4.9	1010000110000100	4	2
12373	-4.9	1010000110000010	4	1
12374	-4.9	1010000110000110	4	1
12457	-4.9	1100000110000100	4	2
12458	-4.9	1100000110000010	4	1
12459	-4.9	1100000110000110	4	1
12468	-4.9	1010000110000100	4	2
12469	-4.9	1010000110000010	4	1
12470	-4.9	1010000110000110	4	1
12481	-4.6	0101100000011010	6	2
12521	-4.9	1010000110000100	4	2
12522	-4.9	1010000110000010	4	1
12523	-4.9	1010000110000110	4	1
12589	-4.6	0100010000100010	6	1
12598	-4.9	0010000110000001	4	1
12603	-4.9	0010000110000001	4	1
12629	-4.6	0100010000100010	6	1
12637	-4.9	0010000110000101	4	2
12638	-4.9	0010000110000011	4	2
12706	-6.6	0010000110100101	4	2
12717	-4.6	0010010000100100	6	2
12725	-4.9	0100000110000001	4	1
12730	-4.9	0100000110000001	4	1
12757	-4.6	0010010000100100	6	2
12764	-4.9	0100000110000101	4	1
12765	-4.9	0100000110000011	4	1
12833	-6.6	0100000110100101	4	1
12848	-4.9	0110000110000001	4	1
12888	-6.6	0110000110100101	4	1
12898	-4.9	1000000110000100	4	1
12899	-4.9	1000000110000010	4	1
12900	-4.9	1000000110000110	4	1
12902	-4.9	1000000110000100	4	1
12903	-4.9	1000000110000010	4	1
12904	-4.9	1000000110000110	4	1
12905	-6.6	1000000110000100	4	1
12906	-6.6	1000000110000010	4	1
12907	-6.6	1000000110000110	4	1
12912	-6.6	1000000110011100	4	1
12913	-6.6	1000000111000110	4	1
12926	-6.6	1000010110000100	4	1
12927	-6.6	1000010110000010	4	1
12928	-6.6	1000010110000110	4	1
12946	-6.6	0101100000011010	4	2
12969	-8.3	0101100000100001	3	1
12970	-8.3	0101100001000001	3	1
12971	-8.3	0101100001100001	3	1
12992	-6.6	0101100000100011	3	1
13002	-6.6	0101100000100101	3	2
13005	-8.3	0101100000100101	3	2
13012	-6.6	0101100001000101	3	2
13013	-6.6	0101100001000011	3	1
13015	-8.3	0101100001000101	3	2
13016	-8.3	0101100001000011	3	1
13021	-6.6	0101100001100011	3	1
13030	-6.6	0101100001011001	3	2
13031	-6.6	0101100001011001	3	2
13032	-6.6	0101100001100101	3	2
13036	-6.6	0101100001011011	3	2
13039	-8.3	0101100001100101	3	2
13046	-6.6	0101100001100111	3	2
13048	-6.6	0101100001111001	3	2
13054	-4.9	0010000110000001	4	1
13059	-4.9	0010000110000001	4	1
13093	-4.9	0010000110000101	4	2
13094	-4.9	0010000110000011	4	2
13098	-6.6	0010000110000001	5	1
13162	-6.6	0010000110100101	4	2
13165	-6.6	0010000110100101	5	2
13170	-6.6	0010000110011001	5	2
13175	-4.9	0100000110000001	4	1
13180	-4.9	0100000110000001	4	1
13214	-4.9	0100000110000101	4	1
13215	-4.9	0100000110000011	4	1
13219	-6.6	0100000110000001	5	1
13283	-6.6	0100000110100101	4	1
13286	-6.6	0100000110100101	5	1
13291	-6.6	0100000110011001	5	1
13294	-4.9	0110000110000001	4	1
13334	-6.6	0110000110100101	4	1
13336	-4.9	1000000110000001	4	1
13338	-6.6	1000000110000100	4	1
13339	-6.6	1000000110000010	4	1
13340	-6.6	1000000110000110	4	1
13341	-4.9	1000000110000001	4	1
13351	-6.6	1000000110000100	5	1
13352	-6.6	1000000110000110	5	1
13367	-4.9	1000000110000100	4	1
13368	-4.9	1000000110000010	4	1
13369	-4.9	1000000110000110	4	1
13372	-4.9	1000000110000100	4	1
13373	-4.9	1000000110000010	4	1
13374	-4.9	1000000110000110	4	1
13377	-6.6	1000000110000100	4	1
13378	-6.6	1000000110000010	4	1
13379	-6.6	1000000110000110	4	1
13391	-6.6	1000000111000100	4	1
13393	-6.6	1000000110100010	5	1
13395	-6.6	1000000111000100	4	1
13405	-6.6	1000000110100100	5	1
13410	-6.6	1000000110100100	4	1
13413	-6.6	1000000111000010	4	1
13415	-6.6	1000000110100010	4	1
13416	-6.6	1000000111000010	4	1
13423	-6.6	1000000110011100	4	1
13427	-6.6	1000000111000110	4	1
13433	-6.6	1000000111000110	4	1
13436	-6.6	1000000110011010	4	1
13438	-6.6	1000000110011010	4	1
13441	-6.6	1000000110100110	4	1
13446	-6.6	1000000110100110	4	1
13450	-6.6	1000000110011110	4	1
13451	-6.9	1000000111100110	4	1
13470	-6.6	0101100000011010	6	2
13564	-6.6	0101100001100110	4	2
13574	-6.6	0010000110000101	4	2
13575	-6.6	0010000110000100	4	2
13576	-6.6	0010000110000010	4	2
13577	-6.6	0010000110000110	4	2
13592	-6.6	0010000111000100	4	2
13598	-6.6	0010000110100100	4	2
13600	-6.6	0010000110100010	4	2
13601	-6.6	0010000111000010	4	2
13603	-6.6	0010000110100011	4	2
13604	-6.6	0010000111000011	4	2
13605	-6.6	0010000111000110	4	2
13606	-6.6	0010000110011001	4	2
13607	-6.6	0010000110100101	4	2
13608	-6.6	0010000110100101	4	2
13609	-6.6	0010000110100110	4	2
13610	-8.3	0010000110100101	4	2
13611	-6.6	1000010001100110	4	1
13615	-6.6	0100000110000101	4	1
13616	-6.6	0100000110000100	4	2
13617	-6.6	0100000110000010	4	1
13618	-6.6	0100000110000110	4	1
13633	-6.6	0100000111000100	4	2
13639	-6.6	0100000110100100	4	2
13641	-6.6	0100000110100010	4	1
13642	-6.6	0100000111000010	4	1
13644	-6.6	0100000110100011	4	1
13645	-6.6	0100000111000011	4	1
13646	-6.6	0100000111000110	4	1
13647	-6.6	0100000110011001	4	1
13648	-6.6	0100000110100101	4	1
13649	-6.6	0100000110100101	4	1
13650	-6.6	0100000110100110	4	1
13651	-8.3	0100000110100101	4	1
13652	-6.6	1000001001100110	4	1
13656	-6.6	0110000110000101	4	1
13657	-6.6	0110000110000100	4	2
13658	-6.6	0110000110000010	4	1
13659	-6.6	0110000110000110	4	2
13674	-6.6	0110000111000100	4	2
13680	-6.6	0110000110100100	4	2
13682	-6.6	0110000110100010	4	1
13683	-6.6	0110000111000010	4	1
13684	-6.6	0110000110100011	4	1
13685	-6.6	0110000111000011	4	1
13686	-6.6	0110000111000110	4	2
13687	-6.6	0110000110011001	4	2
13688	-6.6	0110000110100101	4	1
13689	-6.6	0110000110100101	4	1
13690	-6.6	0110000110100110	4	2
13691	-8.3	0110000110100101	4	1
13692	-4.9	1000000110000001	4	1
13701	-4.9	1000000110000100	4	1
13702	-4.9	1000000110000010	4	1
13705	-4.9	1000000110000100	4	1
13706	-4.9	1000000110000010	4	1
13714	-4.9	1000000110000100	4	1
13715	-4.9	1000000110000010	4	1
13716	-4.9	1000000110000110	4	1
13719	-4.9	1000000110000100	4	1
13720	-4.9	1000000110000010	4	1
13721	-4.9	1000000110000110	4	1
13724	-6.6	1000000110000100	4	1
13725	-6.6	1000000110000010	4	1
13726	-6.6	1000000110000110	4	1
13737	-6.6	1000000111000100	4	1
13748	-6.6	1000000110100100	4	1
13751	-6.6	1000000110100010	4	1
13752	-6.6	1000000111000010	4	1
13762	-6.6	1000000110011100	4	1
13770	-6.6	1000000111000110	4	1
13773	-6.6	1000000110011010	4	1
13782	-6.6	1000000110100110	4	1
13785	-6.6	1000000101100110	4	1
13787	-6.6	1000000110011110	4	1
13788	-6.9	1000000111100110	4	1
13792	-6.6	0001101001011000	6	2
13823	-6.6	1000010110000100	4	1
13824	-6.6	1000010110000010	4	1
13825	-6.6	1000010110000110	4	1
13891	-6.6	0001101001011000	4	2
13907	-8.3	0001101000100001	3	2
13908	-8.3	0001101001000001	3	2
13909	-8.3	0001101001100001	3	2
13921	-6.6	1000001110000100	4	1
13922	-6.6	1000001110000010	4	1
13923	-6.6	1000001110000110	4	1
13930	-6.6	0001101000100011	3	2
13940	-6.6	0001101000100101	3	2
13943	-8.3	0001101000100101	3	2
13950	-6.6	0001101001000101	3	2
13951	-6.6	0001101001000011	3	2
13953	-8.3	0001101001000101	3	2
13954	-8.3	0001101001000011	3	2
13968	-6.6	0001101001011001	3	2
13969	-6.6	0001101001011001	3	2
13974	-6.6	0001101001011011	3	2
13977	-8.3	0001101001100101	3	2
14276	-6.3	1010000110000101	6	1
14280	-6.6	1010000110000100	3	2
14281	-6.6	1010000110000110	3	1
14308	-6.6	1010000101000010	3	1
14309	-6.6	1010000110100010	3	1
14310	-6.6	1010000100100100	3	2
14314	-6.6	1010000110100100	3	2
14327	-6.6	1010000101100110	3	1
14330	-6.6	1010000110100110	4	1
14337	-6.6	1010000101100110	4	1
14341	-6.6	0010000110000100	6	2
14394	-6.6	0010000110100110	4	2
14401	-6.6	0010000101100110	4	2
14405	-6.6	0100000110000010	6	1
14457	-6.6	0100000110100110	4	1
14464	-6.6	0100000101100110	4	1
14468	-6.6	0110000110000110	6	2
14519	-6.6	0110000110100110	4	2
14526	-6.6	1101100001100110	4	2
14530	-6.6	0010000110000100	4	2
14574	-6.6	0010000110100011	3	2
14578	-6.6	0010000110100101	3	2
14579	-6.6	0010000110100101	5	2
14581	-6.6	0010000110100111	3	2
14591	-6.6	0110000110000110	4	2
14634	-6.6	0110000110100011	3	1
14638	-6.6	0110000110100101	3	1
14639	-6.6	0110000110100101	5	1
14641	-6.6	0110000110100111	3	2
14688	-8.6	1000010000100100	4	1
14704	-8.6	1000010001000010	4	1
14719	-8.6	1000010001011010	4	1
14721	-8.6	0010000110100101	4	2
14725	-8.3	1000010001100110	4	1
14726	-8.6	1000010001100110	4	1
14729	-8.6	1000010001111110	4	1
14767	-8.6	1000001000100100	4	1
14783	-8.6	1000001001000010	4	1
14798	-8.6	1000001001011010	4	1
14800	-8.6	0100000110100101	4	1
14804	-8.3	1000001001100110	4	1
14805	-8.6	1000001001100110	4	1
14808	-8.6	1000001001111110	4	1
14834	-6.9	0001101110000001	4	2
14846	-8.6	1000011000100100	4	1
14862	-8.6	1000011001000010	4	1
14877	-8.6	1000011001011010	4	1
14879	-8.6	0110000110100101	4	1
14883	-8.3	1000011001100110	4	1
14884	-8.6	1000011001100110	4	1
14886	-6.9	0001101110011001	4	2
14887	-8.6	1000011001111110	4	1
14888	-4.6	0011100000011100	6	2
14889	-4.6	0011100000011100	6	2
14900	-4.9	1100000110000100	4	2
14901	-4.9	1100000110000010	4	1
14902	-4.9	1100000110000110	4	1
14922	-4.9	1100000110000100	4	2
14923	-4.9	1100000110000010	4	1
14924	-4.9	1100000110000110	4	1
14999	-4.6	0011100000011100	6	2
15023	-4.9	1100000110000100	4	2
15024	-4.9	1100000110000010	4	1
15025	-4.9	1100000110000110	4	1
15091	-4.6	0100010000100010	6	1
15099	-4.9	0010000110000101	4	2
15113	-4.6	0100010000100010	6	1
15121	-4.9	0010000110000101	4	2
15122	-4.9	0010000110000011	4	2
15200	-4.6	0010010000100100	6	2
15207	-4.9	0100000110000101	4	1
15222	-4.6	0010010000100100	6	2
15229	-4.9	0100000110000101	4	1
15230	-4.9	0100000110000011	4	1
15311	-4.9	0110000110000101	4	1
15336	-4.9	0011100001011001	4	2
15341	-4.9	1000000110000001	3	1
15443	-6.9	1000000111100110	3	1
15449	-6.6	0011100001011001	3	2
15450	-6.6	0011100001100101	3	2
15453	-6.6	0011100000011100	4	2
15459	-8.3	0011100000100001	3	1
15460	-8.3	0011100001000001	3	1
15461	-8.3	0011100001100001	3	1
15482	-6.6	0011100000100011	3	2
15492	-6.6	0011100000100101	3	2
15495	-8.3	0011100000100101	3	2
15502	-6.6	0011100001000101	3	2
15503	-6.6	0011100001000011	3	2
15505	-8.3	0011100001000101	3	2
15506	-8.3	0011100001000011	3	2
15511	-6.6	0011100001100011	3	2
15520	-6.6	0011100001011001	3	2
15521	-6.6	0011100001011001	3	2
15522	-6.6	0011100001100101	3	2
15526	-6.6	0011100001011011	3	2
15529	-8.3	0011100001100101	3	2
15536	-6.6	0011100001100111	3	2
15538	-6.6	0011100001111001	3	2
15544	-4.9	0010000110000101	4	2
15566	-4.9	0010000110000101	4	2
15567	-4.9	0010000110000011	4	2
15571	-6.6	0010000110000001	5	1
15637	-6.6	0010000110100101	5	2
15642	-6.6	0010000110011001	5	2
15647	-4.9	0100000110000101	4	1
15669	-4.9	0100000110000101	4	1
15670	-4.9	0100000110000011	4	1
15674	-6.6	0100000110000001	5	1
15740	-6.6	0100000110100101	5	1
15745	-6.6	0100000110011001	5	1
15748	-4.9	0110000110000101	4	1
15773	-4.9	0011100001011001	4	2
15778	-6.6	1010000110000100	4	2
15779	-6.6	1010000110000010	4	1
15780	-6.6	1010000110000110	4	1
15783	-6.6	1010000110011100	4	2
15784	-6.6	1010000111000110	4	1
15787	-6.6	0001110001011001	3	2
15788	-6.6	0001110001100101	3	2
15791	-6.6	0011100000011100	6	2
15869	-6.6	0011100001100110	4	2
15876	-6.6	0010000110000011	4	2
15877	-6.6	0010000110000100	4	2
15878	-6.6	0010000110000010	4	2
15879	-6.6	0010000110000110	4	2
15888	-6.6	0010000111000100	4	2
15892	-6.6	0010000110100010	4	2
15893	-6.6	0010000111000010	4	2
15894	-6.6	0010000110100100	4	2
15896	-6.6	0010000110011100	4	2
15897	-6.6	0010000110100101	4	2
15901	-6.6	0010000110011010	4	2
15902	-6.6	0010000110100110	4	2
15905	-6.6	0100000110000011	4	1
15906	-6.6	0100000110000100	4	2
15907	-6.6	0100000110000010	4	1
15908	-6.6	0100000110000110	4	1
15917	-6.6	0100000111000100	4	2
15921	-6.6	0100000110100010	4	1
15922	-6.6	0100000111000010	4	1
15923	-6.6	0100000110100100	4	2
15925	-6.6	0100000110011100	4	1
15926	-6.6	0100000110100101	4	1
15930	-6.6	0100000110011010	4	1
15931	-6.6	0100000110100110	4	1
15934	-6.6	0110000110000011	4	1
15935	-6.6	0110000110000100	4	2
15936	-6.6	0110000110000010	4	1
15937	-6.6	0110000110000110	4	2
15946	-6.6	0110000111000100	4	2
15950	-6.6	0110000110100010	4	1
15951	-6.6	0110000111000010	4	1
15952	-6.6	0110000110100100	4	2
15954	-6.6	0110000110011100	4	2
15955	-6.6	0110000110100101	4	1
15958	-6.6	0110000110011010	4	2
15959	-6.6	0110000110100110	4	2
15961	-6.6	0001110000111000	6	2
16038	-6.6	0001110001100110	4	2
16045	-6.6	0001110000111000	4	2
16046	-8.3	0001110000100001	3	2
16047	-8.3	0001110001000001	3	2
16048	-8.3	0001110001100001	3	2
16069	-6.6	0001110000100011	3	2
16079	-6.6	0001110000100101	3	2
16082	-8.3	0001110000100101	3	2
16089	-6.6	0001110001000101	3	2
16090	-6.6	0001110001000011	3	2
16092	-8.3	0001110001000101	3	2
16093	-8.3	0001110001000011	3	2
16098	-6.6	0001110001100011	3	2
16107	-6.6	0001110001011001	3	2
16108	-6.6	0001110001011001	3	2
16109	-6.6	0001110001100101	3	2
16113	-6.6	0001110001011011	3	2
16116	-8.3	0001110001100101	3	2
16123	-6.6	0001110001100111	3	2
16125	-6.6	0001110001111001	3	2
16128	-6.3	1100000110000011	6	1
16132	-6.6	1100000110000100	3	2
16133	-6.6	1100000110000110	3	1
16138	-6.6	1100000110100010	3	1
16149	-6.6	1100000110100100	3	2
16157	-6.6	1100000110100110	3	1
16159	-6.6	1100000111000110	4	1
16169	-6.6	1100000101100110	4	1
16173	-6.6	0010000110000100	6	2
16203	-6.6	0010000111000110	4	2
16213	-6.6	0010000101100110	4	2
16217	-6.6	0100000110000010	6	1
16246	-6.6	0100000111000110	4	1
16256	-6.6	0100000101100110	4	1
16260	-6.6	0110000110000110	6	2
16288	-6.6	0110000111000110	4	2
16298	-6.6	1011100001100110	4	2
16302	-6.6	0010000110000100	4	2
16343	-6.6	0110000110000110	4	2
16398	-8.3	1000010000100010	3	1
16401	-8.3	1000010001000100	3	1
16405	-8.3	1000010001000010	3	1
16406	-8.3	1000010001100010	3	1
16407	-8.3	1000010000100100	3	1
16409	-8.6	1000010000100100	3	1
16417	-8.3	1000010000100110	3	1
16420	-8.3	1000010001100100	3	1
16424	-8.3	1000010001000110	3	1
16425	-8.6	1000010001000010	3	1
16428	-8.3	1000010000111010	3	1
16431	-8.3	1000010001011100	3	1
16434	-8.3	1000010001011010	3	1
16435	-8.3	1000010001100110	3	1
16440	-8.6	1000010001011010	3	1
16447	-8.6	1000010001100110	3	1
16450	-8.6	1000010001111110	3	1
16466	-8.3	1000001000100010	3	1
16469	-8.3	1000001001000100	3	1
16473	-8.3	1000001001000010	3	1
16474	-8.3	1000001001100010	3	1
16475	-8.3	1000001000100100	3	1
16477	-8.6	1000001000100100	3	1
16485	-8.3	1000001000100110	3	1
16488	-8.3	1000001001100100	3	1
16492	-8.3	1000001001000110	3	1
16493	-8.6	1000001001000010	3	1
16496	-8.3	1000001000111010	3	1
16499	-8.3	1000001001011100	3	1
16502	-8.3	1000001001011010	3	1
16503	-8.3	1000001001100110	3	1
16508	-8.6	1000001001011010	3	1
16515	-8.6	1000001001100110	3	1
16518	-8.6	1000001001111110	3	1
16534	-8.3	1000011000100010	3	1
16537	-8.3	1000011001000100	3	1
16541	-8.3	1000011001000010	3	1
16542	-8.3	1000011001100010	3	1
16543	-8.3	1000011000100100	3	1
16545	-8.6	1000011000100100	3	1
16553	-8.3	1000011000100110	3	1
16556	-8.3	1000011001100100	3	1
16560	-8.3	1000011001000110	3	1
16561	-8.6	1000011001000010	3	1
16564	-8.3	1000011000111010	3	1
16567	-8.3	1000011001011100	3	1
16570	-8.3	1000011001011010	3	1
16571	-8.3	1000011001100110	3	1
16576	-8.6	1000011001011010	3	1
16583	-8.6	1000011001100110	3	1
16586	-8.6	1000011001111110	3	1
16598	-4.9	1110000110000100	4	2
16599	-4.9	1110000110000010	4	1
16600	-4.9	1110000110000110	4	2
16666	-4.6	0100010000100010	6	1
16674	-4.9	0010000110000101	4	2
16675	-4.9	0010000110000011	4	2
16744	-4.6	0010010000100100	6	2
16751	-4.9	0100000110000101	4	1
16752	-4.9	0100000110000011	4	1
16821	-4.6	0110010000100110	6	1
16827	-4.9	0110000110000101	4	1
16828	-4.9	0110000110000011	4	1
16897	-4.9	1010000110000101	3	1
16968	-6.9	1010000111100110	3	1
16972	-4.9	1100000110000011	3	1
17042	-6.9	1100000111100110	3	1
17049	-4.9	0010000110000101	4	2
17050	-4.9	0010000110000011	4	2
17054	-6.6	0010000110000001	5	1
17110	-6.6	0010000110100101	5	2
17116	-6.6	0010000110011001	5	2
17121	-4.9	0100000110000101	4	1
17122	-4.9	0100000110000011	4	1
17126	-6.6	0100000110000001	5	1
17182	-6.6	0100000110100101	5	1
17188	-6.6	0100000110011001	5	1
17192	-4.9	0110000110000101	4	1
17193	-4.9	0110000110000011	4	1
17197	-6.6	0110000110000001	5	1
17253	-6.6	0110000110100101	5	1
17259	-6.6	0110000110011001	5	2
17262	-4.9	1010000110000101	4	1
17264	-6.6	1010000110000100	4	2
17265	-6.6	1010000110000010	4	1
17266	-6.6	1010000110000110	4	1
17277	-6.6	1010000111000100	4	2
17288	-6.6	1010000110100100	4	2
17291	-6.6	1010000110100010	4	1
17292	-6.6	1010000111000010	4	1
17302	-6.6	1010000110011100	4	2
17310	-6.6	1010000111000110	4	1
17313	-6.6	1010000110011010	4	2
17322	-6.6	1010000110100110	4	1
17325	-6.6	1010000101100110	4	1
17327	-6.6	1010000110011110	4	1
17328	-6.9	1010000111100110	4	1
17332	-4.9	1100000110000011	4	1
17333	-6.6	1100000110000100	4	2
17334	-6.6	1100000110000010	4	1
17335	-6.6	1100000110000110	4	1
17346	-6.6	1100000111000100	4	2
17357	-6.6	1100000110100100	4	2
17360	-6.6	1100000110100010	4	1
17361	-6.6	1100000111000010	4	1
17371	-6.6	1100000110011100	4	2
17379	-6.6	1100000111000110	4	1
17382	-6.6	1100000110011010	4	1
17391	-6.6	1100000110100110	4	1
17394	-6.6	1100000101100110	4	1
17396	-6.6	1100000110011110	4	1
17397	-6.9	1100000111100110	4	1
17401	-6.6	0010000110000100	4	2
17404	-6.9	0010000110000001	4	1
17442	-6.6	0010000110100011	4	2
17443	-6.6	0010000111000011	4	2
17446	-6.6	0010000111000101	4	2
17448	-6.6	0010000110011001	4	2
17449	-6.6	0010000110011001	4	2
17451	-6.6	0010000110100101	4	2
17452	-6.6	0010000110100101	4	2
17454	-6.6	0010000110011101	4	2
17455	-6.6	0010000110100110	4	2
17458	-6.6	0010000110100111	4	2
17460	-6.9	0010000110100101	4	2
17461	-6.6	0010000110100110	4	2
17465	-8.3	0010000111100110	4	2
17466	-6.9	0010000110011001	4	2
17467	-6.9	0010000111100111	4	2
17468	-8.6	0010000111111111	4	2
17469	-6.6	0100000110000010	4	1
17471	-6.9	0100000110000001	4	1
17509	-6.6	0100000110100011	4	1
17510	-6.6	0100000111000011	4	1
17513	-6.6	0100000111000101	4	1
17515	-6.6	0100000110011001	4	1
17516	-6.6	0100000110011001	4	1
17518	-6.6	0100000110100101	4	1
17519	-6.6	0100000110100101	4	1
17521	-6.6	0100000110011101	4	1
17522	-6.6	0100000110100110	4	1
17525	-6.6	0100000110100111	4	1
17527	-6.9	0100000110100101	4	1
17528	-6.6	0100000110100110	4	1
17532	-8.3	0100000111100110	4	1
17533	-6.9	0100000110011001	4	1
17534	-6.9	0100000111100111	4	1
17535	-8.6	0100000111111111	4	1
17536	-6.6	0110000110000110	4	2
17537	-6.9	0110000110000001	4	1
17575	-6.6	0110000110100011	4	1
17576	-6.6	0110000111000011	4	1
17579	-6.6	0110000111000101	4	1
17581	-6.6	0110000110011001	4	2
17582	-6.6	0110000110011001	4	2
17584	-6.6	0110000110100101	4	1
17585	-6.6	0110000110100101	4	1
17587	-6.6	0110000110011101	4	2
17588	-6.6	0110000110100110	4	2
17591	-6.6	0110000110100111	4	2
17593	-6.9	0110000110100101	4	1
17594	-6.6	0110000110100110	4	2
17598	-8.3	0110000111100110	4	2
17599	-6.9	0110000110011001	4	2
17600	-6.9	0110000111100111	4	2
17601	-8.6	0110000111111111	4	2
17602	-6.9	1000000110000001	4	1
17606	-6.6	1000000110100010	5	1
17607	-6.6	1000000111000010	5	1
17610	-6.6	1000000111000100	5	1
17611	-6.6	1000000111000100	5	1
17612	-6.9	1000000111000100	4	1
17619	-6.6	1000000110100100	5	1
17622	-6.6	1000000110100100	5	1
17623	-6.9	1000000110100100	4	1
17626	-6.9	1000000110100010	4	1
17627	-6.9	1000000111000010	4	1
17628	-6.6	1000000110011010	5	1
17629	-6.6	1000000110011100	5	1
17630	-6.6	1000000110100110	5	1
17633	-6.6	1000000111000110	5	1
17637	-6.9	1000000110011100	4	1
17642	-6.9	1000000111011100	4	1
17645	-6.9	1000000111000110	4	1
17648	-6.9	1000000110011010	4	1
17654	-6.9	1000000111011010	4	1
17657	-6.9	1000000110100110	4	1
17660	-6.9	1000000101100110	4	1
17661	-6.9	1000000111100110	4	1
17662	-6.9	1000000110011110	4	1
17666	-8.6	1000000111111111	4	1
17770	-6.6	1110000101100110	4	2
17775	-6.6	0010000101100110	4	2
17780	-6.6	0100000101100110	4	1
17785	-6.6	0110000101100110	4	2
17791	-8.6	1110000111100110	3	2
17805	-8.3	0010000101100110	4	2
17810	-8.3	0100000101100110	4	1
17815	-8.3	0110000101100110	4	2
17820	-8.6	1000000101100110	4	1
17838	-6.6	0100010001011001	3	1
17839	-6.6	0100010001100101	3	1
17842	-6.6	0100010000100010	4	1
17846	-6.6	0100010000100011	3	1
17856	-6.6	0100010000100101	3	1
17859	-8.3	0100010000100101	3	1
17866	-6.6	0100010001000101	3	1
17867	-6.6	0100010001000011	3	1
17869	-8.3	0100010001000101	3	1
17870	-8.3	0100010001000011	3	1
17875	-6.6	0100010001100011	3	1
17884	-6.6	0100010001011001	3	1
17885	-6.6	0100010001011001	3	1
17886	-6.6	0100010001100101	3	1
17890	-6.6	0100010001011011	3	1
17893	-8.3	0100010001100101	3	1
17900	-6.6	0100010001100111	3	1
17902	-6.6	0100010001111001	3	1
17917	-6.6	0010001001011001	3	2
17918	-6.6	0010001001100101	3	2
17921	-6.6	0100010000100010	6	1
17976	-6.6	0100010001100110	4	1
17989	-6.6	0010001001000100	6	2
18043	-6.6	0010001001100110	4	2
18050	-6.6	0010001001000100	4	2
18051	-6.6	0010001000100011	3	2
18061	-6.6	0010001000100101	3	2
18064	-8.3	0010001000100101	3	2
18071	-6.6	0010001001000101	3	2
18072	-6.6	0010001001000011	3	2
18074	-8.3	0010001001000101	3	2
18075	-8.3	0010001001000011	3	2
18080	-6.6	0010001001100011	3	2
18089	-6.6	0010001001011001	3	2
18090	-6.6	0010001001011001	3	2
18091	-6.6	0010001001100101	3	2
18095	-6.6	0010001001011011	3	2
18098	-8.3	0010001001100101	3	2
18105	-6.6	0010001001100111	3	2
18110	-6.6	1010001001000010	3	1
18111	-6.6	1010001000100100	3	2
18114	-6.6	1010001001100110	3	1
18118	-6.3	1100010000100011	6	1
18120	-6.6	1100010001000010	3	1
18121	-6.6	1100010001000010	3	1
18122	-6.6	1100010001100010	3	1
18123	-6.6	1100010000100100	3	2
18124	-6.6	1100010000100100	3	2
18134	-6.6	1100010000100110	3	1
18137	-6.6	1100010001100100	3	2
18143	-6.6	1100010001000110	3	1
18148	-6.6	1100010000111010	3	1
18151	-6.6	1100010001011100	3	1
18154	-6.6	1100010001011010	3	1
18155	-6.6	1100010001100110	3	1
18170	-6.6	1100010001100110	4	1
18183	-6.6	0100001001011001	3	1
18184	-6.6	0100001001100101	3	1
18193	-6.6	1100010001100110	4	1
18234	-8.6	1100010000100100	4	2
18250	-8.6	1100010001000010	4	1
18265	-8.6	1100010001011010	4	1
18267	-8.6	0010001110100101	4	2
18271	-8.3	1100010001100110	4	1
18272	-8.6	1100010001100110	4	1
18275	-8.6	1100010001111110	4	1
18276	-6.6	0100001001000010	4	1
18278	-6.6	0100001001000010	4	1
18285	-6.6	0100001000100101	3	1
18286	-6.6	0100001000100101	3	1
18300	-6.6	0100001001000101	3	1
18301	-6.6	0100001001000011	3	1
18305	-6.6	0100001001100011	3	1
18306	-6.6	0100001010100011	3	1
18307	-6.6	0100001001100011	3	1
18320	-6.6	0100001001011001	3	1
18321	-6.6	0100001010100101	3	1
18322	-6.6	0100001001100101	3	1
18332	-6.6	0100001001100111	3	1
18371	-6.6	0100001001000010	4	1
18378	-6.6	0100001000100101	3	1
18381	-8.3	0100001000100101	3	1
18388	-6.6	0100001001000101	3	1
18389	-6.6	0100001001000011	3	1
18391	-8.3	0100001001000101	3	1
18392	-8.3	0100001001000011	3	1
18397	-6.6	0100001001100011	3	1
18406	-6.6	0100001001011001	3	1
18407	-6.6	0100001001011001	3	1
18408	-6.6	0100001001100101	3	1
18412	-6.6	0100001001011011	3	1
18415	-8.3	0100001001100101	3	1
18422	-6.6	0100001001100111	3	1
18433	-6.6	0100011000100101	3	1
18436	-8.3	0100011000100101	3	1
18443	-6.6	0100011001000101	3	1
18444	-6.6	0100011001000011	3	1
18446	-8.3	0100011001000101	3	1
18447	-8.3	0100011001000011	3	1
18470	-8.3	0100011001100101	3	1
18473	-6.9	0010001110100101	4	2
18479	-6.9	0010001110011001	4	2
18489	-8.3	0010001101100110	4	2
18506	-6.6	0010010001011001	3	2
18507	-6.6	0010010001100101	3	2
18510	-6.6	0010010000100100	4	2
18511	-6.6	0010010000100100	4	2
18514	-6.6	0010010000100101	3	2
18515	-6.6	0010010000100101	3	2
18529	-6.6	0010010001000101	3	2
18530	-6.6	0010010001000011	3	2
18534	-6.6	0010010001100011	3	2
18535	-6.6	0010010010100011	3	2
18536	-6.6	0010010001100011	3	2
18549	-6.6	0010010001011001	3	2
18550	-6.6	0010010010100101	3	2
18551	-6.6	0010010001100101	3	2
18561	-6.6	0010010001100111	3	2
18563	-6.6	0010010001111001	3	2
18566	-6.6	0010010000100100	4	2
18570	-6.6	0010010000100101	3	2
18573	-8.3	0010010000100101	3	2
18580	-6.6	0010010001000101	3	2
18581	-6.6	0010010001000011	3	2
18583	-8.3	0010010001000101	3	2
18584	-8.3	0010010001000011	3	2
18589	-6.6	0010010001100011	3	2
18598	-6.6	0010010001011001	3	2
18599	-6.6	0010010001011001	3	2
18600	-6.6	0010010001100101	3	2
18604	-6.6	0010010001011011	3	2
18607	-8.3	0010010001100101	3	2
18614	-6.6	0010010001100111	3	2
18616	-6.6	0010010001111001	3	2
18619	-6.6	0010010000100100	6	2
18620	-6.6	0010010000100100	6	2
18676	-6.6	0010010000100100	6	2
18720	-6.6	0010010001100110	4	2
18728	-6.6	0010010001011001	4	2
18729	-6.6	0010010010100110	4	2
18731	-8.3	0010010011100110	4	2
18732	-8.6	0010010011111111	4	2
18733	-8.6	0010010000100100	4	2
18736	-8.6	0010010000100101	4	2
18737	-8.6	0010010000100101	3	2
18747	-8.6	0010010001000101	3	2
18748	-8.6	0010010001000011	3	2
18750	-8.6	0010010001000101	4	2
18751	-8.6	0010010001000011	4	2
18758	-8.6	0010010001100011	4	2
18770	-8.6	0010010001100101	4	2
18771	-8.6	0010010001100101	3	2
18776	-8.3	0010010001100110	4	2
18785	-6.6	1010010001100110	3	1
18788	-6.3	1010010000100101	6	1
18794	-6.6	1010010000100110	3	1
18797	-6.6	1010010001100100	3	2
18803	-6.6	1010010001000110	3	1
18808	-6.6	1010010000111010	3	1
18811	-6.6	1010010001011100	3	2
18814	-6.6	1010010001011010	3	1
18815	-6.6	1010010001100110	3	1
18830	-6.6	1010010001100110	4	1
18837	-6.6	0100001001000010	6	1
18843	-6.6	0100001001000010	6	1
18890	-6.6	1010010001100110	4	1
18958	-8.6	1010010001000010	4	1
18973	-8.6	1010010001011010	4	2
18975	-8.6	0010010110100101	4	2
18979	-8.3	1010010001100110	4	1
18980	-8.6	1010010001100110	4	1
18983	-8.6	1010010001111110	4	1
18984	-6.6	0110001001011001	3	2
19038	-8.3	1010010000100110	3	1
19041	-8.3	1010010001100100	3	2
19045	-8.3	1010010001000110	3	1
19046	-8.6	1010010001000010	3	1
19049	-8.3	1010010000111010	3	2
19052	-8.3	1010010001011100	3	2
19055	-8.3	1010010001011010	3	2
19056	-8.3	1010010001100110	3	1
19061	-8.6	1010010001011010	3	2
19068	-8.6	1010010001100110	3	1
19071	-8.6	1010010001111110	3	1
19072	-6.6	0100001001000010	6	1
19110	-6.6	0100001001100110	4	1
19152	-6.9	0010010110100101	4	2
19157	-8.3	0010010111100110	4	2
19158	-6.9	0010010110011001	4	2
19173	-8.3	0010010101100110	4	2
19182	-6.6	0110010001011001	3	1
19187	-6.6	0110010000100110	4	1
19191	-6.6	0110010001000101	3	1
19192	-6.6	0110010001000011	3	1
19194	-8.3	0110010001000101	3	1
19195	-8.3	0110010001000011	3	1
19200	-6.6	0110010001100011	3	1
19209	-6.6	0110010001011001	3	1
19210	-6.6	0110010001011001	3	1
19211	-6.6	0110010001100101	3	1
19215	-6.6	0110010001011011	3	1
19218	-8.3	0110010001100101	3	1
19225	-6.6	0110010001100111	3	1
19227	-6.6	0110010001111001	3	1
19231	-6.6	1010001001100110	4	1
19234	-6.6	1100001001100110	4	1
19235	-6.6	0110010000100110	6	2
19270	-6.6	0110010001100110	4	2
19278	-6.6	0100001001011001	4	1
19279	-6.6	0100001010100110	4	1
19281	-8.3	0100001011100110	4	1
19282	-8.6	0100001011111111	4	1
19315	-6.9	0100010110100101	4	1
19320	-8.3	0100010111100110	4	1
19321	-6.9	0100010110011001	4	1
19325	-6.6	0010011001000101	3	2
19326	-6.6	0010011001000011	3	2
19328	-8.3	0010011001000101	3	2
19329	-8.3	0010011001000011	3	2
19352	-8.3	0010011001100101	3	2
19355	-6.9	0100001110100101	4	1
19361	-6.9	0100001110011001	4	1
19364	-6.3	1010001001000101	6	1
19369	-6.6	1010001001000110	3	1
19374	-6.6	1010001000111010	3	1
19377	-6.6	1010001001011100	3	2
19380	-6.6	1010001001011010	3	1
19381	-6.6	1010001001100110	3	1
19396	-6.6	1010001001100110	4	1
19400	-6.6	0101100110011001	5	2
19403	-6.3	1100001001000011	6	1
19407	-6.6	1100001001000110	3	1
19412	-6.6	1100001000111010	3	1
19415	-6.6	1100001001011100	3	1
19418	-6.6	1100001001011010	3	1
19419	-6.6	1100001001100110	3	1
19434	-6.6	1100001001100110	4	1
19438	-6.6	0011100110011001	5	2
19441	-6.6	0110001001000110	6	2
19471	-6.6	0110001001100110	4	2
19478	-8.3	1010001001000110	3	1
19479	-8.6	1010001001000010	3	1
19482	-8.3	1010001000111010	3	2
19485	-8.3	1010001001011100	3	2
19488	-8.3	1010001001011010	3	2
19489	-8.3	1010001001100110	3	1
19494	-8.6	1010001001011010	3	2
19501	-8.6	1010001001100110	3	1
19504	-8.6	1010001001111110	3	1
19505	-8.3	1100001001000110	3	1
19506	-8.6	1100001001000010	3	1
19509	-8.3	1100001000111010	3	1
19512	-8.3	1100001001011100	3	2
19515	-8.3	1100001001011010	3	1
19516	-8.3	1100001001100110	3	1
19521	-8.6	1100001001011010	3	1
19528	-8.6	1100001001100110	3	1
19531	-8.6	1100001001111110	3	1
19532	-6.6	0110001001000110	4	2
19536	-6.6	0110001001100011	3	1
19545	-6.6	0110001001011001	3	2
19546	-6.6	0110001001011001	3	2
19547	-6.6	0110001001100101	3	1
19551	-6.6	0110001001011011	3	2
19554	-8.3	0110001001100101	3	1
19561	-6.6	0110001001100111	3	2
19566	-8.6	1010001001000010	4	1
19581	-8.6	1010001001011010	4	2
19583	-8.6	0100010110100101	4	1
19587	-8.3	1010001001100110	4	1
19588	-8.6	1010001001100110	4	1
19591	-8.6	1010001001111110	4	1
19592	-8.6	1100001001000010	4	1
19607	-8.6	1100001001011010	4	1
19609	-8.6	0100001110100101	4	1
19613	-8.3	1100001001100110	4	1
19614	-8.6	1100001001100110	4	1
19617	-8.6	1100001001111110	4	1
19622	-8.6	0100011110100101	4	1
19623	-8.6	0100001001000010	4	1
19629	-8.6	0100001001100011	4	1
19641	-8.6	0100001001100101	4	1
19642	-8.6	0100001001100101	3	1
19647	-8.3	0100001001100110	4	1
19656	-8.3	0100010101100110	4	1
19661	-8.3	0100001101100110	4	1
19674	-6.6	0011100110011100	6	2
19691	-6.6	0011100110011100	4	2
19692	-6.6	1100011000111010	3	1
19700	-6.6	0011100110011001	4	2
19701	-6.6	0011100110011001	4	2
19706	-6.6	0011100110011101	4	2
19712	-6.9	0011100110100101	4	2
19717	-8.3	0011100111100110	4	2
19718	-6.9	0011100110011001	4	2
19720	-8.6	0011100111111111	4	2
19721	-6.6	0101110000111010	4	2
19729	-6.6	0101110001011001	3	2
19730	-6.6	0101110001011001	3	2
19731	-6.6	0101110001100101	3	1
19735	-6.6	0101110001011011	3	2
19738	-8.3	0101110001100101	3	2
19745	-6.6	0101110001100111	3	2
19747	-6.6	0101110001111001	3	2
19752	-6.6	0011101001011001	3	2
19756	-6.6	0101110000111010	6	2
19777	-6.6	0101110001100110	4	2
19786	-6.6	0011101001011100	6	2
19813	-6.6	0011101001011100	4	2
19818	-6.6	0011101001011001	3	2
19819	-6.6	0011101001011001	3	2
19824	-6.6	0011101001011011	3	2
19827	-8.3	0011101001100101	3	2
19851	-6.6	1101110001100110	4	2
19862	-8.6	1100011001011010	4	1
19864	-8.6	0110001110100101	4	1
19868	-8.3	1100011001100110	4	1
19869	-8.6	1100011001100110	4	1
19871	-6.9	0011101110011001	4	2
19872	-8.6	1100011001111110	4	1
19873	-6.6	0011110000111100	6	2
19890	-6.6	0011110001100110	4	2
19897	-6.6	0011110001011001	4	2
19902	-6.6	0101101001011010	4	2
19904	-6.6	0101101001011001	3	2
19905	-6.6	0101101001011001	3	2
19910	-6.6	0101101001011011	3	2
19913	-8.3	0101101001100101	3	2
19935	-8.3	0110011001100101	3	1
19938	-6.9	0110001110100101	4	1
19944	-6.9	0110001110011001	4	2
19949	-8.3	0110001101100110	4	2
19952	-6.3	1001101001011001	6	1
19953	-6.6	1001100110011010	4	2
19962	-6.6	1001100110011110	4	2
19965	-6.3	1001101001011001	6	1
19966	-6.6	1001100110011010	4	2
19980	-6.6	1001100110011110	4	2
19986	-6.6	1001101001100110	4	2
19987	-6.6	0101100110011010	6	2
20000	-6.6	0101100110011010	4	2
20004	-6.6	0101100110011101	4	2
20010	-6.9	0101100110100101	4	2
20015	-8.3	0101100111100110	4	2
20016	-6.9	0101100110011001	4	2
20018	-8.6	0101100111111111	4	2
20024	-6.6	0101101001011010	6	2
20025	-6.6	0101101001011010	6	2
20040	-6.6	0101101001011010	6	2
20058	-8.3	0110010110100101	4	1
20060	-8.6	0101101001011010	4	2
20063	-8.6	0101101001100101	4	2
20064	-8.6	0101101001100101	3	2
20069	-8.3	0101101001100110	4	2
20083	-6.6	1011100110011110	4	2
20105	-6.9	1010010110100101	4	1
20106	-8.6	1010010110100110	4	1
20109	-8.3	1010010101100110	4	1
20110	-8.6	1010010111100110	4	1
20111	-8.6	1010010111100110	4	1
20116	-8.3	1010011001100110	4	1
20117	-8.6	1010011001100110	4	1
20119	-6.9	0101101110011001	4	2
20120	-8.6	1010011001111110	4	1
20125	-8.6	1010011001100110	3	1
20128	-8.6	1010011001111110	3	1
20129	-6.6	0111101001011110	6	2
20141	-6.9	0110010110100101	4	1
20146	-8.3	0110010111100110	4	2
20147	-6.9	0110010110011001	4	2
20150	-6.9	1010010110100101	4	1
20152	-6.9	1010010101100110	4	1
20154	-6.9	1010010110011110	4	1
20165	-6.6	0110010101100110	4	1
20173	-8.3	0110010101100110	4	2
20177	-8.3	0110011001100110	4	2
20179	-8.3	0110011011100110	4	2
20180	-6.9	0110011010011001	4	1
20181	-8.3	0110011001111110	4	2
20182	-8.6	0110011011100111	4	2
20183	-8.6	0110011011111111	4	2
20184	-8.6	0110011001100110	4	2
20190	-6.6	0111100110011110	4	2
20191	-8.3	0110011110011110	4	1
20192	-6.9	0111100110011001	4	2
20194	-8.6	0111100111111111	4	2
20200	-6.9	1001100110011001	4	2
20202	-8.6	1001100111111111	4	2
20203	-8.6	0111111001111110	4	2
