890	-2.9	0000000000000001	4	2
891	-2.9	0000000000000001	4	2
902	-2.9	0000000000000011	4	2
905	-2.9	0000000000000101	4	2
910	-2.9	0000000000100001	4	2
911	-2.9	0000000001000001	4	2
912	-2.9	0000000001100001	4	2
913	-2.9	0000000001100001	4	2
940	-2.9	0000000001100011	4	2
942	-2.9	0000000001011001	4	2
943	-2.9	0000000001100101	4	2
946	-2.9	0000000000000000	4	2
947	-2.9	0000000000000000	4	2
950	-2.9	0000000000000001	4	2
951	-2.9	0000000000000001	4	2
973	-2.9	0000000000000101	4	2
974	-2.9	0000000000000011	4	2
975	-2.9	0000000000000011	4	2
987	-2.9	0000000000000101	4	2
994	-2.9	0000000000000111	4	2
1003	-2.9	0000000001100001	4	2
1004	-2.9	0000000010000001	4	2
1005	-2.9	0000000000100001	4	2
1006	-2.9	0000000001000001	4	2
1007	-2.9	0000000001100001	4	2
1021	-2.9	0000000010000101	4	2
1072	-2.9	0000000001000101	4	2
1073	-2.9	0000000000100011	4	2
1086	-2.9	0000000000100101	4	2
1087	-2.9	0000000000100101	4	2
1101	-2.9	0000000001000101	4	2
1102	-2.9	0000000001000011	4	2
1106	-2.9	0000000001100011	4	2
1107	-2.9	0000000010100011	4	2
1108	-2.9	0000000001100011	4	2
1121	-2.9	0000000001011001	4	2
1122	-2.9	0000000010100101	4	2
1123	-2.9	0000000001100101	4	2
1133	-2.9	0000000001100111	4	2
1135	-2.9	0000000001111001	4	2
1138	-2.9	0000000000000000	4	2
1142	-2.9	0000000000000001	4	2
1143	-2.9	0000000000000001	4	2
1144	-2.9	0000000000000001	4	2
1165	-2.9	0000000000000011	4	2
1166	-2.9	0000000000000011	4	2
1178	-2.9	0000000000000101	4	2
1179	-2.9	0000000000000101	4	2
1187	-2.9	0000000000000111	4	2
1198	-2.9	0000000000100001	4	2
1199	-2.9	0000000001000001	4	2
1200	-2.9	0000000000100001	4	2
1201	-2.9	0000000001000001	4	2
1202	-2.9	0000000001100001	4	2
1253	-2.9	0000000000100011	4	2
1263	-2.9	0000000000100101	4	2
1273	-2.9	0000000001000101	4	2
1274	-2.9	0000000001000011	4	2
1282	-2.9	0000000001100011	4	2
1291	-2.9	0000000001011001	4	2
1292	-2.9	0000000001011001	4	2
1293	-2.9	0000000001100101	4	2
1297	-2.9	0000000001011011	4	2
1307	-2.9	0000000001100111	4	2
1309	-2.9	0000000001111001	4	2
1335	-2.9	0000000000000000	4	2
1336	-2.9	0000000000000000	4	2
1338	-2.9	0000000000000001	4	2
1339	-2.9	0000000000000001	4	2
1359	-2.9	0000000000000011	4	2
1360	-2.9	0000000000000011	4	2
1374	-2.9	0000000000000101	4	2
1375	-2.9	0000000000000101	4	2
1382	-2.9	0000000000000111	4	2
1391	-2.9	0000000000100001	4	2
1392	-2.9	0000000001000001	4	2
1393	-2.9	0000000001100001	4	2
1395	-2.9	0000000000100001	4	2
1396	-2.9	0000000001000001	4	2
1397	-2.9	0000000001100001	4	2
1434	-2.9	0000000010000011	4	2
1462	-2.9	0000000000100011	4	2
1463	-2.9	0000000000100011	4	2
1475	-2.9	0000000001000011	4	2
1476	-2.9	0000000000100101	4	2
1491	-2.9	0000000001000101	4	2
1492	-2.9	0000000001000011	4	2
1497	-2.9	0000000001100011	4	2
1508	-2.9	0000000001011001	4	2
1509	-2.9	0000000001011001	4	2
1510	-2.9	0000000001100101	4	2
1512	-2.9	0000000001100101	4	2
1524	-2.9	0000000001100111	4	2
1526	-2.9	0000000001111001	4	2
1529	-2.9	0000000000000000	4	2
1531	-2.9	0000000000000001	4	2
1532	-2.9	0000000000000001	4	2
1533	-2.9	0000000000000001	4	2
1540	-3.2	0000000000000001	4	2
1554	-2.9	0000000000000011	4	2
1555	-2.9	0000000000000011	4	2
1557	-3.2	0000000000000011	4	2
1567	-2.9	0000000000000101	4	2
1568	-2.9	0000000000000101	4	2
1570	-3.2	0000000000000101	4	2
1576	-2.9	0000000000000111	4	2
1587	-2.9	0000000000100001	4	2
1588	-2.9	0000000001000001	4	2
1589	-2.9	0000000000100001	4	2
1590	-2.9	0000000001000001	4	2
1591	-2.9	0000000001100001	4	2
1619	-3.2	0000000000100001	4	2
1620	-3.2	0000000001000001	4	2
1621	-3.2	0000000001100001	4	2
1642	-2.9	0000000000100011	4	2
1652	-2.9	0000000000100101	4	2
1655	-3.2	0000000000100101	4	2
1662	-2.9	0000000001000101	4	2
1663	-2.9	0000000001000011	4	2
1665	-3.2	0000000001000101	4	2
1666	-3.2	0000000001000011	4	2
1671	-2.9	0000000001100011	4	2
1680	-2.9	0000000001011001	4	2
1681	-2.9	0000000001011001	4	2
1682	-2.9	0000000001100101	4	2
1686	-2.9	0000000001011011	4	2
1689	-3.2	0000000001100101	4	2
1696	-2.9	0000000001100111	4	2
1698	-2.9	0000000001111001	4	2
1712	-2.9	0000000001011001	3	2
1716	-3.5	0000000011111111	3	2
1717	-3.5	0000000000000000	3	2
1718	-3.2	0000000000000001	4	2
1719	-3.2	0000000000000001	4	2
1720	-3.2	0000000000000001	4	2
1727	-3.5	0000000000000001	4	2
1741	-3.2	0000000000000011	4	2
1742	-3.2	0000000000000011	4	2
1744	-3.5	0000000000000011	4	2
1754	-3.2	0000000000000101	4	2
1755	-3.2	0000000000000101	4	2
1757	-3.5	0000000000000101	4	2
1763	-3.2	0000000000000111	4	2
1773	-2.9	0000000000011001	4	2
1774	-3.2	0000000000100001	4	2
1775	-3.2	0000000001000001	4	2
1776	-3.2	0000000000100001	4	2
1777	-3.2	0000000001000001	4	2
1778	-3.2	0000000001100001	4	2
1806	-3.5	0000000000100001	4	2
1807	-3.5	0000000001000001	4	2
1808	-3.5	0000000001100001	4	2
1829	-3.2	0000000000100011	4	2
1839	-3.2	0000000000100101	4	2
1842	-3.5	0000000000100101	4	2
1849	-3.2	0000000001000101	4	2
1850	-3.2	0000000001000011	4	2
1852	-3.5	0000000001000101	4	2
1853	-3.5	0000000001000011	4	2
1858	-3.2	0000000001100011	4	2
1867	-3.2	0000000001011001	4	2
1868	-3.2	0000000001011001	4	2
1869	-3.2	0000000001100101	4	2
1873	-3.2	0000000001011011	4	2
1876	-3.5	0000000001100101	4	2
1883	-3.2	0000000001100111	4	2
1885	-3.2	0000000001111001	4	2
1895	-2.9	1000000011100000	4	2
1902	-2.9	1000000011100110	4	1
1913	-2.9	1000000000000010	4	1
1914	-2.9	1000000000000010	4	1
1915	-2.9	1000000001000000	4	2
1916	-2.9	1000000000000010	4	1
1917	-2.9	1000000001000000	4	2
1918	-2.9	1000000001000000	4	2
1921	-2.9	1000000000100000	4	1
1922	-2.9	1000000001100000	4	1
1923	-2.9	1000000000100000	4	1
1924	-2.9	1000000001100000	4	1
1927	-2.9	1000000000000100	4	1
1928	-2.9	1000000000000100	4	1
1929	-2.9	1000000000000100	4	1
1930	-2.9	1000000000100000	4	2
1933	-2.9	1000000000000110	4	1
1934	-2.9	1000000001100000	4	1
1936	-2.9	1000000000000110	4	1
1937	-2.9	1000000000000110	4	1
1941	-2.9	1000000000011000	4	2
1942	-2.9	1000000000011000	4	2
1943	-2.9	1000000000011000	4	2
1944	-2.9	1000000000011000	4	2
1945	-3.2	1000000000011000	4	2
1958	-2.9	1000000000011010	4	1
1963	-2.9	1000000000011010	4	1
1968	-2.9	1000000001011000	4	1
1969	-2.9	1000000001011000	4	1
1971	-2.9	1000000000011100	4	1
1972	-2.9	1000000000011100	4	1
1973	-2.9	1000000000111000	4	1
1974	-2.9	1000000000011100	4	1
1975	-2.9	1000000000111000	4	1
1976	-2.9	1000000000111000	4	1
1992	-2.9	1000000000100010	4	1
1993	-2.9	1000000000100010	4	1
1994	-2.9	1000000001000100	4	1
1995	-2.9	1000000000100010	4	1
1996	-2.9	1000000001000100	4	1
1997	-2.9	1000000001000100	4	1
1999	-2.9	1000000001000010	4	1
2000	-2.9	1000000001100010	4	1
2001	-2.9	1000000001000010	4	1
2002	-2.9	1000000001100010	4	1
2003	-2.9	1000000000100100	4	1
2004	-2.9	1000000000100100	4	1
2005	-2.9	1000000000100100	4	1
2006	-2.9	1000000000100100	4	1
2007	-3.2	1000000000100100	4	1
2009	-2.9	1000000001000010	4	1
2010	-2.9	1000000001000110	4	1
2011	-2.9	1000000001000010	4	1
2012	-2.9	1000000001100010	4	1
2013	-2.9	1000000000100110	4	1
2014	-2.9	1000000000100110	4	1
2015	-2.9	1000000001100100	4	1
2016	-2.9	1000000000100110	4	1
2017	-2.9	1000000001100100	4	1
2018	-2.9	1000000001100100	4	1
2021	-2.9	1000000001000110	4	1
2022	-2.9	1000000001000110	4	1
2023	-3.2	1000000001000010	4	1
2026	-2.9	1000000000111010	4	1
2027	-2.9	1000000001011100	4	1
2028	-2.9	1000000000111010	4	1
2029	-2.9	1000000001100110	4	1
2030	-2.9	1000000001011100	4	1
2031	-2.9	1000000001011100	4	1
2032	-2.9	1000000000111100	4	1
2033	-2.9	1000000001011010	4	1
2034	-2.9	1000000001100110	4	1
2037	-2.9	1000000001011010	4	1
2038	-2.9	1000000001011010	4	1
2039	-2.9	1000000001100110	4	1
2040	-3.2	1000000001011010	4	1
2041	-2.9	1000000001011110	4	1
2042	-2.9	1000000001100110	4	1
2043	-2.9	1000000001111010	4	1
2044	-3.2	1000000001100110	4	1
2047	-3.2	1000000001111110	4	1
2057	-2.9	1000000001000000	4	2
2058	-2.9	1000000000000010	4	1
2059	-2.9	1000000000000010	4	1
2060	-2.9	1000000000000010	4	1
2061	-2.9	1000000001000000	4	2
2062	-2.9	1000000001000000	4	2
2066	-2.9	1000000000000100	4	1
2067	-2.9	1000000000000110	4	1
2068	-2.9	1000000000100000	4	1
2069	-2.9	1000000001100000	4	1
2071	-2.9	1000000000100000	4	2
2072	-2.9	1000000000000100	4	1
2073	-2.9	1000000000000100	4	1
2074	-2.9	1000000000100000	4	2
2077	-2.9	1000000001100000	4	1
2078	-2.9	1000000001100000	4	1
2080	-2.9	1000000000000110	4	1
2081	-2.9	1000000000000110	4	1
2085	-2.9	1000000000011000	4	2
2086	-2.9	1000000000011000	4	2
2087	-2.9	1000000000011000	4	2
2088	-2.9	1000000000011000	4	2
2089	-3.2	1000000000011000	4	2
2097	-2.9	1000000001011000	4	1
2098	-2.9	1000000000011010	4	1
2099	-2.9	1000000000011010	4	1
2100	-2.9	1000000000011010	4	1
2102	-2.9	1000000001011000	4	1
2103	-2.9	1000000001011000	4	1
2110	-2.9	1000000000011100	4	1
2115	-2.9	1000000000011100	4	1
2119	-2.9	1000000000111000	4	1
2120	-2.9	1000000000111000	4	1
2136	-2.9	1000000001000100	4	1
2137	-2.9	1000000000100010	4	1
2138	-2.9	1000000000100010	4	1
2139	-2.9	1000000000100010	4	1
2140	-2.9	1000000001000100	4	1
2141	-2.9	1000000001000100	4	1
2143	-2.9	1000000001000010	4	1
2144	-2.9	1000000001000110	4	1
2145	-2.9	1000000001000010	4	1
2146	-2.9	1000000001000010	4	1
2147	-2.9	1000000001100010	4	1
2148	-2.9	1000000000100100	4	1
2149	-2.9	1000000000100100	4	1
2150	-2.9	1000000000100100	4	1
2151	-2.9	1000000000100100	4	1
2152	-3.2	1000000000100100	4	1
2154	-2.9	1000000001100010	4	1
2155	-2.9	1000000001000010	4	1
2156	-2.9	1000000001100010	4	1
2157	-2.9	1000000001100100	4	1
2158	-2.9	1000000000100110	4	1
2159	-2.9	1000000000100110	4	1
2160	-2.9	1000000000100110	4	1
2161	-2.9	1000000001100100	4	1
2162	-2.9	1000000001100100	4	1
2165	-2.9	1000000001000110	4	1
2166	-2.9	1000000001000110	4	1
2167	-3.2	1000000001000010	4	1
2169	-2.9	1000000000111010	4	1
2170	-2.9	1000000001011010	4	1
2171	-2.9	1000000000111010	4	1
2172	-2.9	1000000000111010	4	1
2173	-2.9	1000000001100110	4	1
2174	-2.9	1000000001011100	4	1
2175	-2.9	1000000001011100	4	1
2176	-2.9	1000000000111100	4	1
2177	-2.9	1000000001100110	4	1
2178	-2.9	1000000001011010	4	1
2179	-2.9	1000000001100110	4	1
2183	-2.9	1000000001011010	4	1
2184	-3.2	1000000001011010	4	1
2185	-2.9	1000000001011110	4	1
2186	-2.9	1000000001100110	4	1
2187	-2.9	1000000001111010	4	1
2188	-3.2	1000000001100110	4	1
2191	-3.2	1000000001111110	4	1
2207	-2.9	1000000000000010	4	1
2208	-2.9	1000000000000010	4	1
2210	-2.9	1000000001000000	4	2
2211	-2.9	1000000001000000	4	2
2217	-2.9	1000000000100000	4	1
2218	-2.9	1000000001100000	4	1
2219	-2.9	1000000011000000	4	2
2222	-2.9	1000000000000100	4	1
2223	-2.9	1000000000000100	4	1
2225	-2.9	1000000000100000	4	2
2228	-2.9	1000000010100000	4	2
2230	-2.9	1000000001100000	4	1
2233	-2.9	1000000000000110	4	1
2234	-2.9	1000000000000110	4	1
2236	-3.2	1000000011100000	4	2
2240	-2.9	1000000000011000	4	2
2241	-2.9	1000000000011000	4	2
2242	-2.9	1000000000011000	4	2
2243	-2.9	1000000000011000	4	2
2244	-3.2	1000000000011000	4	2
2255	-2.9	1000000000011010	4	1
2259	-2.9	1000000000011010	4	1
2261	-2.9	1000000001011000	4	1
2262	-2.9	1000000001011000	4	1
2272	-2.9	1000000000011100	4	1
2275	-2.9	1000000000011100	4	1
2276	-2.9	1000000000111000	4	1
2277	-2.9	1000000000111000	4	1
2297	-2.9	1000000000100010	4	1
2298	-2.9	1000000000100010	4	1
2299	-2.9	1000000001000100	4	1
2300	-2.9	1000000001000100	4	1
2303	-2.9	1000000001000010	4	1
2304	-2.9	1000000001000010	4	1
2305	-2.9	1000000001100010	4	1
2306	-2.9	1000000000100100	4	1
2307	-2.9	1000000000100100	4	1
2308	-2.9	1000000000100100	4	1
2309	-2.9	1000000000100100	4	1
2310	-3.2	1000000000100100	4	1
2312	-2.9	1000000001000010	4	1
2315	-2.9	1000000001000010	4	1
2316	-2.9	1000000001100010	4	1
2317	-2.9	1000000000100110	4	1
2318	-2.9	1000000000100110	4	1
2319	-2.9	1000000001100100	4	1
2320	-2.9	1000000001100100	4	1
2323	-2.9	1000000001000110	4	1
2326	-2.9	1000000001000110	4	1
2329	-3.2	1000000001000010	4	1
2331	-2.9	1000000000111010	4	1
2332	-2.9	1000000000111010	4	1
2333	-2.9	1000000001011100	4	1
2334	-2.9	1000000001011100	4	1
2336	-2.9	1000000000111100	4	1
2337	-2.9	1000000001011010	4	1
2338	-2.9	1000000001100110	4	1
2342	-2.9	1000000001011010	4	1
2343	-2.9	1000000001011010	4	1
2344	-3.2	1000000001011010	4	1
2346	-2.9	1000000010100110	4	1
2349	-2.9	1000000001011110	4	1
2350	-2.9	1000000001100110	4	1
2351	-2.9	1000000001111010	4	1
2352	-2.9	1000000010100110	4	1
2354	-3.2	1000000001100110	4	1
2356	-3.2	1000000011100110	4	1
2358	-3.2	1000000001111110	4	1
2769	-2.9	0000000110000001	3	2
2803	-2.9	0000000111000011	3	2
2805	-2.9	0000000110011001	3	2
2807	-2.9	0000000110100101	3	2
2809	-3.2	0000000110100101	3	2
2810	-2.9	1000000001100110	3	1
3067	-2.9	0000000110000000	4	2
3098	-2.9	0000000110000001	4	2
3113	-2.9	0000000110000101	4	2
3161	-2.9	0000000110100011	4	2
3165	-2.9	0000000110100101	4	2
3168	-2.9	0000000110100111	4	2
3178	-2.9	0000000110000000	4	2
3208	-2.9	0000000110000001	4	2
3223	-2.9	0000000110000101	4	2
3271	-2.9	0000000110100011	4	2
3275	-2.9	0000000110100101	4	2
3278	-2.9	0000000110100111	4	2
3319	-3.2	0000000110000001	4	2
3332	-3.2	0000000110000101	4	2
3392	-3.2	0000000110100011	4	2
3403	-3.2	0000000110100101	4	2
3412	-3.2	1000000001100110	3	1
3802	-2.9	0000000110000001	3	2
3803	-2.9	0000000110100001	3	2
3820	-2.9	0000000110000101	3	2
3842	-2.9	0000000110100101	3	2
3850	-2.9	0000000110000000	4	2
3903	-2.9	0000000110000001	4	2
3910	-2.9	0000000110000011	4	2
3960	-3.2	1000000000000010	4	1
3962	-3.2	1000000001000000	4	2
3970	-3.2	1000000000000100	4	1
3972	-3.2	1000000000100000	4	2
3975	-3.2	1000000001100000	4	1
3979	-3.2	1000000000000110	4	1
3983	-3.2	1000000000011000	4	2
3984	-3.5	1000000000011000	4	2
3991	-3.2	1000000000011010	4	1
3993	-3.2	1000000001011000	4	2
4006	-3.2	1000000000011100	4	1
4007	-3.2	1000000000111000	4	2
4009	-3.2	0000000110000011	4	2
4031	-3.2	1000000000100010	4	1
4032	-3.2	1000000001000100	4	1
4040	-3.2	1000000000100100	4	1
4041	-3.5	1000000000100100	4	1
4047	-3.2	1000000001000010	4	1
4048	-3.2	1000000001100010	4	1
4050	-3.2	1000000000100110	4	1
4051	-3.2	1000000001100100	4	1
4055	-3.2	1000000001000110	4	1
4057	-3.5	1000000001000010	4	1
4061	-3.2	1000000000111010	4	1
4062	-3.2	1000000001011100	4	1
4065	-3.2	1000000000111100	4	1
4071	-3.2	1000000001011010	4	1
4072	-3.5	1000000001011010	4	1
4075	-3.2	1000000001011110	4	1
4076	-3.2	1000000001100110	4	1
4077	-3.2	1000000001111010	4	1
4079	-3.5	1000000001100110	4	1
4082	-3.5	1000000001111110	4	1
4402	-2.9	0000000110000000	3	2
4458	-2.9	0000000110000001	3	2
4460	-2.9	0000000110000001	3	2
4461	-2.9	0000000110100001	3	2
4462	-2.9	0000000111000001	3	2
4490	-2.9	0000000110000101	3	2
4491	-2.9	0000000110000011	3	2
4495	-3.2	0000000110000001	3	2
4533	-2.9	0000000110100011	3	2
4534	-2.9	0000000111000011	3	2
4537	-2.9	0000000111000101	3	2
4539	-2.9	0000000110011001	3	2
4540	-2.9	0000000110011001	3	2
4542	-2.9	0000000110100101	3	2
4543	-2.9	0000000110100101	3	2
4545	-2.9	0000000110011101	3	2
4549	-2.9	0000000110100111	3	2
4551	-3.2	0000000110100101	3	2
4557	-3.2	0000000110011001	3	2
4558	-3.2	0000000111100111	3	2
4559	-3.5	0000000111111111	3	2
5359	-2.9	0000001000000011	4	2
5362	-2.9	0100000000000101	4	1
5367	-2.9	0100000000100001	4	1
5368	-2.9	0100000001000001	4	1
5369	-2.9	0100000001100001	4	1
5370	-2.9	0000001001100001	4	2
5397	-2.9	0000001001100011	4	2
5399	-2.9	0100000001011001	4	1
5400	-2.9	0100000001100101	4	1
5403	-2.9	0100000000000010	4	1
5409	-2.9	0100000000000011	4	1
5410	-2.9	0100000000000011	4	1
5422	-2.9	0100000000000101	4	1
5423	-2.9	0100000000000101	4	1
5431	-2.9	0100000000000111	4	1
5442	-2.9	0100000000100001	4	1
5443	-2.9	0100000001000001	4	1
5444	-2.9	0100000000100001	4	1
5445	-2.9	0100000001000001	4	1
5446	-2.9	0100000001100001	4	1
5497	-2.9	0100000000100011	4	1
5507	-2.9	0100000000100101	4	1
5517	-2.9	0100000001000101	4	1
5518	-2.9	0100000001000011	4	1
5526	-2.9	0100000001100011	4	1
5535	-2.9	0100000001011001	4	1
5536	-2.9	0100000001011001	4	1
5537	-2.9	0100000001100101	4	1
5541	-2.9	0100000001011011	4	1
5551	-2.9	0100000001100111	4	1
5553	-2.9	0100000001111001	4	1
5572	-2.9	0100000000000011	4	1
5575	-2.9	0000001000000101	4	2
5580	-2.9	0000001000100001	4	2
5581	-2.9	0000001001000001	4	2
5582	-2.9	0000001001100001	4	2
5583	-2.9	0100000001100001	4	1
5610	-2.9	0100000001100011	4	1
5612	-2.9	0000001001011001	4	2
5613	-2.9	0000001001100101	4	2
5616	-2.9	0100000000000010	4	1
5621	-2.9	0100000000000011	4	1
5622	-2.9	0100000000000011	4	1
5624	-3.2	0100000000000011	4	1
5634	-2.9	0100000000000101	4	1
5635	-2.9	0100000000000101	4	1
5637	-3.2	0100000000000101	4	1
5643	-2.9	0100000000000111	4	1
5654	-2.9	0100000000100001	4	1
5655	-2.9	0100000001000001	4	1
5656	-2.9	0100000000100001	4	1
5657	-2.9	0100000001000001	4	1
5658	-2.9	0100000001100001	4	1
5686	-3.2	0100000000100001	4	1
5687	-3.2	0100000001000001	4	1
5688	-3.2	0100000001100001	4	1
5709	-2.9	0100000000100011	4	1
5719	-2.9	0100000000100101	4	1
5722	-3.2	0100000000100101	4	1
5729	-2.9	0100000001000101	4	1
5730	-2.9	0100000001000011	4	1
5732	-3.2	0100000001000101	4	1
5733	-3.2	0100000001000011	4	1
5738	-2.9	0100000001100011	4	1
5747	-2.9	0100000001011001	4	1
5748	-2.9	0100000001011001	4	1
5749	-2.9	0100000001100101	4	1
5753	-2.9	0100000001011011	4	1
5756	-3.2	0100000001100101	4	1
5763	-2.9	0100000001100111	4	1
5765	-2.9	0100000001111001	4	1
6000	-2.9	0000001001000000	4	2
6003	-2.9	0000001000000011	4	2
6004	-2.9	0000001000000011	4	2
6006	-3.2	0000001000000011	4	2
6016	-2.9	0000001000000101	4	2
6017	-2.9	0000001000000101	4	2
6019	-3.2	0000001000000101	4	2
6025	-2.9	0000001000000111	4	2
6036	-2.9	0000001000100001	4	2
6037	-2.9	0000001001000001	4	2
6038	-2.9	0000001000100001	4	2
6039	-2.9	0000001001000001	4	2
6040	-2.9	0000001001100001	4	2
6068	-3.2	0000001000100001	4	2
6069	-3.2	0000001001000001	4	2
6070	-3.2	0000001001100001	4	2
6091	-2.9	0000001000100011	4	2
6101	-2.9	0000001000100101	4	2
6104	-3.2	0000001000100101	4	2
6111	-2.9	0000001001000101	4	2
6112	-2.9	0000001001000011	4	2
6114	-3.2	0000001001000101	4	2
6115	-3.2	0000001001000011	4	2
6120	-2.9	0000001001100011	4	2
6129	-2.9	0000001001011001	4	2
6130	-2.9	0000001001011001	4	2
6131	-2.9	0000001001100101	4	2
6135	-2.9	0000001001011011	4	2
6138	-3.2	0000001001100101	4	2
6145	-2.9	0000001001100111	4	2
6150	-2.9	0000001001000000	4	2
6152	-2.9	0000001000000011	4	2
6153	-2.9	0000001000000011	4	2
6165	-2.9	0000001000000101	4	2
6166	-2.9	0000001000000101	4	2
6174	-2.9	0000001000000111	4	2
6185	-2.9	0000001000100001	4	2
6186	-2.9	0000001001000001	4	2
6187	-2.9	0000001000100001	4	2
6188	-2.9	0000001001000001	4	2
6189	-2.9	0000001001100001	4	2
6240	-2.9	0000001000100011	4	2
6250	-2.9	0000001000100101	4	2
6260	-2.9	0000001001000101	4	2
6261	-2.9	0000001001000011	4	2
6269	-2.9	0000001001100011	4	2
6278	-2.9	0000001001011001	4	2
6279	-2.9	0000001001011001	4	2
6280	-2.9	0000001001100101	4	2
6284	-2.9	0000001001011011	4	2
6294	-2.9	0000001001100111	4	2
6532	-2.9	1010000000011000	4	2
6533	-2.9	1100000000011000	4	2
6557	-2.9	1010000001000010	4	1
6558	-2.9	1010000000100100	4	2
6559	-2.9	1100000000100100	4	2
6560	-2.9	1100000001000010	4	1
6561	-2.9	1010000001100110	4	1
6562	-2.9	1100000001011010	4	1
6563	-2.9	1100000001100110	4	1
6565	-2.9	1100000000000100	4	2
6566	-2.9	1100000000000110	4	1
6567	-2.9	1100000000100000	4	1
6568	-2.9	1100000001100000	4	1
6570	-2.9	1100000000100000	4	2
6571	-2.9	1100000000000100	4	2
6572	-2.9	1100000000000100	4	2
6573	-2.9	1100000000100000	4	2
6576	-2.9	1100000001100000	4	1
6577	-2.9	1100000001100000	4	1
6579	-2.9	1100000000000110	4	1
6580	-2.9	1100000000000110	4	1
6584	-2.9	1100000000011000	4	2
6585	-2.9	1100000000011000	4	2
6586	-2.9	1100000000011000	4	2
6587	-2.9	1100000000011000	4	2
6588	-3.2	1100000000011000	4	2
6600	-2.9	1100000001011000	4	2
6601	-2.9	1100000000011010	4	1
6602	-2.9	1100000000011010	4	1
6603	-2.9	1100000000011010	4	1
6605	-2.9	1100000001011000	4	2
6606	-2.9	1100000001011000	4	2
6613	-2.9	1100000000011100	4	2
6618	-2.9	1100000000011100	4	2
6622	-2.9	1100000000111000	4	2
6623	-2.9	1100000000111000	4	2
6639	-2.9	1100000001000100	4	2
6640	-2.9	1100000000100010	4	1
6641	-2.9	1100000000100010	4	1
6642	-2.9	1100000000100010	4	1
6643	-2.9	1100000001000100	4	2
6644	-2.9	1100000001000100	4	2
6646	-2.9	1100000001000010	4	1
6647	-2.9	1100000001000110	4	1
6648	-2.9	1100000001000010	4	1
6649	-2.9	1100000001000010	4	1
6650	-2.9	1100000001100010	4	1
6651	-2.9	1100000000100100	4	2
6652	-2.9	1100000000100100	4	2
6653	-2.9	1100000000100100	4	2
6654	-2.9	1100000000100100	4	2
6655	-3.2	1100000000100100	4	2
6658	-2.9	1100000001100010	4	1
6659	-2.9	1100000001000010	4	1
6660	-2.9	1100000001100010	4	1
6661	-2.9	1100000001100100	4	2
6662	-2.9	1100000000100110	4	1
6663	-2.9	1100000000100110	4	1
6664	-2.9	1100000000100110	4	1
6665	-2.9	1100000001100100	4	2
6666	-2.9	1100000001100100	4	2
6669	-2.9	1100000001000110	4	1
6670	-2.9	1100000001000110	4	1
6671	-3.2	1100000001000010	4	1
6673	-2.9	1100000000111010	4	1
6674	-2.9	1100000001011010	4	1
6675	-2.9	1100000000111010	4	1
6676	-2.9	1100000000111010	4	1
6677	-2.9	1100000001100110	4	1
6678	-2.9	1100000001011100	4	1
6679	-2.9	1100000001011100	4	1
6680	-2.9	1100000000111100	4	1
6681	-2.9	1100000001100110	4	1
6682	-2.9	1100000001011010	4	1
6683	-2.9	1100000001100110	4	1
6688	-2.9	1100000001011010	4	1
6689	-3.2	1100000001011010	4	1
6690	-2.9	1100000001011110	4	1
6691	-2.9	1100000001100110	4	1
6692	-2.9	1100000001111010	4	1
6693	-3.2	1100000001100110	4	1
6696	-3.2	1100000001111110	4	1
6700	-2.9	1100000000100000	4	1
6701	-2.9	1100000001100000	4	1
6702	-2.9	1100000011000000	4	2
6705	-2.9	1100000000000100	4	2
6706	-2.9	1100000000000100	4	2
6708	-2.9	1100000000100000	4	2
6711	-2.9	1100000010100000	4	2
6713	-2.9	1100000001100000	4	1
6716	-2.9	1100000000000110	4	1
6717	-2.9	1100000000000110	4	1
6719	-3.2	1100000011100000	4	2
6723	-2.9	1100000000011000	4	2
6724	-2.9	1100000000011000	4	2
6725	-2.9	1100000000011000	4	2
6726	-2.9	1100000000011000	4	2
6727	-3.2	1100000000011000	4	2
6738	-2.9	1100000000011010	4	1
6742	-2.9	1100000000011010	4	1
6744	-2.9	1100000001011000	4	2
6745	-2.9	1100000001011000	4	2
6755	-2.9	1100000000011100	4	2
6758	-2.9	1100000000011100	4	2
6759	-2.9	1100000000111000	4	2
6760	-2.9	1100000000111000	4	2
6780	-2.9	1100000000100010	4	1
6781	-2.9	1100000000100010	4	1
6782	-2.9	1100000001000100	4	2
6783	-2.9	1100000001000100	4	2
6786	-2.9	1100000001000010	4	1
6787	-2.9	1100000001000010	4	1
6788	-2.9	1100000001100010	4	1
6789	-2.9	1100000000100100	4	2
6790	-2.9	1100000000100100	4	2
6791	-2.9	1100000000100100	4	2
6792	-2.9	1100000000100100	4	2
6793	-3.2	1100000000100100	4	2
6795	-2.9	1100000001000010	4	1
6798	-2.9	1100000001000010	4	1
6799	-2.9	1100000001100010	4	1
6800	-2.9	1100000000100110	4	1
6801	-2.9	1100000000100110	4	1
6802	-2.9	1100000001100100	4	2
6803	-2.9	1100000001100100	4	2
6806	-2.9	1100000001000110	4	1
6809	-2.9	1100000001000110	4	1
6812	-3.2	1100000001000010	4	1
6814	-2.9	1100000000111010	4	1
6815	-2.9	1100000000111010	4	1
6816	-2.9	1100000001011100	4	1
6817	-2.9	1100000001011100	4	1
6819	-2.9	1100000000111100	4	1
6820	-2.9	1100000001011010	4	1
6821	-2.9	1100000001100110	4	1
6825	-2.9	1100000001011010	4	1
6826	-2.9	1100000001011010	4	1
6827	-3.2	1100000001011010	4	1
6829	-2.9	1100000010100110	4	1
6832	-2.9	1100000001011110	4	1
6833	-2.9	1100000001100110	4	1
6834	-2.9	1100000001111010	4	1
6835	-2.9	1100000010100110	4	1
6837	-3.2	1100000001100110	4	1
6839	-3.2	1100000011100110	4	1
6841	-3.2	1100000001111110	4	1
6845	-2.9	0000010000000101	4	1
6850	-2.9	0000010000100001	4	1
6851	-2.9	0000010001000001	4	1
6852	-2.9	0000010001100001	4	1
6853	-2.9	0010000001100001	4	1
6880	-2.9	0010000001100011	4	2
6882	-2.9	0000010001011001	4	1
6883	-2.9	0000010001100101	4	1
6888	-2.9	0000011000000101	4	1
6895	-2.9	0000011000100001	4	1
6896	-2.9	0000011001000001	4	1
6902	-2.9	0000001110000001	3	2
6915	-2.9	1100000001100110	3	1
6936	-3.2	0000001110000001	4	2
6949	-3.2	0000001110000101	4	2
7009	-3.2	0000001110100011	4	2
7020	-3.2	0000001110100101	4	2
7029	-3.2	1100000001100110	3	1
7055	-2.9	0000010110000001	4	1
7070	-2.9	0000010110000101	4	1
7083	-2.9	0000001110000001	4	2
7090	-2.9	0000001110000011	4	2
7139	-3.2	1100000000000100	4	2
7141	-3.2	1100000000100000	4	2
7144	-3.2	1100000001100000	4	1
7148	-3.2	1100000000000110	4	1
7152	-3.2	1100000000011000	4	2
7153	-3.5	1100000000011000	4	2
7160	-3.2	1100000000011010	4	1
7162	-3.2	1100000001011000	4	2
7175	-3.2	1100000000011100	4	2
7176	-3.2	1100000000111000	4	2
7178	-3.2	0000001110000011	4	2
7200	-3.2	1100000000100010	4	1
7201	-3.2	1100000001000100	4	2
7209	-3.2	1100000000100100	4	2
7210	-3.5	1100000000100100	4	2
7216	-3.2	1100000001000010	4	1
7217	-3.2	1100000001100010	4	1
7219	-3.2	1100000000100110	4	1
7220	-3.2	1100000001100100	4	2
7224	-3.2	1100000001000110	4	1
7226	-3.5	1100000001000010	4	1
7230	-3.2	1100000000111010	4	1
7231	-3.2	1100000001011100	4	2
7234	-3.2	1100000000111100	4	2
7240	-3.2	1100000001011010	4	1
7241	-3.5	1100000001011010	4	1
7244	-3.2	1100000001011110	4	1
7245	-3.2	1100000001100110	4	1
7246	-3.2	1100000001111010	4	1
7248	-3.5	1100000001100110	4	1
7251	-3.5	1100000001111110	4	1
7252	-2.9	0000010000100000	4	1
7261	-2.9	0000010000000101	4	1
7262	-2.9	0000010000000101	4	1
7270	-2.9	0000010000000111	4	1
7281	-2.9	0000010000100001	4	1
7282	-2.9	0000010001000001	4	1
7283	-2.9	0000010000100001	4	1
7284	-2.9	0000010001000001	4	1
7285	-2.9	0000010001100001	4	1
7336	-2.9	0000010000100011	4	1
7346	-2.9	0000010000100101	4	1
7356	-2.9	0000010001000101	4	1
7357	-2.9	0000010001000011	4	1
7365	-2.9	0000010001100011	4	1
7374	-2.9	0000010001011001	4	1
7375	-2.9	0000010001011001	4	1
7376	-2.9	0000010001100101	4	1
7380	-2.9	0000010001011011	4	1
7390	-2.9	0000010001100111	4	1
7403	-2.9	0000011000000101	4	1
7404	-2.9	0000011000000101	4	1
7412	-2.9	0000011000000111	4	1
7423	-2.9	0000011000100001	4	1
7424	-2.9	0000011001000001	4	1
7425	-2.9	0000011000100001	4	1
7426	-2.9	0000011001000001	4	1
7435	-2.9	0000001110000001	3	2
7437	-2.9	0000001110000001	3	2
7467	-2.9	0000001110000101	3	2
7468	-2.9	0000001110000011	3	2
7472	-3.2	0000001110000001	3	2
7478	-2.9	0000011000100011	4	1
7488	-2.9	0000011000100101	4	1
7498	-2.9	0000011001000101	4	1
7499	-2.9	0000011001000011	4	1
7528	-3.2	0000001110100101	3	2
7534	-3.2	0000001110011001	3	2
7559	-2.9	0000001100000101	4	2
7567	-2.9	0000001100000111	4	2
7582	-2.9	0000001110000001	4	2
7583	-2.9	0000001100100001	4	2
7584	-2.9	0000001101000001	4	2
7602	-2.9	0000001110000101	4	2
7619	-2.9	0000001110000011	4	2
7642	-2.9	0000001110000111	4	2
7661	-2.9	0000001100100011	4	2
7677	-2.9	0000001100100101	4	2
7694	-2.9	0000001101000101	4	2
7695	-2.9	0000001101000011	4	2
8061	-2.9	0010000000000101	4	2
8066	-2.9	0010000000100001	4	1
8067	-2.9	0010000001000001	4	1
8068	-2.9	0010000001100001	4	1
8069	-2.9	0000010001100001	4	2
8096	-2.9	0000010001100011	4	2
8098	-2.9	0010000001011001	4	2
8099	-2.9	0010000001100101	4	2
8102	-2.9	0010000000000100	4	2
8106	-2.9	0010000000000101	4	2
8107	-2.9	0010000000000101	4	2
8115	-2.9	0010000000000111	4	2
8126	-2.9	0010000000100001	4	1
8127	-2.9	0010000001000001	4	1
8128	-2.9	0010000000100001	4	1
8129	-2.9	0010000001000001	4	1
8130	-2.9	0010000001100001	4	1
8181	-2.9	0010000000100011	4	2
8191	-2.9	0010000000100101	4	2
8201	-2.9	0010000001000101	4	2
8202	-2.9	0010000001000011	4	2
8210	-2.9	0010000001100011	4	2
8219	-2.9	0010000001011001	4	2
8220	-2.9	0010000001011001	4	2
8221	-2.9	0010000001100101	4	2
8225	-2.9	0010000001011011	4	2
8235	-2.9	0010000001100111	4	2
8237	-2.9	0010000001111001	4	2
8252	-2.9	0010000000000100	4	2
8255	-2.9	0010000000000101	4	2
8256	-2.9	0010000000000101	4	2
8258	-3.2	0010000000000101	4	2
8264	-2.9	0010000000000111	4	2
8275	-2.9	0010000000100001	4	1
8276	-2.9	0010000001000001	4	1
8277	-2.9	0010000000100001	4	1
8278	-2.9	0010000001000001	4	1
8279	-2.9	0010000001100001	4	1
8307	-3.2	0010000000100001	4	1
8308	-3.2	0010000001000001	4	1
8309	-3.2	0010000001100001	4	1
8330	-2.9	0010000000100011	4	2
8340	-2.9	0010000000100101	4	2
8343	-3.2	0010000000100101	4	2
8350	-2.9	0010000001000101	4	2
8351	-2.9	0010000001000011	4	2
8353	-3.2	0010000001000101	4	2
8354	-3.2	0010000001000011	4	2
8359	-2.9	0010000001100011	4	2
8368	-2.9	0010000001011001	4	2
8369	-2.9	0010000001011001	4	2
8370	-2.9	0010000001100101	4	2
8374	-2.9	0010000001011011	4	2
8377	-3.2	0010000001100101	4	2
8384	-2.9	0010000001100111	4	2
8386	-2.9	0010000001111001	4	2
8587	-2.9	0000010000100000	4	2
8588	-2.9	0000010000000101	4	2
8589	-2.9	0000010000000101	4	2
8591	-3.2	0000010000000101	4	2
8597	-2.9	0000010000000111	4	2
8608	-2.9	0000010000100001	4	2
8609	-2.9	0000010001000001	4	2
8610	-2.9	0000010000100001	4	2
8611	-2.9	0000010001000001	4	2
8612	-2.9	0000010001100001	4	2
8640	-3.2	0000010000100001	4	2
8641	-3.2	0000010001000001	4	2
8642	-3.2	0000010001100001	4	2
8663	-2.9	0000010000100011	4	2
8673	-2.9	0000010000100101	4	2
8676	-3.2	0000010000100101	4	2
8683	-2.9	0000010001000101	4	2
8684	-2.9	0000010001000011	4	2
8686	-3.2	0000010001000101	4	2
8687	-3.2	0000010001000011	4	2
8692	-2.9	0000010001100011	4	2
8701	-2.9	0000010001011001	4	2
8702	-2.9	0000010001011001	4	2
8703	-2.9	0000010001100101	4	2
8707	-2.9	0000010001011011	4	2
8710	-3.2	0000010001100101	4	2
8717	-2.9	0000010001100111	4	2
8783	-2.9	1010000000000110	4	1
8784	-2.9	1010000001100000	4	1
8786	-2.9	1010000000000110	4	1
8787	-2.9	1010000000000110	4	1
8791	-2.9	1010000000011000	4	2
8792	-2.9	1010000000011000	4	2
8793	-2.9	1010000000011000	4	2
8794	-2.9	1010000000011000	4	2
8795	-3.2	1010000000011000	4	2
8810	-2.9	1010000000011010	4	2
8815	-2.9	1010000000011010	4	2
8820	-2.9	1010000001011000	4	2
8821	-2.9	1010000001011000	4	2
8823	-2.9	1010000000011100	4	2
8824	-2.9	1010000000011100	4	2
8825	-2.9	1010000000111000	4	2
8826	-2.9	1010000000011100	4	2
8827	-2.9	1010000000111000	4	2
8828	-2.9	1010000000111000	4	2
8844	-2.9	1010000000100010	4	1
8845	-2.9	1010000000100010	4	1
8846	-2.9	1010000001000100	4	2
8847	-2.9	1010000000100010	4	1
8848	-2.9	1010000001000100	4	2
8849	-2.9	1010000001000100	4	2
8852	-2.9	1010000001000010	4	1
8853	-2.9	1010000001100010	4	1
8854	-2.9	1010000001000010	4	1
8855	-2.9	1010000001100010	4	1
8856	-2.9	1010000000100100	4	2
8857	-2.9	1010000000100100	4	2
8858	-2.9	1010000000100100	4	2
8859	-2.9	1010000000100100	4	2
8860	-3.2	1010000000100100	4	2
8862	-2.9	1010000001000010	4	1
8863	-2.9	1010000001000110	4	1
8864	-2.9	1010000001000010	4	1
8865	-2.9	1010000001100010	4	1
8866	-2.9	1010000000100110	4	1
8867	-2.9	1010000000100110	4	1
8868	-2.9	1010000001100100	4	2
8869	-2.9	1010000000100110	4	1
8870	-2.9	1010000001100100	4	2
8871	-2.9	1010000001100100	4	2
8874	-2.9	1010000001000110	4	1
8875	-2.9	1010000001000110	4	1
8876	-3.2	1010000001000010	4	1
8879	-2.9	1010000000111010	4	1
8880	-2.9	1010000001011100	4	2
8881	-2.9	1010000000111010	4	1
8882	-2.9	1010000001100110	4	1
8883	-2.9	1010000001011100	4	2
8884	-2.9	1010000001011100	4	2
8885	-2.9	1010000000111100	4	2
8886	-2.9	1010000001011010	4	1
8887	-2.9	1010000001100110	4	1
8890	-2.9	1010000001011010	4	1
8891	-2.9	1010000001011010	4	1
8892	-2.9	1010000001100110	4	1
8893	-3.2	1010000001011010	4	1
8894	-2.9	1010000001011110	4	1
8895	-2.9	1010000001100110	4	1
8896	-2.9	1010000001111010	4	1
8897	-3.2	1010000001100110	4	1
8900	-3.2	1010000001111110	4	1
8902	-2.9	1010000010100000	4	2
8904	-2.9	1010000001100000	4	1
8907	-2.9	1010000000000110	4	1
8908	-2.9	1010000000000110	4	1
8910	-3.2	1010000011100000	4	2
8914	-2.9	1010000000011000	4	2
8915	-2.9	1010000000011000	4	2
8916	-2.9	1010000000011000	4	2
8917	-2.9	1010000000011000	4	2
8918	-3.2	1010000000011000	4	2
8929	-2.9	1010000000011010	4	2
8933	-2.9	1010000000011010	4	2
8935	-2.9	1010000001011000	4	2
8936	-2.9	1010000001011000	4	2
8946	-2.9	1010000000011100	4	2
8949	-2.9	1010000000011100	4	2
8950	-2.9	1010000000111000	4	2
8951	-2.9	1010000000111000	4	2
8971	-2.9	1010000000100010	4	1
8972	-2.9	1010000000100010	4	1
8973	-2.9	1010000001000100	4	2
8974	-2.9	1010000001000100	4	2
8977	-2.9	1010000001000010	4	1
8978	-2.9	1010000001000010	4	1
8979	-2.9	1010000001100010	4	1
8980	-2.9	1010000000100100	4	2
8981	-2.9	1010000000100100	4	2
8982	-2.9	1010000000100100	4	2
8983	-2.9	1010000000100100	4	2
8984	-3.2	1010000000100100	4	2
8986	-2.9	1010000001000010	4	1
8989	-2.9	1010000001000010	4	1
8990	-2.9	1010000001100010	4	1
8991	-2.9	1010000000100110	4	1
8992	-2.9	1010000000100110	4	1
8993	-2.9	1010000001100100	4	2
8994	-2.9	1010000001100100	4	2
8997	-2.9	1010000001000110	4	1
9000	-2.9	1010000001000110	4	1
9003	-3.2	1010000001000010	4	1
9005	-2.9	1010000000111010	4	1
9006	-2.9	1010000000111010	4	1
9007	-2.9	1010000001011100	4	2
9008	-2.9	1010000001011100	4	2
9010	-2.9	1010000000111100	4	2
9011	-2.9	1010000001011010	4	1
9012	-2.9	1010000001100110	4	1
9016	-2.9	1010000001011010	4	1
9017	-2.9	1010000001011010	4	1
9018	-3.2	1010000001011010	4	1
9020	-2.9	1010000010100110	4	1
9023	-2.9	1010000001011110	4	1
9024	-2.9	1010000001100110	4	1
9025	-2.9	1010000001111010	4	1
9026	-2.9	1010000010100110	4	1
9028	-3.2	1010000001100110	4	1
9030	-3.2	1010000011100110	4	1
9032	-3.2	1010000001111110	4	1
9037	-2.9	1010000001100110	3	1
9046	-2.9	0000010100000111	4	2
9062	-2.9	0000010110000001	4	2
9063	-2.9	0000010100100001	4	2
9064	-2.9	0000010101000001	4	2
9087	-2.9	0000010110000101	4	2
9101	-2.9	0000010110000001	4	1
9112	-2.9	0000010110000011	4	2
9125	-2.9	0000010110000101	4	1
9126	-2.9	0000010110000011	4	1
9138	-2.9	0000010110000111	4	2
9142	-3.2	0000010110000111	4	2
9156	-2.9	0000010100100011	4	2
9172	-2.9	0000010100100101	4	2
9191	-2.9	0000010101000101	4	2
9192	-2.9	0000010101000011	4	2
9251	-2.9	0110000000100001	4	1
9252	-2.9	0110000001000001	4	1
9269	-2.9	0110000001011001	4	2
9272	-3.2	1010000001100000	4	1
9276	-3.2	1010000000000110	4	1
9280	-3.2	1010000000011000	4	2
9281	-3.5	1010000000011000	4	2
9288	-3.2	1010000000011010	4	2
9290	-3.2	1010000001011000	4	2
9303	-3.2	1010000000011100	4	2
9304	-3.2	1010000000111000	4	2
9306	-3.2	0000010110000011	4	2
9328	-3.2	1010000000100010	4	1
9329	-3.2	1010000001000100	4	2
9337	-3.2	1010000000100100	4	2
9338	-3.5	1010000000100100	4	2
9344	-3.2	1010000001000010	4	1
9345	-3.2	1010000001100010	4	1
9347	-3.2	1010000000100110	4	1
9348	-3.2	1010000001100100	4	2
9352	-3.2	1010000001000110	4	1
9354	-3.5	1010000001000010	4	1
9358	-3.2	1010000000111010	4	2
9359	-3.2	1010000001011100	4	2
9362	-3.2	1010000000111100	4	2
9368	-3.2	1010000001011010	4	2
9369	-3.5	1010000001011010	4	2
9372	-3.2	1010000001011110	4	1
9373	-3.2	1010000001100110	4	1
9374	-3.2	1010000001111010	4	1
9376	-3.5	1010000001100110	4	1
9379	-3.5	1010000001111110	4	1
9385	-2.9	0000011000000111	4	1
9396	-2.9	0000011000100001	4	1
9397	-2.9	0000011001000001	4	1
9398	-2.9	0000011000100001	4	1
9399	-2.9	0000011001000001	4	1
9408	-2.9	0000010110000001	3	2
9410	-2.9	0000010110000001	3	2
9428	-3.2	0000011000100001	4	1
9429	-3.2	0000011001000001	4	1
9430	-3.2	0000011001100001	4	1
9440	-2.9	0000010110000101	3	2
9441	-2.9	0000010110000011	3	2
9445	-3.2	0000010110000001	3	2
9451	-2.9	0000011000100011	4	1
9461	-2.9	0000011000100101	4	1
9464	-3.2	0000011000100101	4	1
9471	-2.9	0000011001000101	4	1
9472	-2.9	0000011001000011	4	1
9474	-3.2	0000011001000101	4	1
9475	-3.2	0000011001000011	4	1
9498	-3.2	0000011001100101	4	1
9501	-3.2	0000010110100101	3	2
9507	-3.2	0000010110011001	3	2
9835	-2.9	0110000000000110	4	2
9837	-2.9	0110000000000111	4	2
9848	-2.9	0110000000100001	4	1
9849	-2.9	0110000001000001	4	1
9850	-2.9	0110000000100001	4	1
9851	-2.9	0110000001000001	4	1
9852	-2.9	0110000001100001	4	1
9903	-2.9	0110000000100011	4	1
9913	-2.9	0110000000100101	4	1
9923	-2.9	0110000001000101	4	1
9924	-2.9	0110000001000011	4	1
9932	-2.9	0110000001100011	4	1
9941	-2.9	0110000001011001	4	2
9942	-2.9	0110000001011001	4	2
9943	-2.9	0110000001100101	4	1
9947	-2.9	0110000001011011	4	2
9957	-2.9	0110000001100111	4	2
9959	-2.9	0110000001111001	4	2
9962	-2.9	0110000000000110	4	2
9963	-2.9	0110000000000111	4	2
9974	-2.9	0110000000100001	4	1
9975	-2.9	0110000001000001	4	1
9976	-2.9	0110000000100001	4	1
9977	-2.9	0110000001000001	4	1
9978	-2.9	0110000001100001	4	1
10006	-3.2	0110000000100001	4	1
10007	-3.2	0110000001000001	4	1
10008	-3.2	0110000001100001	4	1
10029	-2.9	0110000000100011	4	1
10039	-2.9	0110000000100101	4	1
10042	-3.2	0110000000100101	4	1
10049	-2.9	0110000001000101	4	1
10050	-2.9	0110000001000011	4	1
10052	-3.2	0110000001000101	4	1
10053	-3.2	0110000001000011	4	1
10058	-2.9	0110000001100011	4	1
10067	-2.9	0110000001011001	4	2
10068	-2.9	0110000001011001	4	2
10069	-2.9	0110000001100101	4	1
10073	-2.9	0110000001011011	4	2
10076	-3.2	0110000001100101	4	1
10083	-2.9	0110000001100111	4	2
10085	-2.9	0110000001111001	4	2
10089	-3.2	0000011100000111	4	2
10093	-2.9	1110000000011000	4	2
10094	-2.9	1110000000011000	4	2
10095	-2.9	1110000000011000	4	2
10096	-2.9	1110000000011000	4	2
10097	-3.2	1110000000011000	4	2
10109	-2.9	1110000000011010	4	2
10113	-2.9	1110000000011010	4	2
10115	-2.9	1110000001011000	4	2
10116	-2.9	1110000001011000	4	2
10126	-2.9	1110000000011100	4	2
10129	-2.9	1110000000011100	4	2
10130	-2.9	1110000000111000	4	2
10131	-2.9	1110000000111000	4	2
10151	-2.9	1110000000100010	4	1
10152	-2.9	1110000000100010	4	1
10153	-2.9	1110000001000100	4	2
10154	-2.9	1110000001000100	4	2
10157	-2.9	1110000001000010	4	1
10158	-2.9	1110000001000010	4	1
10159	-2.9	1110000001100010	4	1
10160	-2.9	1110000000100100	4	2
10161	-2.9	1110000000100100	4	2
10162	-2.9	1110000000100100	4	2
10163	-2.9	1110000000100100	4	2
10164	-3.2	1110000000100100	4	2
10166	-2.9	1110000001000010	4	1
10169	-2.9	1110000001000010	4	1
10170	-2.9	1110000001100010	4	1
10171	-2.9	1110000000100110	4	1
10172	-2.9	1110000000100110	4	2
10173	-2.9	1110000001100100	4	2
10174	-2.9	1110000001100100	4	2
10177	-2.9	1110000001000110	4	2
10180	-2.9	1110000001000110	4	2
10183	-3.2	1110000001000010	4	1
10185	-2.9	1110000000111010	4	2
10186	-2.9	1110000000111010	4	2
10187	-2.9	1110000001011100	4	2
10188	-2.9	1110000001011100	4	2
10190	-2.9	1110000000111100	4	2
10191	-2.9	1110000001011010	4	2
10192	-2.9	1110000001100110	4	1
10196	-2.9	1110000001011010	4	2
10197	-2.9	1110000001011010	4	2
10198	-3.2	1110000001011010	4	2
10200	-2.9	1110000010100110	4	2
10203	-2.9	1110000001011110	4	1
10204	-2.9	1110000001100110	4	1
10205	-2.9	1110000001111010	4	2
10206	-2.9	1110000010100110	4	2
10208	-3.2	1110000001100110	4	2
10210	-3.2	1110000011100110	4	2
10212	-3.2	1110000001111110	4	1
10215	-3.2	0000011110000001	4	2
10219	-3.2	0000011110000101	4	2
10225	-3.2	0000011110000011	4	2
10256	-3.2	0000011110000001	4	2
10257	-3.2	0000011100100001	4	2
10258	-3.2	0000011101000001	4	2
10276	-3.2	0000011110000101	4	2
10286	-3.2	0000011110000001	4	1
10293	-3.2	0000011110000011	4	2
10303	-3.2	0000011110000101	4	1
10304	-3.2	0000011110000011	4	1
10316	-3.2	0000011110000111	4	2
10320	-3.5	0000011110000111	4	2
10335	-3.2	0000011100100011	4	2
10351	-3.2	0000011100100101	4	2
10368	-3.2	0000011101000101	4	2
10369	-3.2	0000011101000011	4	2
10832	-2.9	0001100000100001	4	2
10833	-2.9	0001100001000001	4	2
10834	-2.9	0001100001100001	4	2
10835	-2.9	0001100001100001	4	2
10862	-2.9	0001100001100011	4	2
10864	-2.9	0001100001011001	4	2
10865	-2.9	0001100001100101	4	2
10868	-2.9	0001100000011000	4	2
10869	-2.9	0001100000011000	4	2
10872	-2.9	0001100001100001	4	2
10873	-2.9	0001100010000001	4	2
10874	-2.9	0001100000100001	4	2
10875	-2.9	0001100001000001	4	2
10876	-2.9	0001100001100001	4	2
10890	-2.9	0001100010000101	4	2
10941	-2.9	0001100001000101	4	2
10942	-2.9	0001100000100011	4	2
10955	-2.9	0001100000100101	4	2
10956	-2.9	0001100000100101	4	2
10970	-2.9	0001100001000101	4	2
10971	-2.9	0001100001000011	4	2
10975	-2.9	0001100001100011	4	2
10976	-2.9	0001100010100011	4	2
10977	-2.9	0001100001100011	4	2
10990	-2.9	0001100001011001	4	2
10991	-2.9	0001100010100101	4	2
10992	-2.9	0001100001100101	4	2
11002	-2.9	0001100001100111	4	2
11004	-2.9	0001100001111001	4	2
11007	-2.9	0001100000011000	4	2
11012	-2.9	0001100000100001	4	2
11013	-2.9	0001100001000001	4	2
11014	-2.9	0001100000100001	4	2
11015	-2.9	0001100001000001	4	2
11016	-2.9	0001100001100001	4	2
11067	-2.9	0001100000100011	4	2
11077	-2.9	0001100000100101	4	2
11087	-2.9	0001100001000101	4	2
11088	-2.9	0001100001000011	4	2
11096	-2.9	0001100001100011	4	2
11105	-2.9	0001100001011001	4	2
11106	-2.9	0001100001011001	4	2
11107	-2.9	0001100001100101	4	2
11111	-2.9	0001100001011011	4	2
11121	-2.9	0001100001100111	4	2
11123	-2.9	0001100001111001	4	2
11134	-2.9	0001100000011000	4	2
11135	-2.9	0001100000011000	4	2
11137	-2.9	0001100000100001	4	2
11138	-2.9	0001100001000001	4	2
11139	-2.9	0001100001100001	4	2
11141	-2.9	0001100000100001	4	2
11142	-2.9	0001100001000001	4	2
11143	-2.9	0001100001100001	4	2
11180	-2.9	0001100010000011	4	2
11208	-2.9	0001100000100011	4	2
11209	-2.9	0001100000100011	4	2
11221	-2.9	0001100001000011	4	2
11222	-2.9	0001100000100101	4	2
11237	-2.9	0001100001000101	4	2
11238	-2.9	0001100001000011	4	2
11243	-2.9	0001100001100011	4	2
11254	-2.9	0001100001011001	4	2
11255	-2.9	0001100001011001	4	2
11256	-2.9	0001100001100101	4	2
11258	-2.9	0001100001100101	4	2
11270	-2.9	0001100001100111	4	2
11272	-2.9	0001100001111001	4	2
11275	-2.9	0001100000011000	4	2
11278	-2.9	0001100000100001	4	2
11279	-2.9	0001100001000001	4	2
11280	-2.9	0001100000100001	4	2
11281	-2.9	0001100001000001	4	2
11282	-2.9	0001100001100001	4	2
11310	-3.2	0001100000100001	4	2
11311	-3.2	0001100001000001	4	2
11312	-3.2	0001100001100001	4	2
11333	-2.9	0001100000100011	4	2
11343	-2.9	0001100000100101	4	2
11346	-3.2	0001100000100101	4	2
11353	-2.9	0001100001000101	4	2
11354	-2.9	0001100001000011	4	2
11356	-3.2	0001100001000101	4	2
11357	-3.2	0001100001000011	4	2
11362	-2.9	0001100001100011	4	2
11371	-2.9	0001100001011001	4	2
11372	-2.9	0001100001011001	4	2
11373	-2.9	0001100001100101	4	2
11377	-2.9	0001100001011011	4	2
11380	-3.2	0001100001100101	4	2
11387	-2.9	0001100001100111	4	2
11389	-2.9	0001100001111001	4	2
11395	-2.9	0001100001011001	3	2
11399	-3.5	0001100011111111	3	2
11400	-3.5	0001100000011000	3	2
11401	-2.9	0001100000011001	4	2
11402	-3.2	0001100000100001	4	2
11403	-3.2	0001100001000001	4	2
11404	-3.2	0001100000100001	4	2
11405	-3.2	0001100001000001	4	2
11406	-3.2	0001100001100001	4	2
11434	-3.5	0001100000100001	4	2
11435	-3.5	0001100001000001	4	2
11436	-3.5	0001100001100001	4	2
11457	-3.2	0001100000100011	4	2
11467	-3.2	0001100000100101	4	2
11470	-3.5	0001100000100101	4	2
11477	-3.2	0001100001000101	4	2
11478	-3.2	0001100001000011	4	2
11480	-3.5	0001100001000101	4	2
11481	-3.5	0001100001000011	4	2
11486	-3.2	0001100001100011	4	2
11495	-3.2	0001100001011001	4	2
11496	-3.2	0001100001011001	4	2
11497	-3.2	0001100001100101	4	2
11501	-3.2	0001100001011011	4	2
11504	-3.5	0001100001100101	4	2
11511	-3.2	0001100001100111	4	2
11513	-3.2	0001100001111001	4	2
11602	-2.9	1001100000100100	4	2
11628	-2.9	1001100001000010	4	1
11646	-2.9	1001100001011010	4	2
11653	-2.9	1001100001100110	4	2
11656	-2.9	1001100001111110	4	2
11668	-2.9	1000010000011010	4	1
11673	-2.9	1000010000011010	4	1
11678	-2.9	1000010001011000	4	1
11679	-2.9	1000010001011000	4	1
11681	-2.9	1000010000011100	4	1
11682	-2.9	1000010000011100	4	1
11683	-2.9	1000010000111000	4	1
11684	-2.9	1000010000011100	4	1
11685	-2.9	1000010000111000	4	1
11686	-2.9	1000010000111000	4	1
11702	-2.9	1000010000100010	4	1
11703	-2.9	1000010000100010	4	1
11704	-2.9	1000010001000100	4	1
11705	-2.9	1000010000100010	4	1
11706	-2.9	1000010001000100	4	1
11707	-2.9	1000010001000100	4	1
11709	-2.9	1000010001000010	4	1
11710	-2.9	1000010001100010	4	1
11711	-2.9	1000010001000010	4	1
11712	-2.9	1000010001100010	4	1
11713	-2.9	1000010000100100	4	1
11714	-2.9	1000010000100100	4	1
11715	-2.9	1000010000100100	4	1
11716	-2.9	1000010000100100	4	1
11717	-3.2	1000010000100100	4	1
11719	-2.9	1000010001000010	4	1
11720	-2.9	1000010001000110	4	1
11721	-2.9	1000010001000010	4	1
11722	-2.9	1000010001100010	4	1
11723	-2.9	1000010000100110	4	1
11724	-2.9	1000010000100110	4	1
11725	-2.9	1000010001100100	4	1
11726	-2.9	1000010000100110	4	1
11727	-2.9	1000010001100100	4	1
11728	-2.9	1000010001100100	4	1
11731	-2.9	1000010001000110	4	1
11732	-2.9	1000010001000110	4	1
11733	-3.2	1000010001000010	4	1
11736	-2.9	1000010000111010	4	1
11737	-2.9	1000010001011100	4	1
11738	-2.9	1000010000111010	4	1
11739	-2.9	1000010001100110	4	1
11740	-2.9	1000010001011100	4	1
11741	-2.9	1000010001011100	4	1
11742	-2.9	1000010000111100	4	1
11743	-2.9	1000010001011010	4	1
11744	-2.9	1000010001100110	4	1
11747	-2.9	1000010001011010	4	1
11748	-2.9	1000010001011010	4	1
11749	-2.9	1000010001100110	4	1
11750	-3.2	1000010001011010	4	1
11751	-2.9	1000010001011110	4	1
11752	-2.9	1000010001100110	4	1
11754	-3.2	1000010001100110	4	1
11757	-3.2	1000010001111110	4	1
11769	-2.9	1000001000011010	4	1
11774	-2.9	1000001000011010	4	1
11779	-2.9	1000001001011000	4	1
11780	-2.9	1000001001011000	4	1
11782	-2.9	1000001000011100	4	1
11783	-2.9	1000001000011100	4	1
11784	-2.9	1000001000111000	4	1
11785	-2.9	1000001000011100	4	1
11786	-2.9	1000001000111000	4	1
11787	-2.9	1000001000111000	4	1
11803	-2.9	1000001000100010	4	1
11804	-2.9	1000001000100010	4	1
11805	-2.9	1000001001000100	4	1
11806	-2.9	1000001000100010	4	1
11807	-2.9	1000001001000100	4	1
11808	-2.9	1000001001000100	4	1
11810	-2.9	1000001001000010	4	1
11811	-2.9	1000001001100010	4	1
11812	-2.9	1000001001000010	4	1
11813	-2.9	1000001001100010	4	1
11814	-2.9	1000001000100100	4	1
11815	-2.9	1000001000100100	4	1
11816	-2.9	1000001000100100	4	1
11817	-2.9	1000001000100100	4	1
11818	-3.2	1000001000100100	4	1
11820	-2.9	1000001001000010	4	1
11821	-2.9	1000001001000110	4	1
11822	-2.9	1000001001000010	4	1
11823	-2.9	1000001001100010	4	1
11824	-2.9	1000001000100110	4	1
11825	-2.9	1000001000100110	4	1
11826	-2.9	1000001001100100	4	1
11827	-2.9	1000001000100110	4	1
11828	-2.9	1000001001100100	4	1
11829	-2.9	1000001001100100	4	1
11832	-2.9	1000001001000110	4	1
11833	-2.9	1000001001000110	4	1
11834	-3.2	1000001001000010	4	1
11837	-2.9	1000001000111010	4	1
11838	-2.9	1000001001011100	4	1
11839	-2.9	1000001000111010	4	1
11840	-2.9	1000001001100110	4	1
11841	-2.9	1000001001011100	4	1
11842	-2.9	1000001001011100	4	1
11843	-2.9	1000001000111100	4	1
11844	-2.9	1000001001011010	4	1
11845	-2.9	1000001001100110	4	1
11848	-2.9	1000001001011010	4	1
11849	-2.9	1000001001011010	4	1
11850	-2.9	1000001001100110	4	1
11851	-3.2	1000001001011010	4	1
11852	-2.9	1000001001011110	4	1
11853	-2.9	1000001001100110	4	1
11855	-3.2	1000001001100110	4	1
11858	-3.2	1000001001111110	4	1
11867	-2.9	0001100110000001	3	2
11868	-2.9	1000011000011100	4	1
11869	-2.9	1000011000111000	4	1
11870	-2.9	1000011000100010	4	1
11871	-2.9	1000011001000100	4	1
11872	-2.9	1000011001000010	4	1
11873	-2.9	1000011000100100	4	1
11874	-2.9	1000011000100100	4	1
11875	-2.9	1000011001000010	4	1
11878	-2.9	1001100001100110	3	2
11880	-2.9	0001100110000001	3	2
11882	-2.9	1000011000011010	4	1
11889	-2.9	0001100110000101	3	2
11890	-2.9	1000011001000100	4	1
11891	-2.9	1000011000100010	4	1
11892	-2.9	1000011001000010	4	1
11893	-2.9	1000011001000010	4	1
11894	-2.9	1000011000100100	4	1
11895	-2.9	1000011000100100	4	1
11897	-2.9	1000011000111010	4	1
11915	-2.9	1000000110000100	4	1
11916	-2.9	1000000110000010	4	1
11917	-2.9	1000000110000110	4	1
11918	-2.9	1000000110000100	4	1
11919	-2.9	1000000110000110	4	1
11920	-3.2	1000000110000100	4	1
11921	-3.2	1000000110000010	4	1
11922	-3.2	1000000110000110	4	1
11944	-2.9	1000000111000100	4	1
11945	-3.2	1000000111000100	4	1
11946	-2.9	1000000101000010	4	1
11947	-2.9	1000000110100010	4	1
11948	-2.9	1000000100100100	4	1
11951	-2.9	1000000110100100	4	1
11952	-2.9	1000000110100100	4	1
11953	-3.2	1000000110100100	4	1
11954	-2.9	1000000110100010	4	1
11955	-2.9	1000000111000010	4	1
11959	-3.2	1000000110100010	4	1
11960	-3.2	1000000111000010	4	1
11961	-3.2	1000000111100010	4	1
11963	-2.9	1000000111000110	4	1
11964	-3.2	1000000111000110	4	1
11965	-2.9	1000000101100110	4	1
11970	-2.9	1000000110100110	4	1
11972	-3.2	1000000110100110	4	1
11974	-2.9	1000000110100110	4	1
11976	-3.2	1000000111100110	4	1
11977	-3.2	1000000111100110	4	1
11986	-2.9	1000010000011010	4	1
11990	-2.9	1000010000011010	4	1
11992	-2.9	1000010001011000	4	1
11993	-2.9	1000010001011000	4	1
12003	-2.9	1000010000011100	4	1
12006	-2.9	1000010000011100	4	1
12007	-2.9	1000010000111000	4	1
12008	-2.9	1000010000111000	4	1
12028	-2.9	1000010000100010	4	1
12029	-2.9	1000010000100010	4	1
12030	-2.9	1000010001000100	4	1
12031	-2.9	1000010001000100	4	1
12034	-2.9	1000010001000010	4	1
12035	-2.9	1000010001000010	4	1
12036	-2.9	1000010001100010	4	1
12037	-2.9	1000010000100100	4	1
12038	-2.9	1000010000100100	4	1
12039	-2.9	1000010000100100	4	1
12040	-2.9	1000010000100100	4	1
12041	-3.2	1000010000100100	4	1
12043	-2.9	1000010001000010	4	1
12046	-2.9	1000010001000010	4	1
12047	-2.9	1000010001100010	4	1
12048	-2.9	1000010000100110	4	1
12049	-2.9	1000010000100110	4	1
12050	-2.9	1000010001100100	4	1
12051	-2.9	1000010001100100	4	1
12054	-2.9	1000010001000110	4	1
12057	-2.9	1000010001000110	4	1
12060	-3.2	1000010001000010	4	1
12062	-2.9	1000010000111010	4	1
12063	-2.9	1000010000111010	4	1
12064	-2.9	1000010001011100	4	1
12065	-2.9	1000010001011100	4	1
12067	-2.9	1000010000111100	4	1
12068	-2.9	1000010001011010	4	1
12069	-2.9	1000010001100110	4	1
12073	-2.9	1000010001011010	4	1
12074	-2.9	1000010001011010	4	1
12075	-3.2	1000010001011010	4	1
12077	-2.9	1000010010100110	4	1
12080	-2.9	1000010001011110	4	1
12081	-2.9	1000010001100110	4	1
12083	-2.9	1000010010100110	4	1
12085	-3.2	1000010001100110	4	1
12087	-3.2	1000010011100110	4	1
12089	-3.2	1000010001111110	4	1
12097	-2.9	1000001000011010	4	1
12101	-2.9	1000001000011010	4	1
12103	-2.9	1000001001011000	4	1
12104	-2.9	1000001001011000	4	1
12114	-2.9	1000001000011100	4	1
12117	-2.9	1000001000011100	4	1
12118	-2.9	1000001000111000	4	1
12119	-2.9	1000001000111000	4	1
12139	-2.9	1000001000100010	4	1
12140	-2.9	1000001000100010	4	1
12141	-2.9	1000001001000100	4	1
12142	-2.9	1000001001000100	4	1
12145	-2.9	1000001001000010	4	1
12146	-2.9	1000001001000010	4	1
12147	-2.9	1000001001100010	4	1
12148	-2.9	1000001000100100	4	1
12149	-2.9	1000001000100100	4	1
12150	-2.9	1000001000100100	4	1
12151	-2.9	1000001000100100	4	1
12152	-3.2	1000001000100100	4	1
12154	-2.9	1000001001000010	4	1
12157	-2.9	1000001001000010	4	1
12158	-2.9	1000001001100010	4	1
12159	-2.9	1000001000100110	4	1
12160	-2.9	1000001000100110	4	1
12161	-2.9	1000001001100100	4	1
12162	-2.9	1000001001100100	4	1
12165	-2.9	1000001001000110	4	1
12168	-2.9	1000001001000110	4	1
12171	-3.2	1000001001000010	4	1
12173	-2.9	1000001000111010	4	1
12174	-2.9	1000001000111010	4	1
12175	-2.9	1000001001011100	4	1
12176	-2.9	1000001001011100	4	1
12178	-2.9	1000001000111100	4	1
12179	-2.9	1000001001011010	4	1
12180	-2.9	1000001001100110	4	1
12184	-2.9	1000001001011010	4	1
12185	-2.9	1000001001011010	4	1
12186	-3.2	1000001001011010	4	1
12188	-2.9	1000001010100110	4	1
12191	-2.9	1000001001011110	4	1
12192	-2.9	1000001001100110	4	1
12194	-2.9	1000001010100110	4	1
12196	-3.2	1000001001100110	4	1
12198	-3.2	1000001011100110	4	1
12200	-3.2	1000001001111110	4	1
12202	-2.9	0001100110011000	3	2
12207	-2.9	1000011000011010	4	1
12210	-2.9	0001100110000001	3	2
12211	-2.9	1000011000011010	4	1
12212	-2.9	0001100110000001	3	2
12224	-2.9	1000011000011100	4	1
12227	-2.9	1000011000011100	4	1
12228	-2.9	1000011000111000	4	1
12229	-2.9	1000011000111000	4	1
12242	-2.9	0001100110000101	3	2
12243	-2.9	0001100110000011	3	2
12247	-3.2	0001100110000001	3	2
12249	-2.9	1000011000100010	4	1
12250	-2.9	1000011000100010	4	1
12251	-2.9	1000011001000100	4	1
12252	-2.9	1000011001000100	4	1
12255	-2.9	1000011001000010	4	1
12256	-2.9	1000011001000010	4	1
12258	-2.9	1000011000100100	4	1
12259	-2.9	1000011000100100	4	1
12260	-2.9	1000011000100100	4	1
12261	-2.9	1000011000100100	4	1
12262	-3.2	1000011000100100	4	1
12264	-2.9	1000011001000010	4	1
12267	-2.9	1000011001000010	4	1
12269	-2.9	1000011000100110	4	1
12270	-2.9	1000011000100110	4	1
12275	-2.9	1000011001000110	4	1
12278	-2.9	1000011001000110	4	1
12281	-3.2	1000011001000010	4	1
12283	-2.9	1000011000111010	4	1
12284	-2.9	1000011000111010	4	1
12288	-2.9	1000011000111100	4	1
12291	-2.9	0001100110011001	3	2
12292	-2.9	0001100110011001	3	2
12296	-3.2	1000011001011010	4	1
12297	-2.9	0001100110011101	3	2
12303	-3.2	0001100110100101	3	2
12306	-3.2	1000011001100110	4	1
12309	-3.2	0001100110011001	3	2
12311	-3.5	0001100111111111	3	2
12905	-2.9	1000000110000100	3	1
12906	-2.9	1000000110000010	3	1
12907	-2.9	1000000110000110	3	1
12912	-2.9	1000000110011100	3	1
12913	-2.9	1000000111000110	3	1
12926	-2.9	1000010110000100	3	1
12927	-2.9	1000010110000010	3	1
12928	-2.9	1000010110000110	3	1
12946	-2.9	0101100000011010	4	2
12992	-2.9	0101100000100011	4	1
13002	-2.9	0101100000100101	4	2
13012	-2.9	0101100001000101	4	2
13013	-2.9	0101100001000011	4	1
13021	-2.9	0101100001100011	4	1
13030	-2.9	0101100001011001	4	2
13031	-2.9	0101100001011001	4	2
13032	-2.9	0101100001100101	4	2
13036	-2.9	0101100001011011	4	2
13046	-2.9	0101100001100111	4	2
13048	-2.9	0101100001111001	4	2
13338	-2.9	1000000110000100	3	1
13339	-2.9	1000000110000010	3	1
13340	-2.9	1000000110000110	3	1
13377	-2.9	1000000110000100	3	1
13378	-2.9	1000000110000010	3	1
13379	-2.9	1000000110000110	3	1
13391	-2.9	1000000111000100	3	1
13395	-2.9	1000000111000100	3	1
13410	-2.9	1000000110100100	3	1
13413	-2.9	1000000111000010	3	1
13415	-2.9	1000000110100010	3	1
13416	-2.9	1000000111000010	3	1
13423	-2.9	1000000110011100	3	1
13427	-2.9	1000000111000110	3	1
13433	-2.9	1000000111000110	3	1
13436	-2.9	1000000110011010	3	1
13438	-2.9	1000000110011010	3	1
13441	-2.9	1000000110100110	3	1
13446	-2.9	1000000110100110	3	1
13450	-2.9	1000000110011110	3	1
13468	-2.9	0101100001100011	4	1
13470	-2.9	0101100000011010	4	2
13489	-3.2	0101100000100001	4	1
13490	-3.2	0101100001000001	4	1
13491	-3.2	0101100001100001	4	1
13512	-2.9	0101100000100011	4	1
13522	-2.9	0101100000100101	4	2
13525	-3.2	0101100000100101	4	2
13532	-2.9	0101100001000101	4	2
13533	-2.9	0101100001000011	4	1
13535	-3.2	0101100001000101	4	2
13536	-3.2	0101100001000011	4	1
13541	-2.9	0101100001100011	4	1
13550	-2.9	0101100001011001	4	2
13551	-2.9	0101100001011001	4	2
13552	-2.9	0101100001100101	4	2
13556	-2.9	0101100001011011	4	2
13559	-3.2	0101100001100101	4	2
13566	-2.9	0101100001100111	4	2
13568	-2.9	0101100001111001	4	2
13604	-2.9	0010000111000011	3	2
13606	-2.9	0010000110011001	3	2
13608	-2.9	0010000110100101	3	2
13610	-3.2	0010000110100101	3	2
13611	-2.9	1000010001100110	3	1
13645	-2.9	0100000111000011	3	1
13647	-2.9	0100000110011001	3	1
13649	-2.9	0100000110100101	3	1
13651	-3.2	0100000110100101	3	1
13652	-2.9	1000001001100110	3	1
13685	-2.9	0110000111000011	3	1
13687	-2.9	0110000110011001	3	2
13689	-2.9	0110000110100101	3	1
13691	-3.2	0110000110100101	3	1
13724	-2.9	1000000110000100	3	1
13725	-2.9	1000000110000010	3	1
13726	-2.9	1000000110000110	3	1
13737	-2.9	1000000111000100	3	1
13748	-2.9	1000000110100100	3	1
13751	-2.9	1000000110100010	3	1
13752	-2.9	1000000111000010	3	1
13762	-2.9	1000000110011100	3	1
13770	-2.9	1000000111000110	3	1
13773	-2.9	1000000110011010	3	1
13782	-2.9	1000000110100110	3	1
13785	-2.9	1000000101100110	3	1
13787	-2.9	1000000110011110	3	1
13792	-2.9	0001101001011000	4	2
13809	-3.2	0001101000100001	4	2
13810	-3.2	0001101001000001	4	2
13811	-3.2	0001101001100001	4	2
13823	-2.9	1000010110000100	3	1
13824	-2.9	1000010110000010	3	1
13825	-2.9	1000010110000110	3	1
13832	-2.9	0001101000100011	4	2
13842	-2.9	0001101000100101	4	2
13845	-3.2	0001101000100101	4	2
13852	-2.9	0001101001000101	4	2
13853	-2.9	0001101001000011	4	2
13855	-3.2	0001101001000101	4	2
13856	-3.2	0001101001000011	4	2
13870	-2.9	0001101001011001	4	2
13871	-2.9	0001101001011001	4	2
13876	-2.9	0001101001011011	4	2
13879	-3.2	0001101001100101	4	2
13891	-2.9	0001101001011000	4	2
13921	-2.9	1000001110000100	3	1
13922	-2.9	1000001110000010	3	1
13923	-2.9	1000001110000110	3	1
13930	-2.9	0001101000100011	4	2
13940	-2.9	0001101000100101	4	2
13950	-2.9	0001101001000101	4	2
13951	-2.9	0001101001000011	4	2
13968	-2.9	0001101001011001	4	2
13969	-2.9	0001101001011001	4	2
13974	-2.9	0001101001011011	4	2
14277	-2.9	1010000110000100	4	2
14278	-2.9	1010000110000010	4	1
14279	-2.9	1010000110000110	4	1
14280	-2.9	1010000110000100	4	2
14281	-2.9	1010000110000110	4	1
14282	-3.2	1010000110000100	4	2
14283	-3.2	1010000110000010	4	1
14284	-3.2	1010000110000110	4	1
14306	-2.9	1010000111000100	4	2
14307	-3.2	1010000111000100	4	2
14308	-2.9	1010000101000010	4	1
14309	-2.9	1010000110100010	4	1
14310	-2.9	1010000100100100	4	2
14313	-2.9	1010000110100100	4	2
14314	-2.9	1010000110100100	4	2
14315	-3.2	1010000110100100	4	2
14316	-2.9	1010000110100010	4	1
14317	-2.9	1010000111000010	4	1
14321	-3.2	1010000110100010	4	1
14322	-3.2	1010000111000010	4	1
14323	-3.2	1010000111100010	4	1
14325	-2.9	1010000111000110	4	1
14326	-3.2	1010000111000110	4	1
14327	-2.9	1010000101100110	4	1
14332	-2.9	1010000110100110	4	1
14334	-3.2	1010000110100110	4	1
14336	-2.9	1010000110100110	4	1
14338	-3.2	1010000111100110	4	1
14339	-3.2	1010000111100110	4	1
14341	-2.9	0010000110000100	4	2
14388	-2.9	0010000110100011	4	2
14392	-2.9	0010000110100101	4	2
14395	-2.9	0010000110100111	4	2
14405	-2.9	0100000110000010	4	1
14451	-2.9	0100000110100011	4	1
14455	-2.9	0100000110100101	4	1
14458	-2.9	0100000110100111	4	1
14468	-2.9	0110000110000110	4	2
14513	-2.9	0110000110100011	4	1
14517	-2.9	0110000110100101	4	1
14520	-2.9	0110000110100111	4	2
14526	-2.9	1101100001100110	3	2
14530	-2.9	0010000110000100	4	2
14574	-2.9	0010000110100011	4	2
14578	-2.9	0010000110100101	4	2
14581	-2.9	0010000110100111	4	2
14591	-2.9	0110000110000110	4	2
14634	-2.9	0110000110100011	4	1
14638	-2.9	0110000110100101	4	1
14641	-2.9	0110000110100111	4	2
14705	-3.2	0010000110100011	4	2
14716	-3.2	0010000110100101	4	2
14725	-3.2	1000010001100110	3	1
14784	-3.2	0100000110100011	4	1
14795	-3.2	0100000110100101	4	1
14804	-3.2	1000001001100110	3	1
14834	-3.2	0001101110000001	3	2
14863	-3.2	0110000110100011	4	1
14874	-3.2	0110000110100101	4	1
14883	-3.2	1000011001100110	3	1
14886	-3.2	0001101110011001	3	2
15354	-2.9	1000000110000100	4	1
15355	-2.9	1000000110000010	4	1
15356	-2.9	1000000110000110	4	1
15387	-2.9	1000000111000100	4	1
15397	-2.9	1000000110100010	4	1
15398	-2.9	1000000111000010	4	1
15400	-2.9	1000000110100100	4	1
15416	-2.9	1000000110011100	4	1
15431	-2.9	1000000110011010	4	1
15435	-2.9	1000000110100110	4	1
15440	-2.9	1000000110100110	4	1
15443	-3.2	1000000111100110	4	1
15449	-2.9	0011100001011001	4	2
15450	-2.9	0011100001100101	4	2
15453	-2.9	0011100000011100	4	2
15482	-2.9	0011100000100011	4	2
15492	-2.9	0011100000100101	4	2
15502	-2.9	0011100001000101	4	2
15503	-2.9	0011100001000011	4	2
15511	-2.9	0011100001100011	4	2
15520	-2.9	0011100001011001	4	2
15521	-2.9	0011100001011001	4	2
15522	-2.9	0011100001100101	4	2
15526	-2.9	0011100001011011	4	2
15536	-2.9	0011100001100111	4	2
15538	-2.9	0011100001111001	4	2
15778	-2.9	1010000110000100	3	2
15779	-2.9	1010000110000010	3	1
15780	-2.9	1010000110000110	3	1
15783	-2.9	1010000110011100	3	2
15784	-2.9	1010000111000110	3	1
15787	-2.9	0001110001011001	4	2
15788	-2.9	0001110001100101	4	2
15791	-2.9	0011100000011100	4	2
15794	-3.2	0011100000100001	4	1
15795	-3.2	0011100001000001	4	1
15796	-3.2	0011100001100001	4	1
15817	-2.9	0011100000100011	4	2
15827	-2.9	0011100000100101	4	2
15830	-3.2	0011100000100101	4	2
15837	-2.9	0011100001000101	4	2
15838	-2.9	0011100001000011	4	2
15840	-3.2	0011100001000101	4	2
15841	-3.2	0011100001000011	4	2
15846	-2.9	0011100001100011	4	2
15855	-2.9	0011100001011001	4	2
15856	-2.9	0011100001011001	4	2
15857	-2.9	0011100001100101	4	2
15861	-2.9	0011100001011011	4	2
15864	-3.2	0011100001100101	4	2
15871	-2.9	0011100001100111	4	2
15873	-2.9	0011100001111001	4	2
15897	-2.9	0010000110100101	3	2
15926	-2.9	0100000110100101	3	1
15955	-2.9	0110000110100101	3	1
15961	-2.9	0001110000111000	4	2
15963	-3.2	0001110000100001	4	2
15964	-3.2	0001110001000001	4	2
15965	-3.2	0001110001100001	4	2
15986	-2.9	0001110000100011	4	2
15996	-2.9	0001110000100101	4	2
15999	-3.2	0001110000100101	4	2
16006	-2.9	0001110001000101	4	2
16007	-2.9	0001110001000011	4	2
16009	-3.2	0001110001000101	4	2
16010	-3.2	0001110001000011	4	2
16015	-2.9	0001110001100011	4	2
16024	-2.9	0001110001011001	4	2
16025	-2.9	0001110001011001	4	2
16026	-2.9	0001110001100101	4	2
16030	-2.9	0001110001011011	4	2
16033	-3.2	0001110001100101	4	2
16040	-2.9	0001110001100111	4	2
16045	-2.9	0001110000111000	4	2
16069	-2.9	0001110000100011	4	2
16079	-2.9	0001110000100101	4	2
16089	-2.9	0001110001000101	4	2
16090	-2.9	0001110001000011	4	2
16098	-2.9	0001110001100011	4	2
16107	-2.9	0001110001011001	4	2
16108	-2.9	0001110001011001	4	2
16109	-2.9	0001110001100101	4	2
16113	-2.9	0001110001011011	4	2
16123	-2.9	0001110001100111	4	2
16129	-2.9	1100000110000100	4	2
16130	-2.9	1100000110000010	4	1
16131	-2.9	1100000110000110	4	1
16132	-2.9	1100000110000100	4	2
16133	-2.9	1100000110000110	4	1
16134	-3.2	1100000110000100	4	2
16135	-3.2	1100000110000010	4	1
16136	-3.2	1100000110000110	4	1
16138	-2.9	1100000110100010	4	1
16141	-2.9	1100000111000100	4	2
16143	-2.9	1100000100100100	4	2
16144	-2.9	1100000101000010	4	1
16145	-2.9	1100000110100010	4	1
16146	-2.9	1100000111000010	4	1
16148	-2.9	1100000110100100	4	2
16149	-2.9	1100000110100100	4	2
16150	-3.2	1100000110100100	4	2
16151	-3.2	1100000110100010	4	1
16152	-3.2	1100000111000010	4	1
16155	-3.2	1100000111100100	4	2
16156	-2.9	1100000110011100	4	2
16157	-2.9	1100000110100110	4	1
16160	-2.9	1100000110011010	4	1
16161	-2.9	1100000101011010	4	1
16162	-2.9	1100000101100110	4	1
16163	-2.9	1100000110011110	4	1
16164	-2.9	1100000110100110	4	1
16167	-3.2	1100000110100110	4	1
16168	-2.9	1100000110100110	4	1
16170	-3.2	1100000111100110	4	1
16171	-3.2	1100000111100110	4	1
16173	-2.9	0010000110000100	4	2
16217	-2.9	0100000110000010	4	1
16260	-2.9	0110000110000110	4	2
16298	-2.9	1011100001100110	3	2
16302	-2.9	0010000110000100	4	2
16343	-2.9	0110000110000110	4	2
16399	-3.2	1000010000100010	4	1
16400	-3.2	1000010001000100	4	1
16408	-3.2	1000010000100100	4	1
16409	-3.5	1000010000100100	4	1
16415	-3.2	1000010001000010	4	1
16416	-3.2	1000010001100010	4	1
16418	-3.2	1000010000100110	4	1
16419	-3.2	1000010001100100	4	1
16423	-3.2	1000010001000110	4	1
16425	-3.5	1000010001000010	4	1
16429	-3.2	1000010000111010	4	1
16430	-3.2	1000010001011100	4	1
16433	-3.2	1000010000111100	4	1
16439	-3.2	1000010001011010	4	1
16440	-3.5	1000010001011010	4	1
16443	-3.2	1000010001011110	4	1
16444	-3.2	1000010001100110	4	1
16445	-3.2	1000010001111010	4	1
16447	-3.5	1000010001100110	4	1
16450	-3.5	1000010001111110	4	1
16467	-3.2	1000001000100010	4	1
16468	-3.2	1000001001000100	4	1
16476	-3.2	1000001000100100	4	1
16477	-3.5	1000001000100100	4	1
16483	-3.2	1000001001000010	4	1
16484	-3.2	1000001001100010	4	1
16486	-3.2	1000001000100110	4	1
16487	-3.2	1000001001100100	4	1
16491	-3.2	1000001001000110	4	1
16493	-3.5	1000001001000010	4	1
16497	-3.2	1000001000111010	4	1
16498	-3.2	1000001001011100	4	1
16501	-3.2	1000001000111100	4	1
16507	-3.2	1000001001011010	4	1
16508	-3.5	1000001001011010	4	1
16511	-3.2	1000001001011110	4	1
16512	-3.2	1000001001100110	4	1
16513	-3.2	1000001001111010	4	1
16515	-3.5	1000001001100110	4	1
16518	-3.5	1000001001111110	4	1
16533	-3.2	0001110110000001	3	2
16535	-3.2	1000011000100010	4	1
16536	-3.2	1000011001000100	4	1
16544	-3.2	1000011000100100	4	1
16545	-3.5	1000011000100100	4	1
16551	-3.2	1000011001000010	4	1
16552	-3.2	1000011001100010	4	1
16554	-3.2	1000011000100110	4	1
16555	-3.2	1000011001100100	4	1
16559	-3.2	1000011001000110	4	1
16561	-3.5	1000011001000010	4	1
16565	-3.2	1000011000111010	4	1
16566	-3.2	1000011001011100	4	1
16569	-3.2	1000011000111100	4	1
16575	-3.2	1000011001011010	4	1
16576	-3.5	1000011001011010	4	1
16579	-3.2	1000011001011110	4	1
16580	-3.2	1000011001100110	4	1
16583	-3.5	1000011001100110	4	1
16585	-3.2	0001110110011001	3	2
16586	-3.5	1000011001111110	4	1
16958	-2.9	1010000110100110	4	1
16964	-2.9	1010000110100110	4	1
16968	-3.2	1010000111100110	4	1
17032	-2.9	1100000110100110	4	1
17038	-2.9	1100000110100110	4	1
17042	-3.2	1100000111100110	4	1
17264	-2.9	1010000110000100	3	2
17265	-2.9	1010000110000010	3	1
17266	-2.9	1010000110000110	3	1
17277	-2.9	1010000111000100	3	2
17288	-2.9	1010000110100100	3	2
17291	-2.9	1010000110100010	3	1
17292	-2.9	1010000111000010	3	1
17302	-2.9	1010000110011100	3	2
17310	-2.9	1010000111000110	3	1
17313	-2.9	1010000110011010	3	2
17322	-2.9	1010000110100110	3	1
17325	-2.9	1010000101100110	3	1
17327	-2.9	1010000110011110	3	1
17333	-2.9	1100000110000100	3	2
17334	-2.9	1100000110000010	3	1
17335	-2.9	1100000110000110	3	1
17346	-2.9	1100000111000100	3	2
17357	-2.9	1100000110100100	3	2
17360	-2.9	1100000110100010	3	1
17361	-2.9	1100000111000010	3	1
17371	-2.9	1100000110011100	3	2
17379	-2.9	1100000111000110	3	1
17382	-2.9	1100000110011010	3	1
17391	-2.9	1100000110100110	3	1
17394	-2.9	1100000101100110	3	1
17396	-2.9	1100000110011110	3	1
17401	-2.9	0010000110000100	3	2
17404	-3.2	0010000110000001	3	1
17442	-2.9	0010000110100011	3	2
17443	-2.9	0010000111000011	3	2
17446	-2.9	0010000111000101	3	2
17448	-2.9	0010000110011001	3	2
17449	-2.9	0010000110011001	3	2
17451	-2.9	0010000110100101	3	2
17452	-2.9	0010000110100101	3	2
17454	-2.9	0010000110011101	3	2
17458	-2.9	0010000110100111	3	2
17460	-3.2	0010000110100101	3	2
17466	-3.2	0010000110011001	3	2
17467	-3.2	0010000111100111	3	2
17468	-3.5	0010000111111111	3	2
17469	-2.9	0100000110000010	3	1
17471	-3.2	0100000110000001	3	1
17509	-2.9	0100000110100011	3	1
17510	-2.9	0100000111000011	3	1
17513	-2.9	0100000111000101	3	1
17515	-2.9	0100000110011001	3	1
17516	-2.9	0100000110011001	3	1
17518	-2.9	0100000110100101	3	1
17519	-2.9	0100000110100101	3	1
17521	-2.9	0100000110011101	3	1
17525	-2.9	0100000110100111	3	1
17527	-3.2	0100000110100101	3	1
17533	-3.2	0100000110011001	3	1
17534	-3.2	0100000111100111	3	1
17535	-3.5	0100000111111111	3	1
17536	-2.9	0110000110000110	3	2
17537	-3.2	0110000110000001	3	1
17575	-2.9	0110000110100011	3	1
17576	-2.9	0110000111000011	3	1
17579	-2.9	0110000111000101	3	1
17581	-2.9	0110000110011001	3	2
17582	-2.9	0110000110011001	3	2
17584	-2.9	0110000110100101	3	1
17585	-2.9	0110000110100101	3	1
17587	-2.9	0110000110011101	3	2
17591	-2.9	0110000110100111	3	2
17593	-3.2	0110000110100101	3	1
17599	-3.2	0110000110011001	3	2
17600	-3.2	0110000111100111	3	2
17601	-3.5	0110000111111111	3	2
17602	-3.2	1000000110000001	3	1
17612	-3.2	1000000111000100	3	1
17623	-3.2	1000000110100100	3	1
17626	-3.2	1000000110100010	3	1
17627	-3.2	1000000111000010	3	1
17637	-3.2	1000000110011100	3	1
17642	-3.2	1000000111011100	3	1
17645	-3.2	1000000111000110	3	1
17648	-3.2	1000000110011010	3	1
17654	-3.2	1000000111011010	3	1
17655	-3.2	1000000110111010	3	1
17657	-3.2	1000000110100110	3	1
17660	-3.2	1000000101100110	3	1
17661	-3.2	1000000111100110	3	1
17662	-3.2	1000000110011110	3	1
17768	-2.9	1110000110100110	4	2
17769	-2.9	1110000110100110	4	2
17771	-3.2	1110000111100110	4	2
17788	-3.2	1110000110100110	4	2
17789	-3.2	1110000110100110	4	2
17791	-3.5	1110000111100110	4	2
17820	-3.5	1000000101100110	3	1
17836	-2.9	0010001001100011	4	2
17838	-2.9	0100010001011001	4	1
17839	-2.9	0100010001100101	4	1
17842	-2.9	0100010000100010	4	1
17846	-2.9	0100010000100011	4	1
17856	-2.9	0100010000100101	4	1
17866	-2.9	0100010001000101	4	1
17867	-2.9	0100010001000011	4	1
17875	-2.9	0100010001100011	4	1
17884	-2.9	0100010001011001	4	1
17885	-2.9	0100010001011001	4	1
17886	-2.9	0100010001100101	4	1
17890	-2.9	0100010001011011	4	1
17900	-2.9	0100010001100111	4	1
17915	-2.9	0100010001100011	4	1
17917	-2.9	0010001001011001	4	2
17918	-2.9	0010001001100101	4	2
17921	-2.9	0100010000100010	4	1
17924	-2.9	0100010000100011	4	1
17934	-2.9	0100010000100101	4	1
17937	-3.2	0100010000100101	4	1
17944	-2.9	0100010001000101	4	1
17945	-2.9	0100010001000011	4	1
17947	-3.2	0100010001000101	4	1
17948	-3.2	0100010001000011	4	1
17953	-2.9	0100010001100011	4	1
17962	-2.9	0100010001011001	4	1
17963	-2.9	0100010001011001	4	1
17964	-2.9	0100010001100101	4	1
17968	-2.9	0100010001011011	4	1
17971	-3.2	0100010001100101	4	1
17978	-2.9	0100010001100111	4	1
17989	-2.9	0010001001000100	4	2
17991	-2.9	0010001000100011	4	2
18001	-2.9	0010001000100101	4	2
18004	-3.2	0010001000100101	4	2
18011	-2.9	0010001001000101	4	2
18012	-2.9	0010001001000011	4	2
18014	-3.2	0010001001000101	4	2
18015	-3.2	0010001001000011	4	2
18020	-2.9	0010001001100011	4	2
18029	-2.9	0010001001011001	4	2
18030	-2.9	0010001001011001	4	2
18031	-2.9	0010001001100101	4	2
18035	-2.9	0010001001011011	4	2
18038	-3.2	0010001001100101	4	2
18045	-2.9	0010001001100111	4	2
18050	-2.9	0010001001000100	4	2
18051	-2.9	0010001000100011	4	2
18061	-2.9	0010001000100101	4	2
18071	-2.9	0010001001000101	4	2
18072	-2.9	0010001001000011	4	2
18080	-2.9	0010001001100011	4	2
18089	-2.9	0010001001011001	4	2
18090	-2.9	0010001001011001	4	2
18091	-2.9	0010001001100101	4	2
18095	-2.9	0010001001011011	4	2
18105	-2.9	0010001001100111	4	2
18110	-2.9	1010001001000010	4	1
18111	-2.9	1010001000100100	4	2
18112	-2.9	1100010000100100	4	2
18113	-2.9	1100010001000010	4	1
18114	-2.9	1010001001100110	4	1
18115	-2.9	1100010001011010	4	1
18116	-2.9	1100010001100110	4	1
18120	-2.9	1100010001000010	4	1
18121	-2.9	1100010001000010	4	1
18122	-2.9	1100010001100010	4	1
18123	-2.9	1100010000100100	4	2
18124	-2.9	1100010000100100	4	2
18125	-2.9	1100010000100100	4	2
18126	-2.9	1100010000100100	4	2
18127	-3.2	1100010000100100	4	2
18129	-2.9	1100010001000010	4	1
18132	-2.9	1100010001000010	4	1
18133	-2.9	1100010001100010	4	1
18134	-2.9	1100010000100110	4	1
18135	-2.9	1100010000100110	4	1
18136	-2.9	1100010001100100	4	2
18137	-2.9	1100010001100100	4	2
18140	-2.9	1100010001000110	4	1
18143	-2.9	1100010001000110	4	1
18146	-3.2	1100010001000010	4	1
18148	-2.9	1100010000111010	4	1
18149	-2.9	1100010000111010	4	1
18150	-2.9	1100010001011100	4	1
18151	-2.9	1100010001011100	4	1
18153	-2.9	1100010000111100	4	1
18154	-2.9	1100010001011010	4	1
18155	-2.9	1100010001100110	4	1
18159	-2.9	1100010001011010	4	1
18160	-2.9	1100010001011010	4	1
18161	-3.2	1100010001011010	4	1
18163	-2.9	1100010010100110	4	1
18166	-2.9	1100010001011110	4	1
18167	-2.9	1100010001100110	4	1
18169	-2.9	1100010010100110	4	1
18171	-3.2	1100010001100110	4	1
18173	-3.2	1100010011100110	4	1
18175	-3.2	1100010001111110	4	1
18181	-2.9	0100001001100011	4	1
18183	-2.9	0100001001011001	4	1
18184	-2.9	0100001001100101	4	1
18193	-2.9	1100010001100110	3	1
18251	-3.2	0010001110100011	4	2
18262	-3.2	0010001110100101	4	2
18271	-3.2	1100010001100110	3	1
18276	-2.9	0100001001000010	4	1
18278	-2.9	0100001001000010	4	1
18285	-2.9	0100001000100101	4	1
18286	-2.9	0100001000100101	4	1
18300	-2.9	0100001001000101	4	1
18301	-2.9	0100001001000011	4	1
18305	-2.9	0100001001100011	4	1
18306	-2.9	0100001010100011	4	1
18307	-2.9	0100001001100011	4	1
18320	-2.9	0100001001011001	4	1
18321	-2.9	0100001010100101	4	1
18322	-2.9	0100001001100101	4	1
18332	-2.9	0100001001100111	4	1
18371	-2.9	0100001001000010	4	1
18378	-2.9	0100001000100101	4	1
18388	-2.9	0100001001000101	4	1
18389	-2.9	0100001001000011	4	1
18397	-2.9	0100001001100011	4	1
18406	-2.9	0100001001011001	4	1
18407	-2.9	0100001001011001	4	1
18408	-2.9	0100001001100101	4	1
18412	-2.9	0100001001011011	4	1
18422	-2.9	0100001001100111	4	1
18433	-2.9	0100011000100101	4	1
18443	-2.9	0100011001000101	4	1
18444	-2.9	0100011001000011	4	1
18473	-3.2	0010001110100101	3	2
18479	-3.2	0010001110011001	3	2
18504	-2.9	0010010001100011	4	2
18506	-2.9	0010010001011001	4	2
18507	-2.9	0010010001100101	4	2
18510	-2.9	0010010000100100	4	2
18511	-2.9	0010010000100100	4	2
18514	-2.9	0010010000100101	4	2
18515	-2.9	0010010000100101	4	2
18529	-2.9	0010010001000101	4	2
18530	-2.9	0010010001000011	4	2
18534	-2.9	0010010001100011	4	2
18535	-2.9	0010010010100011	4	2
18536	-2.9	0010010001100011	4	2
18549	-2.9	0010010001011001	4	2
18550	-2.9	0010010010100101	4	2
18551	-2.9	0010010001100101	4	2
18561	-2.9	0010010001100111	4	2
18566	-2.9	0010010000100100	4	2
18570	-2.9	0010010000100101	4	2
18580	-2.9	0010010001000101	4	2
18581	-2.9	0010010001000011	4	2
18589	-2.9	0010010001100011	4	2
18598	-2.9	0010010001011001	4	2
18599	-2.9	0010010001011001	4	2
18600	-2.9	0010010001100101	4	2
18604	-2.9	0010010001011011	4	2
18614	-2.9	0010010001100111	4	2
18619	-2.9	0010010000100100	4	2
18620	-2.9	0010010000100100	4	2
18622	-2.9	0010010001000011	4	2
18623	-2.9	0010010000100101	4	2
18638	-2.9	0010010001000101	4	2
18639	-2.9	0010010001000011	4	2
18644	-2.9	0010010001100011	4	2
18655	-2.9	0010010001011001	4	2
18656	-2.9	0010010001011001	4	2
18657	-2.9	0010010001100101	4	2
18659	-2.9	0010010001100101	4	2
18671	-2.9	0010010001100111	4	2
18676	-2.9	0010010000100100	4	2
18678	-2.9	0010010000100101	4	2
18681	-3.2	0010010000100101	4	2
18688	-2.9	0010010001000101	4	2
18689	-2.9	0010010001000011	4	2
18691	-3.2	0010010001000101	4	2
18692	-3.2	0010010001000011	4	2
18697	-2.9	0010010001100011	4	2
18706	-2.9	0010010001011001	4	2
18707	-2.9	0010010001011001	4	2
18708	-2.9	0010010001100101	4	2
18712	-2.9	0010010001011011	4	2
18715	-3.2	0010010001100101	4	2
18722	-2.9	0010010001100111	4	2
18728	-2.9	0010010001011001	3	2
18732	-3.5	0010010011111111	3	2
18733	-3.5	0010010000100100	3	2
18734	-3.2	0010010000100101	4	2
18737	-3.5	0010010000100101	4	2
18744	-3.2	0010010001000101	4	2
18745	-3.2	0010010001000011	4	2
18747	-3.5	0010010001000101	4	2
18748	-3.5	0010010001000011	4	2
18753	-3.2	0010010001100011	4	2
18762	-3.2	0010010001011001	4	2
18763	-3.2	0010010001011001	4	2
18764	-3.2	0010010001100101	4	2
18768	-3.2	0010010001011011	4	2
18771	-3.5	0010010001100101	4	2
18778	-3.2	0010010001100111	4	2
18780	-3.2	0010010001111001	4	2
18784	-2.9	1100001001000010	4	1
18785	-2.9	1010010001100110	4	1
18786	-2.9	1100001001011010	4	1
18787	-2.9	1100001001100110	4	1
18789	-2.9	1010010001000010	4	1
18792	-2.9	1010010001000010	4	1
18793	-2.9	1010010001100010	4	1
18794	-2.9	1010010000100110	4	1
18795	-2.9	1010010000100110	4	1
18796	-2.9	1010010001100100	4	2
18797	-2.9	1010010001100100	4	2
18800	-2.9	1010010001000110	4	1
18803	-2.9	1010010001000110	4	1
18806	-3.2	1010010001000010	4	1
18808	-2.9	1010010000111010	4	1
18809	-2.9	1010010000111010	4	1
18810	-2.9	1010010001011100	4	2
18811	-2.9	1010010001011100	4	2
18813	-2.9	1010010000111100	4	2
18814	-2.9	1010010001011010	4	1
18815	-2.9	1010010001100110	4	1
18819	-2.9	1010010001011010	4	1
18820	-2.9	1010010001011010	4	1
18821	-3.2	1010010001011010	4	1
18823	-2.9	1010010010100110	4	1
18826	-2.9	1010010001011110	4	1
18827	-2.9	1010010001100110	4	1
18829	-2.9	1010010010100110	4	1
18831	-3.2	1010010001100110	4	1
18833	-3.2	1010010011100110	4	1
18835	-3.2	1010010001111110	4	1
18837	-2.9	0100001001000010	4	1
18843	-2.9	0100001001000010	4	1
18851	-2.9	0100001001000101	4	1
18852	-2.9	0100001001000011	4	1
18857	-2.9	0100001001100011	4	1
18868	-2.9	0100001001011001	4	1
18869	-2.9	0100001001011001	4	1
18870	-2.9	0100001001100101	4	1
18872	-2.9	0100001001100101	4	1
18884	-2.9	0100001001100111	4	1
18890	-2.9	1010010001100110	3	1
18959	-3.2	0010010110100011	4	2
18970	-3.2	0010010110100101	4	2
18979	-3.2	1010010001100110	3	1
18984	-2.9	0110001001011001	4	2
19036	-3.2	1010010001000010	4	1
19037	-3.2	1010010001100010	4	1
19039	-3.2	1010010000100110	4	1
19040	-3.2	1010010001100100	4	2
19044	-3.2	1010010001000110	4	1
19046	-3.5	1010010001000010	4	1
19050	-3.2	1010010000111010	4	2
19051	-3.2	1010010001011100	4	2
19054	-3.2	1010010000111100	4	2
19060	-3.2	1010010001011010	4	2
19061	-3.5	1010010001011010	4	2
19064	-3.2	1010010001011110	4	1
19065	-3.2	1010010001100110	4	1
19066	-3.2	1010010001111010	4	1
19068	-3.5	1010010001100110	4	1
19071	-3.5	1010010001111110	4	1
19072	-2.9	0100001001000010	4	1
19078	-2.9	0100001001000101	4	1
19079	-2.9	0100001001000011	4	1
19081	-3.2	0100001001000101	4	1
19082	-3.2	0100001001000011	4	1
19087	-2.9	0100001001100011	4	1
19096	-2.9	0100001001011001	4	1
19097	-2.9	0100001001011001	4	1
19098	-2.9	0100001001100101	4	1
19102	-2.9	0100001001011011	4	1
19105	-3.2	0100001001100101	4	1
19112	-2.9	0100001001100111	4	1
19122	-2.9	0100011001000101	4	1
19123	-2.9	0100011001000011	4	1
19125	-3.2	0100011001000101	4	1
19126	-3.2	0100011001000011	4	1
19149	-3.2	0100011001100101	4	1
19152	-3.2	0010010110100101	3	2
19158	-3.2	0010010110011001	3	2
19182	-2.9	0110010001011001	4	1
19187	-2.9	0110010000100110	4	1
19191	-2.9	0110010001000101	4	1
19192	-2.9	0110010001000011	4	1
19200	-2.9	0110010001100011	4	1
19209	-2.9	0110010001011001	4	1
19210	-2.9	0110010001011001	4	1
19211	-2.9	0110010001100101	4	1
19215	-2.9	0110010001011011	4	1
19225	-2.9	0110010001100111	4	1
19231	-2.9	1010001001100110	3	1
19234	-2.9	1100001001100110	3	1
19235	-2.9	0110010000100110	4	2
19238	-2.9	0110010001000101	4	1
19239	-2.9	0110010001000011	4	1
19241	-3.2	0110010001000101	4	1
19242	-3.2	0110010001000011	4	1
19247	-2.9	0110010001100011	4	1
19256	-2.9	0110010001011001	4	2
19257	-2.9	0110010001011001	4	2
19258	-2.9	0110010001100101	4	1
19262	-2.9	0110010001011011	4	2
19265	-3.2	0110010001100101	4	1
19272	-2.9	0110010001100111	4	2
19278	-2.9	0100001001011001	3	1
19282	-3.5	0100001011111111	3	1
19285	-2.9	0010011001000101	4	2
19286	-2.9	0010011001000011	4	2
19288	-3.2	0010011001000101	4	2
19289	-3.2	0010011001000011	4	2
19312	-3.2	0010011001100101	4	2
19315	-3.2	0100010110100101	3	1
19321	-3.2	0100010110011001	3	1
19325	-2.9	0010011001000101	4	2
19326	-2.9	0010011001000011	4	2
19355	-3.2	0100001110100101	3	1
19361	-3.2	0100001110011001	3	1
19366	-2.9	1010001001000110	4	1
19369	-2.9	1010001001000110	4	1
19372	-3.2	1010001001000010	4	1
19374	-2.9	1010001000111010	4	1
19375	-2.9	1010001000111010	4	1
19376	-2.9	1010001001011100	4	2
19377	-2.9	1010001001011100	4	2
19379	-2.9	1010001000111100	4	2
19380	-2.9	1010001001011010	4	1
19381	-2.9	1010001001100110	4	1
19385	-2.9	1010001001011010	4	1
19386	-2.9	1010001001011010	4	1
19387	-3.2	1010001001011010	4	1
19389	-2.9	1010001010100110	4	1
19392	-2.9	1010001001011110	4	1
19393	-2.9	1010001001100110	4	1
19395	-2.9	1010001010100110	4	1
19397	-3.2	1010001001100110	4	1
19399	-3.2	1010001011100110	4	1
19401	-3.2	1010001001111110	4	1
19404	-2.9	1100001001000110	4	1
19407	-2.9	1100001001000110	4	1
19410	-3.2	1100001001000010	4	1
19412	-2.9	1100001000111010	4	1
19413	-2.9	1100001000111010	4	1
19414	-2.9	1100001001011100	4	1
19415	-2.9	1100001001011100	4	1
19417	-2.9	1100001000111100	4	1
19418	-2.9	1100001001011010	4	1
19419	-2.9	1100001001100110	4	1
19423	-2.9	1100001001011010	4	1
19424	-2.9	1100001001011010	4	1
19425	-3.2	1100001001011010	4	1
19427	-2.9	1100001010100110	4	1
19430	-2.9	1100001001011110	4	1
19431	-2.9	1100001001100110	4	1
19433	-2.9	1100001010100110	4	1
19435	-3.2	1100001001100110	4	1
19437	-3.2	1100001011100110	4	1
19439	-3.2	1100001001111110	4	1
19441	-2.9	0110001001000110	4	2
19442	-3.2	0110001001000101	4	1
19443	-3.2	0110001001000011	4	1
19448	-2.9	0110001001100011	4	1
19457	-2.9	0110001001011001	4	2
19458	-2.9	0110001001011001	4	2
19459	-2.9	0110001001100101	4	1
19463	-2.9	0110001001011011	4	2
19466	-3.2	0110001001100101	4	1
19473	-2.9	0110001001100111	4	2
19479	-3.5	1010001001000010	4	1
19483	-3.2	1010001000111010	4	2
19484	-3.2	1010001001011100	4	2
19487	-3.2	1010001000111100	4	2
19493	-3.2	1010001001011010	4	2
19494	-3.5	1010001001011010	4	2
19497	-3.2	1010001001011110	4	1
19498	-3.2	1010001001100110	4	1
19499	-3.2	1010001001111010	4	1
19501	-3.5	1010001001100110	4	1
19504	-3.5	1010001001111110	4	1
19506	-3.5	1100001001000010	4	1
19510	-3.2	1100001000111010	4	1
19511	-3.2	1100001001011100	4	2
19514	-3.2	1100001000111100	4	2
19520	-3.2	1100001001011010	4	1
19521	-3.5	1100001001011010	4	1
19524	-3.2	1100001001011110	4	1
19525	-3.2	1100001001100110	4	1
19526	-3.2	1100001001111010	4	1
19528	-3.5	1100001001100110	4	1
19531	-3.5	1100001001111110	4	1
19532	-2.9	0110001001000110	4	2
19536	-2.9	0110001001100011	4	1
19545	-2.9	0110001001011001	4	2
19546	-2.9	0110001001011001	4	2
19547	-2.9	0110001001100101	4	1
19551	-2.9	0110001001011011	4	2
19561	-2.9	0110001001100111	4	2
19567	-3.2	0100010110100011	4	1
19578	-3.2	0100010110100101	4	1
19587	-3.2	1010001001100110	3	1
19593	-3.2	0100001110100011	4	1
19604	-3.2	0100001110100101	4	1
19613	-3.2	1100001001100110	3	1
19623	-3.5	0100001001000010	3	1
19624	-3.2	0100001001100011	4	1
19633	-3.2	0100001001011001	4	1
19634	-3.2	0100001001011001	4	1
19635	-3.2	0100001001100101	4	1
19639	-3.2	0100001001011011	4	1
19642	-3.5	0100001001100101	4	1
19649	-3.2	0100001001100111	4	1
19651	-3.2	0100001001111001	4	1
19670	-2.9	1100011000111010	4	1
19674	-2.9	0011100110011100	4	2
19676	-3.2	1100010111000110	4	1
19684	-3.2	1100010110100110	4	1
19691	-2.9	0011100110011100	3	2
19692	-2.9	1100011000111010	4	1
19693	-2.9	1100011000111010	4	1
19697	-2.9	1100011000111100	4	1
19700	-2.9	0011100110011001	3	2
19701	-2.9	0011100110011001	3	2
19705	-3.2	1100011001011010	4	1
19706	-2.9	0011100110011101	3	2
19712	-3.2	0011100110100101	3	2
19715	-3.2	1100011001100110	4	1
19718	-3.2	0011100110011001	3	2
19720	-3.5	0011100111111111	3	2
19721	-2.9	0101110000111010	4	2
19729	-2.9	0101110001011001	4	2
19730	-2.9	0101110001011001	4	2
19731	-2.9	0101110001100101	4	1
19735	-2.9	0101110001011011	4	2
19745	-2.9	0101110001100111	4	2
19752	-2.9	0011101001011001	4	2
19756	-2.9	0101110000111010	4	2
19763	-2.9	0101110001011001	4	2
19764	-2.9	0101110001011001	4	2
19765	-2.9	0101110001100101	4	1
19769	-2.9	0101110001011011	4	2
19772	-3.2	0101110001100101	4	2
19779	-2.9	0101110001100111	4	2
19786	-2.9	0011101001011100	4	2
19792	-2.9	0011101001011001	4	2
19793	-2.9	0011101001011001	4	2
19798	-2.9	0011101001011011	4	2
19801	-3.2	0011101001100101	4	2
19813	-2.9	0011101001011100	4	2
19818	-2.9	0011101001011001	4	2
19819	-2.9	0011101001011001	4	2
19824	-2.9	0011101001011011	4	2
19851	-2.9	1101110001100110	3	2
19859	-3.2	0110001110100101	4	1
19868	-3.2	1100011001100110	3	1
19871	-3.2	0011101110011001	3	2
19873	-2.9	0011110000111100	4	2
19876	-2.9	0011110001011001	4	2
19877	-2.9	0011110001011001	4	2
19878	-2.9	0011110001100101	4	2
19882	-2.9	0011110001011011	4	2
19885	-3.2	0011110001100101	4	2
19892	-2.9	0011110001100111	4	2
19897	-2.9	0011110001011001	3	2
19902	-2.9	0101101001011010	4	2
19904	-2.9	0101101001011001	4	2
19905	-2.9	0101101001011001	4	2
19910	-2.9	0101101001011011	4	2
19938	-3.2	0110001110100101	3	1
19944	-3.2	0110001110011001	3	2
19953	-2.9	1001100110011010	3	2
19954	-2.9	1001101001011010	4	2
19955	-2.9	1001101001011010	4	2
19957	-3.2	1001101001011010	4	2
19958	-2.9	1001101001011110	4	2
19961	-3.2	1001101001100110	4	2
19962	-2.9	1001100110011110	3	2
19964	-3.2	1001101001111110	4	2
19966	-2.9	1001100110011010	3	2
19967	-2.9	1001101001011010	4	2
19968	-2.9	1001101001011010	4	2
19969	-3.2	1001101001011010	4	2
19974	-2.9	1001101001011110	4	2
19978	-2.9	1001100101100110	3	1
19979	-3.2	1001101001100110	4	2
19980	-2.9	1001100110011110	3	2
19983	-3.2	1001101001111110	4	2
19986	-2.9	1001101001100110	3	1
19987	-2.9	0101100110011010	4	2
19993	-3.2	1010010110100110	4	1
20000	-2.9	0101100110011010	3	2
20003	-3.2	1010011001011010	4	1
20004	-2.9	0101100110011101	3	2
20010	-3.2	0101100110100101	3	2
20013	-3.2	1010011001100110	4	1
20016	-3.2	0101100110011001	3	2
20018	-3.5	0101100111111111	3	2
20024	-2.9	0101101001011010	4	2
20025	-2.9	0101101001011010	4	2
20040	-2.9	0101101001011010	4	2
20042	-2.9	0101101001011011	4	2
20045	-3.2	0101101001100101	4	2
20058	-3.2	0110010110100101	3	1
20060	-3.5	0101101001011010	3	2
20061	-3.2	0101101001011011	4	2
20064	-3.5	0101101001100101	4	2
20071	-3.2	0101101001100111	4	2
20073	-3.2	0101101001111001	4	2
20078	-2.9	1101101001011110	4	2
20081	-2.9	1011100101100110	3	1
20082	-3.2	1101101001100110	4	2
20083	-2.9	1011100110011110	3	2
20085	-3.2	1101101001111110	4	2
20105	-3.2	1010010110100101	4	1
20109	-3.2	1010010101100110	3	1
20116	-3.2	1010011001100110	3	1
20119	-3.2	0101101110011001	3	2
20121	-3.2	1010011001011110	4	1
20122	-3.2	1010011001100110	4	1
20125	-3.5	1010011001100110	4	1
20127	-3.2	0101110110011001	3	2
20128	-3.5	1010011001111110	4	1
20129	-2.9	0111101001011110	4	2
20141	-3.2	0110010110100101	3	1
20147	-3.2	0110010110011001	3	2
20150	-3.2	1010010110100101	3	1
20152	-3.2	1010010101100110	3	1
20154	-3.2	1010010110011110	3	1
20180	-3.2	0110011010011001	3	1
20182	-3.5	0110011011100111	3	2
20183	-3.5	0110011011111111	3	1
20184	-3.5	0110011001100110	3	2
20185	-3.2	0110011001100111	4	2
20190	-2.9	0111100110011110	3	2
20192	-3.2	0111100110011001	3	2
20194	-3.5	0111100111111111	3	2
20200	-3.2	1001100110011001	3	2
20203	-3.5	0111111001111110	3	2
