11	-4	0101101	0	0
101	-4	0101101	0	0
114	-4.3	0101101	0	0
178	-4	0101101	0	0
296	-4.6	0000000000000000	4	2
297	-4.6	0000000000000000	4	2
494	-4.6	0000000000000000	4	2
495	-4.6	0000000000000000	4	2
689	-4.6	0000000000000000	4	2
704	-6.6	0000000000000001	4	2
721	-6.6	0000000000000011	4	2
734	-6.6	0000000000000101	4	2
783	-6.6	0000000000100001	4	2
784	-6.6	0000000001000001	4	2
785	-6.6	0000000001100001	4	2
819	-6.6	0000000000100101	4	2
829	-6.6	0000000001000101	4	2
830	-6.6	0000000001000011	4	2
853	-6.6	0000000001100101	4	2
891	-6.6	0000000000000001	4	2
902	-6.6	0000000000000011	4	2
913	-6.6	0000000001100001	4	2
940	-6.6	0000000001100011	4	2
946	-6.6	0000000000000000	5	2
947	-6.6	0000000000000000	5	2
1138	-6.6	0000000000000000	5	2
1305	-6.6	0000000001100110	3	2
1329	-4.9	0000000000111001	4	2
1330	-4.9	0000000001011001	3	2
1335	-8	0000000000000000	4	2
1336	-8	0000000000000000	4	2
1338	-6.6	0000000000000001	4	2
1339	-6.6	0000000000000001	4	2
1359	-6.6	0000000000000011	4	2
1360	-6.6	0000000000000011	4	2
1374	-6.6	0000000000000101	4	2
1375	-6.6	0000000000000101	4	2
1382	-6.6	0000000000000111	4	2
1391	-6.6	0000000000100001	4	2
1392	-6.6	0000000001000001	4	2
1393	-6.6	0000000001100001	4	2
1395	-6.6	0000000000100001	4	2
1396	-6.6	0000000001000001	4	2
1397	-6.6	0000000001100001	4	2
1434	-6.6	0000000010000011	4	2
1462	-6.6	0000000000100011	4	2
1463	-6.6	0000000000100011	4	2
1475	-6.6	0000000001000011	4	2
1476	-6.6	0000000000100101	4	2
1491	-6.6	0000000001000101	4	2
1492	-6.6	0000000001000011	4	2
1497	-6.6	0000000001100011	4	2
1508	-6.6	0000000001011001	4	2
1509	-6.6	0000000001011001	4	2
1510	-6.6	0000000001100101	4	2
1512	-6.6	0000000001100101	4	2
1524	-6.6	0000000001100111	4	2
1526	-6.6	0000000001111001	4	2
1528	-8.6	0000000011111111	4	2
1529	-8	0000000000000000	4	2
1531	-6.6	0000000000000001	4	2
1532	-6.6	0000000000000001	4	2
1533	-6.6	0000000000000001	4	2
1540	-8.3	0000000000000001	4	2
1554	-6.6	0000000000000011	4	2
1555	-6.6	0000000000000011	4	2
1557	-8.3	0000000000000011	4	2
1567	-6.6	0000000000000101	4	2
1568	-6.6	0000000000000101	4	2
1570	-8.3	0000000000000101	4	2
1576	-6.6	0000000000000111	4	2
1586	-4.9	0000000000011001	4	2
1587	-6.6	0000000000100001	4	2
1588	-6.6	0000000001000001	4	2
1589	-6.6	0000000000100001	4	2
1590	-6.6	0000000001000001	4	2
1591	-6.6	0000000001100001	4	2
1619	-8.3	0000000000100001	4	2
1620	-8.3	0000000001000001	4	2
1621	-8.3	0000000001100001	4	2
1642	-6.6	0000000000100011	4	2
1652	-6.6	0000000000100101	4	2
1655	-8.3	0000000000100101	4	2
1662	-6.6	0000000001000101	4	2
1663	-6.6	0000000001000011	4	2
1665	-8.3	0000000001000101	4	2
1666	-8.3	0000000001000011	4	2
1671	-6.6	0000000001100011	4	2
1680	-6.6	0000000001011001	4	2
1681	-6.6	0000000001011001	4	2
1682	-6.6	0000000001100101	4	2
1686	-6.6	0000000001011011	4	2
1689	-8.3	0000000001100101	4	2
1696	-6.6	0000000001100111	4	2
1698	-6.6	0000000001111001	4	2
1700	-8.6	0000000011111111	4	2
1704	-6.6	0000000011000000	3	2
1709	-4.9	0000000000011001	3	2
1712	-6.6	0000000001011001	3	2
1716	-8.6	0000000011111111	3	2
1717	-8.6	0000000000000000	4	2
1724	-8.6	0000000000000001	3	2
1727	-8.6	0000000000000001	4	2
1743	-8.6	0000000000000011	3	2
1744	-8.6	0000000000000011	4	2
1757	-8.6	0000000000000101	4	2
1792	-8.6	0000000000100001	3	2
1793	-8.6	0000000001000001	3	2
1794	-8.6	0000000001100001	3	2
1806	-8.6	0000000000100001	4	2
1807	-8.6	0000000001000001	4	2
1808	-8.6	0000000001100001	4	2
1830	-8.6	0000000000100011	3	2
1841	-8.6	0000000000100101	3	2
1842	-8.6	0000000000100101	4	2
1852	-8.6	0000000001000101	4	2
1853	-8.6	0000000001000011	4	2
1855	-8.6	0000000001000101	3	2
1856	-8.6	0000000001000011	3	2
1863	-8.6	0000000001100011	3	2
1875	-8.6	0000000001100101	3	2
1876	-8.6	0000000001100101	4	2
1893	-4.9	1000000010100000	4	2
1900	-4.9	1000000010100110	4	1
1901	-4.9	1000000001100110	3	1
1904	-4.9	1000000000000001	3	1
1916	-6.6	1000000000000010	4	1
1917	-6.6	1000000001000000	4	2
1929	-6.6	1000000000000100	4	1
1930	-6.6	1000000000100000	4	2
1934	-6.6	1000000001100000	4	1
1937	-6.6	1000000000000110	4	1
1943	-6.6	1000000000011000	4	2
1944	-6.6	1000000000011000	4	2
1963	-6.6	1000000000011010	4	1
1968	-6.6	1000000001011000	4	1
1974	-6.6	1000000000011100	4	1
1975	-6.6	1000000000111000	4	1
1995	-6.6	1000000000100010	4	1
1996	-6.6	1000000001000100	4	1
2005	-6.6	1000000000100100	4	1
2006	-6.6	1000000000100100	4	1
2009	-6.6	1000000001000010	4	1
2011	-6.6	1000000001000010	4	1
2012	-6.6	1000000001100010	4	1
2016	-6.6	1000000000100110	4	1
2017	-6.6	1000000001100100	4	1
2021	-6.6	1000000001000110	4	1
2028	-6.6	1000000000111010	4	1
2030	-6.6	1000000001011100	4	1
2032	-6.6	1000000000111100	4	1
2037	-6.6	1000000001011010	4	1
2038	-6.6	1000000001011010	4	1
2039	-6.6	1000000001100110	4	1
2041	-6.6	1000000001011110	4	1
2042	-6.6	1000000001100110	4	1
2043	-6.6	1000000001111010	4	1
2048	-4.9	1000000000000001	3	1
2057	-6.6	1000000001000000	4	2
2059	-6.6	1000000000000010	4	1
2060	-6.6	1000000000000010	4	1
2061	-6.6	1000000001000000	4	2
2066	-6.6	1000000000000100	4	1
2067	-6.6	1000000000000110	4	1
2071	-6.6	1000000000100000	4	2
2073	-6.6	1000000000000100	4	1
2074	-6.6	1000000000100000	4	2
2077	-6.6	1000000001100000	4	1
2078	-6.6	1000000001100000	4	1
2081	-6.6	1000000000000110	4	1
2085	-6.6	1000000000011000	4	2
2088	-6.6	1000000000011000	4	2
2097	-6.6	1000000001011000	4	1
2099	-6.6	1000000000011010	4	1
2100	-6.6	1000000000011010	4	1
2102	-6.6	1000000001011000	4	1
2115	-6.6	1000000000011100	4	1
2119	-6.6	1000000000111000	4	1
2136	-6.6	1000000001000100	4	1
2138	-6.6	1000000000100010	4	1
2139	-6.6	1000000000100010	4	1
2140	-6.6	1000000001000100	4	1
2143	-6.6	1000000001000010	4	1
2144	-6.6	1000000001000110	4	1
2148	-6.6	1000000000100100	4	1
2151	-6.6	1000000000100100	4	1
2154	-6.6	1000000001100010	4	1
2155	-6.6	1000000001000010	4	1
2156	-6.6	1000000001100010	4	1
2157	-6.6	1000000001100100	4	1
2159	-6.6	1000000000100110	4	1
2160	-6.6	1000000000100110	4	1
2161	-6.6	1000000001100100	4	1
2165	-6.6	1000000001000110	4	1
2170	-6.6	1000000001011010	4	1
2171	-6.6	1000000000111010	4	1
2172	-6.6	1000000000111010	4	1
2173	-6.6	1000000001100110	4	1
2174	-6.6	1000000001011100	4	1
2176	-6.6	1000000000111100	4	1
2183	-6.6	1000000001011010	4	1
2185	-6.6	1000000001011110	4	1
2186	-6.6	1000000001100110	4	1
2187	-6.6	1000000001111010	4	1
2192	-4.9	1000000000000001	3	1
2208	-6.6	1000000000000010	4	1
2210	-6.6	1000000001000000	4	2
2223	-6.6	1000000000000100	4	1
2225	-6.6	1000000000100000	4	2
2228	-6.6	1000000010100000	4	2
2230	-6.6	1000000001100000	4	1
2234	-6.6	1000000000000110	4	1
2242	-6.6	1000000000011000	4	2
2243	-6.6	1000000000011000	4	2
2259	-6.6	1000000000011010	4	1
2261	-6.6	1000000001011000	4	1
2275	-6.6	1000000000011100	4	1
2276	-6.6	1000000000111000	4	1
2298	-6.6	1000000000100010	4	1
2299	-6.6	1000000001000100	4	1
2308	-6.6	1000000000100100	4	1
2309	-6.6	1000000000100100	4	1
2312	-6.6	1000000001000010	4	1
2315	-6.6	1000000001000010	4	1
2316	-6.6	1000000001100010	4	1
2318	-6.6	1000000000100110	4	1
2319	-6.6	1000000001100100	4	1
2323	-6.6	1000000001000110	4	1
2332	-6.6	1000000000111010	4	1
2333	-6.6	1000000001011100	4	1
2336	-6.6	1000000000111100	4	1
2342	-6.6	1000000001011010	4	1
2343	-6.6	1000000001011010	4	1
2346	-6.6	1000000010100110	4	1
2349	-6.6	1000000001011110	4	1
2350	-6.6	1000000001100110	4	1
2351	-6.6	1000000001111010	4	1
2352	-6.6	1000000010100110	4	1
2353	-6.6	1000000001100110	3	1
2424	-4.9	0000000110000001	4	2
2425	-4.9	0000000110000011	4	2
2430	-4.9	0000000110000001	3	2
2435	-4.9	0000000110000001	3	2
2464	-4.9	0000000110000101	4	2
2465	-4.9	0000000110000011	4	2
2469	-4.9	0000000110000101	3	2
2470	-4.9	0000000110000011	3	2
2538	-6.6	0000000110100101	3	2
2739	-6.6	0000000110000000	3	2
2747	-6.6	0000000110100000	3	2
2750	-4.9	1000000000100000	3	2
2754	-4.9	0000000110000001	3	2
2760	-6.6	0000000110000001	3	2
2761	-4.9	0000000110000101	3	2
2762	-4.9	0000000110000011	3	2
2769	-6.6	0000000110000001	3	2
2773	-6.6	0000000110000101	3	2
2777	-6.6	0000000110000100	3	2
2778	-6.6	0000000110000110	3	2
2792	-6.6	0000000110100010	3	2
2798	-6.6	0000000110100100	3	2
2802	-6.6	0000000110100011	3	2
2803	-6.6	0000000111000011	3	2
2805	-6.6	0000000110011001	3	2
2806	-6.6	0000000110100101	3	2
2807	-6.6	0000000110100101	3	2
2809	-8.3	0000000110100101	3	2
2810	-6.6	1000000001100110	3	1
2864	-4	0101101	0	0
2923	-4.9	0000000110000001	4	1
2947	-4.9	0000000110000101	4	1
2948	-4.9	0000000110000011	4	1
2964	-6.6	0000000110000111	4	2
3067	-8	0000000110000000	4	2
3093	-4.9	0000000110000001	4	2
3098	-6.6	0000000110000001	4	2
3099	-4.9	0000000110000101	4	2
3113	-6.6	0000000110000101	4	2
3161	-6.6	0000000110100011	4	2
3165	-6.6	0000000110100101	4	2
3168	-6.6	0000000110100111	4	2
3177	-8.6	0000000111111111	4	2
3178	-6.6	0000000110000000	5	2
3217	-6.6	0000000110000100	3	2
3218	-6.6	0000000110000010	3	2
3219	-6.6	0000000110000110	3	2
3277	-6.6	0000000110100110	3	2
3284	-6.6	0000000101100110	3	2
3305	-6.6	1000000000100000	3	2
3318	-8.6	1000000000011000	3	2
3375	-8.6	1000000000100100	3	1
3391	-8.6	1000000001000010	3	1
3406	-8.6	1000000001011010	3	1
3408	-8.6	0000000110100101	3	2
3412	-8.3	1000000001100110	3	1
3413	-8.6	1000000001100110	3	1
3416	-8.6	1000000001111110	3	1
3472	-4.9	0000000110000001	3	2
3477	-4.9	0000000110000001	3	2
3494	-4.9	0000000110000001	4	2
3499	-4.9	0000000110000101	3	2
3516	-4.9	0000000110000101	4	2
3517	-4.9	0000000110000011	4	2
3521	-4.9	0000000110000101	3	2
3522	-4.9	0000000110000011	3	2
3793	-4.9	1000000000100000	4	2
3796	-4.9	0000000110000001	3	2
3801	-4.9	0000000110000101	3	2
3802	-6.6	0000000110000001	3	2
3803	-6.6	0000000110100001	3	2
3814	-4.9	0000000110000011	3	2
3820	-6.6	0000000110000101	3	2
3821	-6.6	0000000110000011	3	2
3825	-6.6	0000000110000100	3	2
3826	-6.6	0000000110000110	3	2
3831	-6.6	0000000110100010	3	2
3840	-6.6	0000000110100100	3	2
3842	-6.6	0000000110100101	3	2
3844	-6.6	0000000110100110	3	2
3850	-8	0000000110000000	4	2
3871	-4.9	0000000110000001	4	2
3899	-4.9	0000000110000011	4	2
3903	-6.6	0000000110000001	4	2
3910	-6.6	0000000110000011	4	2
3954	-8.6	0000000111111111	4	2
3955	-6.6	1000000000100000	4	1
3956	-6.6	1000000001000000	4	1
3957	-6.6	1000000001100000	4	1
3958	-6.6	1000000000000010	4	1
3960	-8.3	1000000000000010	4	1
3962	-8.3	1000000001000000	4	2
3968	-6.6	1000000000000100	4	1
3970	-8.3	1000000000000100	4	1
3971	-6.6	1000000000100000	4	2
3972	-8.3	1000000000100000	4	2
3975	-8.3	1000000001100000	4	1
3977	-6.6	1000000000000110	4	1
3979	-8.3	1000000000000110	4	1
3981	-6.6	1000000000011000	4	2
3983	-8.3	1000000000011000	4	2
3984	-8.6	1000000000011000	4	2
3989	-6.6	1000000000011010	4	1
3991	-8.3	1000000000011010	4	1
3992	-6.6	1000000001011000	4	2
3993	-8.3	1000000001011000	4	2
4004	-6.6	1000000000011100	4	1
4006	-8.3	1000000000011100	4	1
4007	-8.3	1000000000111000	4	2
4015	-6.6	1000000000011110	4	1
4016	-6.6	1000000000100010	4	1
4017	-6.6	1000000000100100	4	1
4018	-6.6	1000000000100110	4	1
4019	-6.6	1000000000111010	4	1
4020	-6.6	1000000000111100	4	1
4021	-6.6	1000000001000010	4	1
4022	-6.6	1000000001000100	4	1
4023	-6.6	1000000001000110	4	1
4024	-6.6	1000000001011010	4	1
4025	-6.6	1000000001011100	4	1
4026	-6.6	1000000001100010	4	1
4027	-6.6	1000000001100100	4	1
4028	-6.6	1000000001100110	4	1
4029	-6.6	1000000001111000	4	1
4031	-8.3	1000000000100010	4	1
4032	-8.3	1000000001000100	4	1
4040	-8.3	1000000000100100	4	1
4041	-8.6	1000000000100100	4	1
4047	-8.3	1000000001000010	4	1
4048	-8.3	1000000001100010	4	1
4050	-8.3	1000000000100110	4	1
4051	-8.3	1000000001100100	4	1
4055	-8.3	1000000001000110	4	1
4057	-8.6	1000000001000010	4	1
4061	-8.3	1000000000111010	4	1
4062	-8.3	1000000001011100	4	1
4065	-8.3	1000000000111100	4	1
4071	-8.3	1000000001011010	4	1
4072	-8.6	1000000001011010	4	1
4075	-8.3	1000000001011110	4	1
4076	-8.3	1000000001100110	4	1
4077	-8.3	1000000001111010	4	1
4079	-8.6	1000000001100110	4	1
4082	-8.6	1000000001111110	4	1
4099	-6.6	0000010000000011	4	1
4112	-6.6	0000010000000101	4	1
4141	-4.9	0000000110000001	3	2
4143	-4.9	0000000110000001	3	2
4154	-4.9	0000000110000001	4	2
4161	-6.6	0000010000100001	4	1
4162	-6.6	0000010001000001	4	1
4163	-6.6	0000010001100001	4	1
4168	-4.9	0000000110000101	4	2
4169	-4.9	0000000110000011	4	2
4173	-4.9	0000000110000101	3	2
4174	-4.9	0000000110000011	3	2
4197	-6.6	0000010000100101	4	1
4207	-6.6	0000010001000101	4	1
4208	-6.6	0000010001000011	4	1
4231	-6.6	0000010001100101	4	1
4258	-6.6	0000001000000011	4	1
4271	-6.6	0000001000000101	4	1
4320	-6.6	0000001000100001	4	1
4321	-6.6	0000001001000001	4	1
4322	-6.6	0000001001100001	4	1
4356	-6.6	0000001000100101	4	1
4366	-6.6	0000001001000101	4	1
4367	-6.6	0000001001000011	4	1
4390	-6.6	0000001001100101	4	1
4402	-5.2	0000000110000000	4	2
4416	-6.6	0000011000000011	4	1
4419	-6.6	0000000111000000	3	2
4429	-6.6	0000011000000101	4	1
4437	-4.9	0000000110000001	3	2
4438	-4.9	0000000110000001	3	2
4439	-4.9	0000000110000001	3	2
4445	-4.9	0000000100011001	3	2
4451	-4.9	0000000110000101	3	2
4452	-4.9	0000000110000101	3	2
4458	-6.6	0000000110000001	3	2
4460	-6.6	0000000110000001	3	2
4461	-6.6	0000000110100001	3	2
4462	-6.6	0000000111000001	3	2
4467	-4.9	0000000110000011	3	2
4468	-4.9	0000000110000011	3	2
4478	-6.6	0000011000100001	4	1
4479	-6.6	0000011001000001	4	1
4480	-6.6	0000011001100001	4	1
4481	-4.9	0000000110000111	3	2
4490	-6.6	0000000110000101	3	2
4491	-6.6	0000000110000011	3	2
4495	-6.9	0000000110000001	3	2
4514	-6.6	0000011000100101	4	1
4524	-6.6	0000011001000101	4	1
4525	-6.6	0000011001000011	4	1
4533	-6.6	0000000110100011	3	2
4534	-6.6	0000000111000011	3	2
4537	-6.6	0000000111000101	3	2
4539	-6.6	0000000110011001	3	2
4540	-6.6	0000000110011001	3	2
4542	-6.6	0000000110100101	3	2
4543	-6.6	0000000110100101	3	2
4545	-6.6	0000000110011101	3	2
4548	-6.6	0000011001100101	4	1
4549	-6.6	0000000110100111	3	2
4551	-6.9	0000000110100101	3	2
4557	-6.9	0000000110011001	3	2
4558	-6.9	0000000111100111	3	2
4559	-8.6	0000000111111111	3	2
4598	-4	0101101	0	0
4647	-4.9	0000000110000001	4	1
4664	-4.9	0000000110000101	4	1
4665	-4.9	0000000110000011	4	1
4681	-6.6	0000000110000111	4	2
4783	-8.6	0000000111111111	4	2
4794	-6.6	0000000101100110	3	2
4836	-4.6	0100000000000010	4	1
4837	-4.6	0100000000000010	4	1
5014	-4.6	0100000000000010	4	1
5015	-4.6	0100000000000010	4	1
5189	-4.6	0100000000000010	4	1
5199	-6.6	0100000000000011	4	1
5212	-6.6	0100000000000101	4	1
5261	-6.6	0100000000100001	4	1
5262	-6.6	0100000001000001	4	1
5263	-6.6	0100000001100001	4	1
5297	-6.6	0100000000100101	4	1
5307	-6.6	0100000001000101	4	1
5308	-6.6	0100000001000011	4	1
5331	-6.6	0100000001100101	4	1
5359	-6.6	0000001000000011	4	2
5370	-6.6	0000001001100001	4	2
5397	-6.6	0000001001100011	4	2
5403	-6.6	0100000000000010	5	1
5549	-6.6	0100000001100110	3	1
5564	-4.9	0100000000111001	4	1
5565	-4.9	0100000001011001	3	1
5572	-6.6	0100000000000011	4	1
5583	-6.6	0100000001100001	4	1
5610	-6.6	0100000001100011	4	1
5616	-8	0100000000000010	4	1
5621	-6.6	0100000000000011	4	1
5622	-6.6	0100000000000011	4	1
5624	-8.3	0100000000000011	4	1
5634	-6.6	0100000000000101	4	1
5635	-6.6	0100000000000101	4	1
5637	-8.3	0100000000000101	4	1
5643	-6.6	0100000000000111	4	1
5653	-4.9	0100000000011001	4	1
5654	-6.6	0100000000100001	4	1
5655	-6.6	0100000001000001	4	1
5656	-6.6	0100000000100001	4	1
5657	-6.6	0100000001000001	4	1
5658	-6.6	0100000001100001	4	1
5686	-8.3	0100000000100001	4	1
5687	-8.3	0100000001000001	4	1
5688	-8.3	0100000001100001	4	1
5709	-6.6	0100000000100011	4	1
5719	-6.6	0100000000100101	4	1
5722	-8.3	0100000000100101	4	1
5729	-6.6	0100000001000101	4	1
5730	-6.6	0100000001000011	4	1
5732	-8.3	0100000001000101	4	1
5733	-8.3	0100000001000011	4	1
5738	-6.6	0100000001100011	4	1
5747	-6.6	0100000001011001	4	1
5748	-6.6	0100000001011001	4	1
5749	-6.6	0100000001100101	4	1
5753	-6.6	0100000001011011	4	1
5756	-8.3	0100000001100101	4	1
5763	-6.6	0100000001100111	4	1
5765	-6.6	0100000001111001	4	1
5767	-8.6	0100000011111111	4	1
5812	-4	0101101	0	0
6000	-8	0000001001000000	4	2
6003	-6.6	0000001000000011	4	2
6004	-6.6	0000001000000011	4	2
6006	-8.3	0000001000000011	4	2
6016	-6.6	0000001000000101	4	2
6017	-6.6	0000001000000101	4	2
6019	-8.3	0000001000000101	4	2
6025	-6.6	0000001000000111	4	2
6035	-4.9	0000001000011001	4	2
6036	-6.6	0000001000100001	4	2
6037	-6.6	0000001001000001	4	2
6038	-6.6	0000001000100001	4	2
6039	-6.6	0000001001000001	4	2
6040	-6.6	0000001001100001	4	2
6068	-8.3	0000001000100001	4	2
6069	-8.3	0000001001000001	4	2
6070	-8.3	0000001001100001	4	2
6091	-6.6	0000001000100011	4	2
6101	-6.6	0000001000100101	4	2
6104	-8.3	0000001000100101	4	2
6111	-6.6	0000001001000101	4	2
6112	-6.6	0000001001000011	4	2
6114	-8.3	0000001001000101	4	2
6115	-8.3	0000001001000011	4	2
6120	-6.6	0000001001100011	4	2
6129	-6.6	0000001001011001	4	2
6130	-6.6	0000001001011001	4	2
6131	-6.6	0000001001100101	4	2
6135	-6.6	0000001001011011	4	2
6138	-8.3	0000001001100101	4	2
6145	-6.6	0000001001100111	4	2
6149	-8.6	0000001011111111	4	2
6150	-6.6	0000001001000000	5	2
6292	-6.6	0000001001100110	3	2
6299	-4.6	0010000000000100	4	2
6310	-4.6	0010000000000100	4	2
6527	-4.9	1100000001100110	3	1
6533	-6.6	1100000000011000	4	2
6559	-6.6	1100000000100100	4	2
6560	-6.6	1100000001000010	4	1
6562	-6.6	1100000001011010	4	1
6563	-6.6	1100000001100110	4	1
6564	-4.9	1100000000000011	3	1
6565	-6.6	1100000000000100	4	2
6566	-6.6	1100000000000110	4	1
6570	-6.6	1100000000100000	4	2
6572	-6.6	1100000000000100	4	2
6573	-6.6	1100000000100000	4	2
6576	-6.6	1100000001100000	4	1
6577	-6.6	1100000001100000	4	1
6580	-6.6	1100000000000110	4	1
6584	-6.6	1100000000011000	4	2
6587	-6.6	1100000000011000	4	2
6600	-6.6	1100000001011000	4	2
6602	-6.6	1100000000011010	4	1
6603	-6.6	1100000000011010	4	1
6605	-6.6	1100000001011000	4	2
6618	-6.6	1100000000011100	4	2
6622	-6.6	1100000000111000	4	2
6639	-6.6	1100000001000100	4	2
6641	-6.6	1100000000100010	4	1
6642	-6.6	1100000000100010	4	1
6643	-6.6	1100000001000100	4	2
6646	-6.6	1100000001000010	4	1
6647	-6.6	1100000001000110	4	1
6651	-6.6	1100000000100100	4	2
6654	-6.6	1100000000100100	4	2
6658	-6.6	1100000001100010	4	1
6659	-6.6	1100000001000010	4	1
6660	-6.6	1100000001100010	4	1
6661	-6.6	1100000001100100	4	2
6663	-6.6	1100000000100110	4	1
6664	-6.6	1100000000100110	4	1
6665	-6.6	1100000001100100	4	2
6669	-6.6	1100000001000110	4	1
6674	-6.6	1100000001011010	4	1
6675	-6.6	1100000000111010	4	1
6676	-6.6	1100000000111010	4	1
6677	-6.6	1100000001100110	4	1
6678	-6.6	1100000001011100	4	1
6680	-6.6	1100000000111100	4	1
6688	-6.6	1100000001011010	4	1
6690	-6.6	1100000001011110	4	1
6691	-6.6	1100000001100110	4	1
6692	-6.6	1100000001111010	4	1
6697	-4.9	1100000000000011	3	1
6706	-6.6	1100000000000100	4	2
6708	-6.6	1100000000100000	4	2
6711	-6.6	1100000010100000	4	2
6713	-6.6	1100000001100000	4	1
6717	-6.6	1100000000000110	4	1
6725	-6.6	1100000000011000	4	2
6726	-6.6	1100000000011000	4	2
6742	-6.6	1100000000011010	4	1
6744	-6.6	1100000001011000	4	2
6758	-6.6	1100000000011100	4	2
6759	-6.6	1100000000111000	4	2
6781	-6.6	1100000000100010	4	1
6782	-6.6	1100000001000100	4	2
6791	-6.6	1100000000100100	4	2
6792	-6.6	1100000000100100	4	2
6795	-6.6	1100000001000010	4	1
6798	-6.6	1100000001000010	4	1
6799	-6.6	1100000001100010	4	1
6801	-6.6	1100000000100110	4	1
6802	-6.6	1100000001100100	4	2
6806	-6.6	1100000001000110	4	1
6815	-6.6	1100000000111010	4	1
6816	-6.6	1100000001011100	4	1
6819	-6.6	1100000000111100	4	1
6825	-6.6	1100000001011010	4	1
6826	-6.6	1100000001011010	4	1
6829	-6.6	1100000010100110	4	1
6832	-6.6	1100000001011110	4	1
6833	-6.6	1100000001100110	4	1
6834	-6.6	1100000001111010	4	1
6835	-6.6	1100000010100110	4	1
6836	-6.6	1100000001100110	3	1
6853	-6.6	0010000001100001	4	1
6880	-6.6	0010000001100011	4	2
6887	-4.9	1100000000100000	3	2
6902	-6.6	0000001110000001	3	2
6915	-6.6	1100000001100110	3	1
6922	-6.6	1100000000100000	3	2
6935	-8.6	1100000000011000	3	2
6992	-8.6	1100000000100100	3	2
7008	-8.6	1100000001000010	3	1
7023	-8.6	1100000001011010	3	1
7025	-8.6	0000001110100101	3	2
7029	-8.3	1100000001100110	3	1
7030	-8.6	1100000001100110	3	1
7033	-8.6	1100000001111110	3	1
7034	-4.9	1100000000100000	4	2
7039	-8	0000001111000000	4	2
7064	-6.6	0000010110000100	3	1
7065	-6.6	0000010110000010	3	1
7066	-6.6	0000010110000110	3	1
7083	-6.6	0000001110000001	4	2
7090	-6.6	0000001110000011	4	2
7137	-6.6	1100000000000100	4	2
7139	-8.3	1100000000000100	4	2
7140	-6.6	1100000000100000	4	2
7141	-8.3	1100000000100000	4	2
7144	-8.3	1100000001100000	4	1
7146	-6.6	1100000000000110	4	1
7148	-8.3	1100000000000110	4	1
7150	-6.6	1100000000011000	4	2
7152	-8.3	1100000000011000	4	2
7153	-8.6	1100000000011000	4	2
7158	-6.6	1100000000011010	4	1
7160	-8.3	1100000000011010	4	1
7161	-6.6	1100000001011000	4	2
7162	-8.3	1100000001011000	4	2
7173	-6.6	1100000000011100	4	2
7175	-8.3	1100000000011100	4	2
7176	-8.3	1100000000111000	4	2
7184	-6.6	1100000000011110	4	1
7185	-6.6	1100000000100010	4	1
7186	-6.6	1100000000100100	4	2
7187	-6.6	1100000000100110	4	1
7188	-6.6	1100000000111010	4	1
7189	-6.6	1100000000111100	4	2
7190	-6.6	1100000001000010	4	1
7191	-6.6	1100000001000100	4	2
7192	-6.6	1100000001000110	4	1
7193	-6.6	1100000001011010	4	1
7194	-6.6	1100000001011100	4	2
7195	-6.6	1100000001100010	4	1
7196	-6.6	1100000001100100	4	2
7197	-6.6	1100000001100110	4	1
7198	-6.6	1100000001111000	4	2
7200	-8.3	1100000000100010	4	1
7201	-8.3	1100000001000100	4	2
7209	-8.3	1100000000100100	4	2
7210	-8.6	1100000000100100	4	2
7216	-8.3	1100000001000010	4	1
7217	-8.3	1100000001100010	4	1
7219	-8.3	1100000000100110	4	1
7220	-8.3	1100000001100100	4	2
7224	-8.3	1100000001000110	4	1
7226	-8.6	1100000001000010	4	1
7230	-8.3	1100000000111010	4	1
7231	-8.3	1100000001011100	4	2
7234	-8.3	1100000000111100	4	2
7240	-8.3	1100000001011010	4	1
7241	-8.6	1100000001011010	4	1
7244	-8.3	1100000001011110	4	1
7245	-8.3	1100000001100110	4	1
7246	-8.3	1100000001111010	4	1
7248	-8.6	1100000001100110	4	1
7251	-8.6	1100000001111110	4	1
7252	-6.6	0000010000100000	5	1
7388	-6.6	0000010001100110	3	1
7395	-6.6	0000011001100000	5	1
7435	-6.6	0000001110000001	3	2
7437	-6.6	0000001110000001	3	2
7467	-6.6	0000001110000101	3	2
7468	-6.6	0000001110000011	3	2
7472	-6.9	0000001110000001	3	2
7528	-6.9	0000001110100101	3	2
7530	-6.6	0000011001100110	3	1
7534	-6.9	0000001110011001	3	2
7579	-6.6	0000001100011000	3	2
7636	-6.6	0000001110000100	3	1
7637	-6.6	0000001110000010	3	1
7638	-6.6	0000001110000110	3	1
7675	-6.6	0000001100100100	3	2
7691	-6.6	0000001101000010	3	2
7728	-6.6	0000001101100110	3	2
7747	-4.6	0010000000000100	4	2
7748	-4.6	0010000000000100	4	2
7909	-4.6	0010000000000100	4	2
7917	-6.6	0010000000000101	4	2
7966	-6.6	0010000000100001	4	1
7967	-6.6	0010000001000001	4	1
7968	-6.6	0010000001100001	4	1
8002	-6.6	0010000000100101	4	2
8012	-6.6	0010000001000101	4	2
8013	-6.6	0010000001000011	4	2
8036	-6.6	0010000001100101	4	2
8069	-6.6	0000010001100001	4	2
8096	-6.6	0000010001100011	4	2
8102	-6.6	0010000000000100	5	2
8233	-6.6	0010000001100110	3	2
8246	-4.9	0010000000111001	4	2
8247	-4.9	0010000001011001	3	2
8252	-8	0010000000000100	4	2
8255	-6.6	0010000000000101	4	2
8256	-6.6	0010000000000101	4	2
8258	-8.3	0010000000000101	4	2
8264	-6.6	0010000000000111	4	2
8274	-4.9	0010000000011001	4	2
8275	-6.6	0010000000100001	4	1
8276	-6.6	0010000001000001	4	1
8277	-6.6	0010000000100001	4	1
8278	-6.6	0010000001000001	4	1
8279	-6.6	0010000001100001	4	1
8307	-8.3	0010000000100001	4	1
8308	-8.3	0010000001000001	4	1
8309	-8.3	0010000001100001	4	1
8330	-6.6	0010000000100011	4	2
8340	-6.6	0010000000100101	4	2
8343	-8.3	0010000000100101	4	2
8350	-6.6	0010000001000101	4	2
8351	-6.6	0010000001000011	4	2
8353	-8.3	0010000001000101	4	2
8354	-8.3	0010000001000011	4	2
8359	-6.6	0010000001100011	4	2
8368	-6.6	0010000001011001	4	2
8369	-6.6	0010000001011001	4	2
8370	-6.6	0010000001100101	4	2
8374	-6.6	0010000001011011	4	2
8377	-8.3	0010000001100101	4	2
8384	-6.6	0010000001100111	4	2
8386	-6.6	0010000001111001	4	2
8388	-8.6	0010000011111111	4	2
8393	-4.9	0000010000000101	3	2
8395	-4.9	0000010000000101	4	2
8396	-6.6	0000010000000101	4	2
8399	-4	0101101	0	0
8412	-4.3	0101101	0	0
8413	-4.9	0000010000011001	3	2
8414	-4.9	0000010000011001	4	2
8425	-4.9	0000010000100001	3	2
8426	-4.9	0000010001000001	3	2
8427	-4.9	0000010010000001	3	1
8439	-6.6	0000010000100001	3	2
8440	-6.6	0000010001000001	3	2
8441	-6.6	0000010001100001	3	2
8447	-4.9	0000010000100001	4	2
8448	-4.9	0000010001000001	4	1
8457	-6.6	0000010000100001	4	2
8458	-6.6	0000010001000001	4	2
8459	-6.6	0000010001100001	4	2
8464	-4.9	0000010010000101	4	1
8465	-4.9	0000010010000011	4	1
8469	-4.9	0000010010000101	3	1
8470	-4.9	0000010010000011	3	1
8481	-6.6	0000010010000111	4	2
8496	-4.9	0000010000100011	3	2
8498	-6.6	0000010000100011	3	2
8499	-4.9	0000010000100011	4	2
8511	-4.9	0000010000100101	3	2
8514	-6.6	0000010000100101	3	2
8515	-4.9	0000010000100101	4	2
8518	-6.6	0000010000100101	4	2
8525	-4.9	0000010001000101	4	1
8526	-4.9	0000010001000011	4	1
8528	-4.9	0000010001000101	3	2
8529	-4.9	0000010001000011	3	2
8537	-6.6	0000010001000101	4	2
8538	-6.6	0000010001000011	4	2
8540	-6.6	0000010001000101	3	2
8541	-6.6	0000010001000011	3	2
8546	-4.9	0000010000111001	4	2
8554	-6.6	0000010001100011	3	2
8561	-4.9	0000010001011001	3	1
8570	-6.6	0000010010100101	3	2
8571	-6.6	0000010001100101	3	2
8572	-6.6	0000010001100101	4	2
8587	-8	0000010000100000	4	2
8588	-6.6	0000010000000101	4	2
8589	-6.6	0000010000000101	4	2
8591	-8.3	0000010000000101	4	2
8597	-6.6	0000010000000111	4	2
8607	-4.9	0000010000011001	4	2
8608	-6.6	0000010000100001	4	2
8609	-6.6	0000010001000001	4	2
8610	-6.6	0000010000100001	4	2
8611	-6.6	0000010001000001	4	2
8612	-6.6	0000010001100001	4	2
8640	-8.3	0000010000100001	4	2
8641	-8.3	0000010001000001	4	2
8642	-8.3	0000010001100001	4	2
8663	-6.6	0000010000100011	4	2
8673	-6.6	0000010000100101	4	2
8676	-8.3	0000010000100101	4	2
8683	-6.6	0000010001000101	4	2
8684	-6.6	0000010001000011	4	2
8686	-8.3	0000010001000101	4	2
8687	-8.3	0000010001000011	4	2
8692	-6.6	0000010001100011	4	2
8701	-6.6	0000010001011001	4	2
8702	-6.6	0000010001011001	4	2
8703	-6.6	0000010001100101	4	2
8707	-6.6	0000010001011011	4	2
8710	-8.3	0000010001100101	4	2
8717	-6.6	0000010001100111	4	2
8719	-6.6	0000010001111001	4	2
8721	-8.6	0000010011111111	4	2
8781	-4.9	1010000001100110	3	1
8782	-4.9	1010000000000101	3	1
8784	-6.6	1010000001100000	4	1
8787	-6.6	1010000000000110	4	1
8793	-6.6	1010000000011000	4	2
8794	-6.6	1010000000011000	4	2
8815	-6.6	1010000000011010	4	2
8820	-6.6	1010000001011000	4	2
8826	-6.6	1010000000011100	4	2
8827	-6.6	1010000000111000	4	2
8847	-6.6	1010000000100010	4	1
8848	-6.6	1010000001000100	4	2
8858	-6.6	1010000000100100	4	2
8859	-6.6	1010000000100100	4	2
8862	-6.6	1010000001000010	4	1
8864	-6.6	1010000001000010	4	1
8865	-6.6	1010000001100010	4	1
8869	-6.6	1010000000100110	4	1
8870	-6.6	1010000001100100	4	2
8874	-6.6	1010000001000110	4	1
8881	-6.6	1010000000111010	4	1
8883	-6.6	1010000001011100	4	2
8885	-6.6	1010000000111100	4	2
8890	-6.6	1010000001011010	4	1
8891	-6.6	1010000001011010	4	1
8892	-6.6	1010000001100110	4	1
8894	-6.6	1010000001011110	4	1
8895	-6.6	1010000001100110	4	1
8896	-6.6	1010000001111010	4	1
8901	-4.9	1010000000000101	3	1
8902	-6.6	1010000010100000	4	2
8904	-6.6	1010000001100000	4	1
8908	-6.6	1010000000000110	4	1
8916	-6.6	1010000000011000	4	2
8917	-6.6	1010000000011000	4	2
8933	-6.6	1010000000011010	4	2
8935	-6.6	1010000001011000	4	2
8949	-6.6	1010000000011100	4	2
8950	-6.6	1010000000111000	4	2
8972	-6.6	1010000000100010	4	1
8973	-6.6	1010000001000100	4	2
8982	-6.6	1010000000100100	4	2
8983	-6.6	1010000000100100	4	2
8986	-6.6	1010000001000010	4	1
8989	-6.6	1010000001000010	4	1
8990	-6.6	1010000001100010	4	1
8992	-6.6	1010000000100110	4	1
8993	-6.6	1010000001100100	4	2
8997	-6.6	1010000001000110	4	1
9006	-6.6	1010000000111010	4	1
9007	-6.6	1010000001011100	4	2
9010	-6.6	1010000000111100	4	2
9016	-6.6	1010000001011010	4	1
9017	-6.6	1010000001011010	4	1
9020	-6.6	1010000010100110	4	1
9023	-6.6	1010000001011110	4	1
9024	-6.6	1010000001100110	4	1
9025	-6.6	1010000001111010	4	1
9026	-6.6	1010000010100110	4	1
9027	-6.6	1010000001100110	3	1
9037	-6.6	1010000001100110	3	1
9046	-6.6	0000010100000111	4	2
9062	-6.6	0000010110000001	4	2
9063	-6.6	0000010100100001	4	2
9064	-6.6	0000010101000001	4	2
9087	-6.6	0000010110000101	4	2
9101	-6.6	0000010110000001	4	1
9112	-6.6	0000010110000011	4	2
9125	-6.6	0000010110000101	4	1
9126	-6.6	0000010110000011	4	1
9135	-6.9	0000010110000001	4	1
9138	-6.6	0000010110000111	4	2
9142	-8.3	0000010110000111	4	2
9148	-8.6	0000010110000001	4	2
9156	-6.6	0000010100100011	4	2
9172	-6.6	0000010100100101	4	2
9191	-6.6	0000010101000101	4	2
9192	-6.6	0000010101000011	4	2
9217	-6.6	0000010101011001	4	2
9241	-6.9	0000010110011001	4	1
9243	-8.6	0000010111100111	4	2
9244	-8.6	0000010111111111	4	2
9272	-8.3	1010000001100000	4	1
9274	-6.6	1010000000000110	4	1
9276	-8.3	1010000000000110	4	1
9278	-6.6	1010000000011000	4	2
9280	-8.3	1010000000011000	4	2
9281	-8.6	1010000000011000	4	2
9286	-6.6	1010000000011010	4	2
9288	-8.3	1010000000011010	4	2
9289	-6.6	1010000001011000	4	2
9290	-8.3	1010000001011000	4	2
9301	-6.6	1010000000011100	4	2
9303	-8.3	1010000000011100	4	2
9304	-8.3	1010000000111000	4	2
9312	-6.6	1010000000011110	4	1
9313	-6.6	1010000000100010	4	1
9314	-6.6	1010000000100100	4	2
9315	-6.6	1010000000100110	4	1
9316	-6.6	1010000000111010	4	2
9317	-6.6	1010000000111100	4	2
9318	-6.6	1010000001000010	4	1
9319	-6.6	1010000001000100	4	2
9320	-6.6	1010000001000110	4	1
9321	-6.6	1010000001011010	4	2
9322	-6.6	1010000001011100	4	2
9323	-6.6	1010000001100010	4	1
9324	-6.6	1010000001100100	4	2
9325	-6.6	1010000001100110	4	1
9326	-6.6	1010000001111000	4	2
9328	-8.3	1010000000100010	4	1
9329	-8.3	1010000001000100	4	2
9337	-8.3	1010000000100100	4	2
9338	-8.6	1010000000100100	4	2
9344	-8.3	1010000001000010	4	1
9345	-8.3	1010000001100010	4	1
9347	-8.3	1010000000100110	4	1
9348	-8.3	1010000001100100	4	2
9352	-8.3	1010000001000110	4	1
9354	-8.6	1010000001000010	4	1
9358	-8.3	1010000000111010	4	2
9359	-8.3	1010000001011100	4	2
9362	-8.3	1010000000111100	4	2
9368	-8.3	1010000001011010	4	2
9369	-8.6	1010000001011010	4	2
9372	-8.3	1010000001011110	4	1
9373	-8.3	1010000001100110	4	1
9374	-8.3	1010000001111010	4	1
9376	-8.6	1010000001100110	4	1
9379	-8.6	1010000001111110	4	1
9380	-8	0000011001100000	4	1
9385	-6.6	0000011000000111	4	1
9396	-6.6	0000011000100001	4	1
9397	-6.6	0000011001000001	4	1
9398	-6.6	0000011000100001	4	1
9399	-6.6	0000011001000001	4	1
9400	-6.6	0000011001100001	4	1
9408	-6.6	0000010110000001	3	2
9410	-6.6	0000010110000001	3	2
9428	-8.3	0000011000100001	4	1
9429	-8.3	0000011001000001	4	1
9430	-8.3	0000011001100001	4	1
9440	-6.6	0000010110000101	3	2
9441	-6.6	0000010110000011	3	2
9445	-6.9	0000010110000001	3	2
9451	-6.6	0000011000100011	4	1
9461	-6.6	0000011000100101	4	1
9464	-8.3	0000011000100101	4	1
9471	-6.6	0000011001000101	4	1
9472	-6.6	0000011001000011	4	1
9474	-8.3	0000011001000101	4	1
9475	-8.3	0000011001000011	4	1
9480	-6.6	0000011001100011	4	1
9491	-6.6	0000011001100101	4	1
9498	-8.3	0000011001100101	4	1
9505	-6.6	0000011001100111	4	1
9507	-6.9	0000010110011001	3	2
9532	-4.3	0101101	0	0
9707	-4.6	0110000000000110	4	2
9753	-6.6	0110000000100001	4	1
9754	-6.6	0110000001000001	4	1
9755	-6.6	0110000001100001	4	1
9789	-6.6	0110000000100101	4	1
9799	-6.6	0110000001000101	4	1
9800	-6.6	0110000001000011	4	1
9823	-6.6	0110000001100101	4	1
9835	-6.6	0110000000000110	5	2
9955	-6.6	0110000001100110	3	2
9962	-8	0110000000000110	4	2
9963	-6.6	0110000000000111	4	2
9973	-4.9	0110000000011001	4	2
9974	-6.6	0110000000100001	4	1
9975	-6.6	0110000001000001	4	1
9976	-6.6	0110000000100001	4	1
9977	-6.6	0110000001000001	4	1
9978	-6.6	0110000001100001	4	1
10006	-8.3	0110000000100001	4	1
10007	-8.3	0110000001000001	4	1
10008	-8.3	0110000001100001	4	1
10029	-6.6	0110000000100011	4	1
10039	-6.6	0110000000100101	4	1
10042	-8.3	0110000000100101	4	1
10049	-6.6	0110000001000101	4	1
10050	-6.6	0110000001000011	4	1
10052	-8.3	0110000001000101	4	1
10053	-8.3	0110000001000011	4	1
10058	-6.6	0110000001100011	4	1
10067	-6.6	0110000001011001	4	2
10068	-6.6	0110000001011001	4	2
10069	-6.6	0110000001100101	4	1
10073	-6.6	0110000001011011	4	2
10076	-8.3	0110000001100101	4	1
10083	-6.6	0110000001100111	4	2
10085	-6.6	0110000001111001	4	2
10087	-8.6	0110000011111111	4	2
10088	-4.9	1110000000000111	3	1
10095	-6.6	1110000000011000	4	2
10096	-6.6	1110000000011000	4	2
10113	-6.6	1110000000011010	4	2
10115	-6.6	1110000001011000	4	2
10129	-6.6	1110000000011100	4	2
10130	-6.6	1110000000111000	4	2
10152	-6.6	1110000000100010	4	1
10153	-6.6	1110000001000100	4	2
10162	-6.6	1110000000100100	4	2
10163	-6.6	1110000000100100	4	2
10166	-6.6	1110000001000010	4	1
10169	-6.6	1110000001000010	4	1
10170	-6.6	1110000001100010	4	1
10172	-6.6	1110000000100110	4	2
10173	-6.6	1110000001100100	4	2
10177	-6.6	1110000001000110	4	2
10186	-6.6	1110000000111010	4	2
10187	-6.6	1110000001011100	4	2
10190	-6.6	1110000000111100	4	2
10196	-6.6	1110000001011010	4	2
10197	-6.6	1110000001011010	4	2
10200	-6.6	1110000010100110	4	2
10203	-6.6	1110000001011110	4	1
10204	-6.6	1110000001100110	4	1
10205	-6.6	1110000001111010	4	2
10206	-6.6	1110000010100110	4	2
10207	-6.6	1110000001100110	3	2
10241	-8.6	0000011110100101	3	2
10268	-6.9	0000011110000001	3	1
10270	-6.9	0000011110000001	3	1
10286	-6.9	0000011110000001	4	1
10303	-6.9	0000011110000101	4	1
10304	-6.9	0000011110000011	4	1
10308	-6.9	0000011110000101	3	1
10309	-6.9	0000011110000011	3	1
10320	-8.6	0000011110000111	4	2
10395	-8.6	0000011110100101	3	2
10414	-4.6	0001100000011000	4	2
10415	-4.6	0001100000011000	4	2
10442	-4.9	1000000110000100	3	1
10443	-4.9	1000000110000010	3	1
10444	-4.9	1000000110000110	3	1
10452	-4.9	1000000110000100	4	1
10453	-4.9	1000000110000010	4	1
10454	-4.9	1000000110000110	4	1
10481	-4.9	1000000110000100	3	1
10482	-4.9	1000000110000010	3	1
10483	-4.9	1000000110000110	3	1
10559	-4.6	0001100000011000	4	2
10560	-4.6	0001100000011000	4	2
10602	-4.9	1000000110000100	3	1
10603	-4.9	1000000110000010	3	1
10604	-4.9	1000000110000110	3	1
10608	-4.9	1000000110000100	4	1
10609	-4.9	1000000110000010	4	1
10610	-4.9	1000000110000110	4	1
10624	-4.9	1000000110000100	3	1
10625	-4.9	1000000110000010	3	1
10626	-4.9	1000000110000110	3	1
10701	-4.6	0001100000011000	4	2
10740	-6.6	0001100000100001	4	2
10741	-6.6	0001100001000001	4	2
10742	-6.6	0001100001100001	4	2
10754	-4.9	1000000110000100	3	1
10755	-4.9	1000000110000010	3	1
10756	-4.9	1000000110000110	3	1
10776	-6.6	0001100000100101	4	2
10786	-6.6	0001100001000101	4	2
10787	-6.6	0001100001000011	4	2
10810	-6.6	0001100001100101	4	2
10835	-6.6	0001100001100001	4	2
10862	-6.6	0001100001100011	4	2
10868	-6.6	0001100000011000	5	2
10869	-6.6	0001100000011000	5	2
11007	-6.6	0001100000011000	5	2
11119	-6.6	0001100001100110	3	2
11128	-4.9	0001100000111001	4	2
11129	-4.9	0001100001011001	3	2
11134	-8	0001100000011000	4	2
11135	-8	0001100000011000	4	2
11137	-6.6	0001100000100001	4	2
11138	-6.6	0001100001000001	4	2
11139	-6.6	0001100001100001	4	2
11141	-6.6	0001100000100001	4	2
11142	-6.6	0001100001000001	4	2
11143	-6.6	0001100001100001	4	2
11180	-6.6	0001100010000011	4	2
11208	-6.6	0001100000100011	4	2
11209	-6.6	0001100000100011	4	2
11221	-6.6	0001100001000011	4	2
11222	-6.6	0001100000100101	4	2
11237	-6.6	0001100001000101	4	2
11238	-6.6	0001100001000011	4	2
11243	-6.6	0001100001100011	4	2
11254	-6.6	0001100001011001	4	2
11255	-6.6	0001100001011001	4	2
11256	-6.6	0001100001100101	4	2
11258	-6.6	0001100001100101	4	2
11270	-6.6	0001100001100111	4	2
11272	-6.6	0001100001111001	4	2
11274	-8.6	0001100011111111	4	2
11275	-8	0001100000011000	4	2
11277	-4.9	0001100000011001	4	2
11278	-6.6	0001100000100001	4	2
11279	-6.6	0001100001000001	4	2
11280	-6.6	0001100000100001	4	2
11281	-6.6	0001100001000001	4	2
11282	-6.6	0001100001100001	4	2
11310	-8.3	0001100000100001	4	2
11311	-8.3	0001100001000001	4	2
11312	-8.3	0001100001100001	4	2
11333	-6.6	0001100000100011	4	2
11343	-6.6	0001100000100101	4	2
11346	-8.3	0001100000100101	4	2
11353	-6.6	0001100001000101	4	2
11354	-6.6	0001100001000011	4	2
11356	-8.3	0001100001000101	4	2
11357	-8.3	0001100001000011	4	2
11362	-6.6	0001100001100011	4	2
11371	-6.6	0001100001011001	4	2
11372	-6.6	0001100001011001	4	2
11373	-6.6	0001100001100101	4	2
11377	-6.6	0001100001011011	4	2
11380	-8.3	0001100001100101	4	2
11387	-6.6	0001100001100111	4	2
11389	-6.6	0001100001111001	4	2
11391	-8.6	0001100011111111	4	2
11392	-4.9	0001100000011001	3	2
11395	-6.6	0001100001011001	3	2
11399	-8.6	0001100011111111	3	2
11400	-8.6	0001100000011000	4	2
11420	-8.6	0001100000100001	3	2
11421	-8.6	0001100001000001	3	2
11422	-8.6	0001100001100001	3	2
11434	-8.6	0001100000100001	4	2
11435	-8.6	0001100001000001	4	2
11436	-8.6	0001100001100001	4	2
11458	-8.6	0001100000100011	3	2
11469	-8.6	0001100000100101	3	2
11470	-8.6	0001100000100101	4	2
11480	-8.6	0001100001000101	4	2
11481	-8.6	0001100001000011	4	2
11483	-8.6	0001100001000101	3	2
11484	-8.6	0001100001000011	3	2
11491	-8.6	0001100001100011	3	2
11503	-8.6	0001100001100101	3	2
11504	-8.6	0001100001100101	4	2
11532	-4.9	0001100100011001	3	2
11537	-4.9	1001100000011010	4	2
11541	-4.9	1001100001011000	4	2
11556	-4.9	1001100000011100	4	2
11559	-4.9	1001100000111000	4	2
11578	-4.9	1001100010000100	3	2
11579	-4.9	1001100010000010	3	1
11580	-4.9	1001100010000110	3	2
11585	-4.9	1001100000100010	4	1
11587	-4.9	1001100001000100	4	2
11600	-4.9	1001100000100100	4	2
11601	-4.9	1001100000100100	3	2
11612	-4.9	1001100001000010	4	1
11620	-4.9	1001100000100110	4	2
11621	-4.9	1001100001000010	3	1
11626	-4.9	1001100001000110	4	2
11630	-4.9	1001100010011100	3	2
11632	-4.9	1001100000111010	4	2
11633	-4.9	1001100001011100	4	2
11636	-4.9	1001100000111100	4	2
11637	-4.9	1001100000111100	3	2
11643	-4.9	1001100010011010	3	2
11644	-4.9	1001100001011010	4	2
11645	-4.9	1001100001011010	3	2
11649	-4.9	1001100001011110	4	2
11652	-4.9	1001100001100110	3	1
11654	-4.9	1001100010011110	3	2
11657	-4.9	1000010000100001	3	1
11673	-6.6	1000010000011010	4	1
11678	-6.6	1000010001011000	4	1
11684	-6.6	1000010000011100	4	1
11685	-6.6	1000010000111000	4	1
11705	-6.6	1000010000100010	4	1
11706	-6.6	1000010001000100	4	1
11715	-6.6	1000010000100100	4	1
11716	-6.6	1000010000100100	4	1
11719	-6.6	1000010001000010	4	1
11721	-6.6	1000010001000010	4	1
11722	-6.6	1000010001100010	4	1
11726	-6.6	1000010000100110	4	1
11727	-6.6	1000010001100100	4	1
11731	-6.6	1000010001000110	4	1
11738	-6.6	1000010000111010	4	1
11740	-6.6	1000010001011100	4	1
11742	-6.6	1000010000111100	4	1
11747	-6.6	1000010001011010	4	1
11748	-6.6	1000010001011010	4	1
11749	-6.6	1000010001100110	4	1
11751	-6.6	1000010001011110	4	1
11752	-6.6	1000010001100110	4	1
11753	-6.6	1000010001111010	4	1
11759	-4.9	1000001001000001	3	1
11774	-6.6	1000001000011010	4	1
11779	-6.6	1000001001011000	4	1
11785	-6.6	1000001000011100	4	1
11786	-6.6	1000001000111000	4	1
11806	-6.6	1000001000100010	4	1
11807	-6.6	1000001001000100	4	1
11816	-6.6	1000001000100100	4	1
11817	-6.6	1000001000100100	4	1
11820	-6.6	1000001001000010	4	1
11822	-6.6	1000001001000010	4	1
11823	-6.6	1000001001100010	4	1
11827	-6.6	1000001000100110	4	1
11828	-6.6	1000001001100100	4	1
11832	-6.6	1000001001000110	4	1
11839	-6.6	1000001000111010	4	1
11841	-6.6	1000001001011100	4	1
11843	-6.6	1000001000111100	4	1
11848	-6.6	1000001001011010	4	1
11849	-6.6	1000001001011010	4	1
11850	-6.6	1000001001100110	4	1
11852	-6.6	1000001001011110	4	1
11853	-6.6	1000001001100110	4	1
11867	-6.6	0001100110000001	3	2
11874	-6.6	1000011000100100	4	1
11875	-6.6	1000011001000010	4	1
11878	-6.6	1001100001100110	3	2
11880	-6.6	0001100110000001	3	2
11882	-6.6	1000011000011010	4	1
11889	-6.6	0001100110000101	3	2
11890	-6.6	1000011001000100	4	1
11891	-6.6	1000011000100010	4	1
11892	-6.6	1000011001000010	4	1
11894	-6.6	1000011000100100	4	1
11897	-6.6	1000011000111010	4	1
11899	-4.9	1000000110000001	3	1
11908	-6.6	1000000110000100	3	1
11909	-6.6	1000000110000010	3	1
11910	-6.6	1000000110000110	3	1
11915	-6.6	1000000110000100	4	1
11916	-6.6	1000000110000010	4	1
11917	-6.6	1000000110000110	4	1
11944	-6.6	1000000111000100	4	1
11951	-6.6	1000000110100100	4	1
11954	-6.6	1000000110100010	4	1
11955	-6.6	1000000111000010	4	1
11963	-6.6	1000000111000110	4	1
11968	-6.6	1000000110100110	3	1
11970	-6.6	1000000110100110	4	1
11974	-6.6	1000000110100110	4	1
11975	-6.6	1000000101100110	3	1
11979	-4.9	1000010000100001	3	1
11990	-6.6	1000010000011010	4	1
11992	-6.6	1000010001011000	4	1
12006	-6.6	1000010000011100	4	1
12007	-6.6	1000010000111000	4	1
12029	-6.6	1000010000100010	4	1
12030	-6.6	1000010001000100	4	1
12039	-6.6	1000010000100100	4	1
12040	-6.6	1000010000100100	4	1
12043	-6.6	1000010001000010	4	1
12046	-6.6	1000010001000010	4	1
12047	-6.6	1000010001100010	4	1
12049	-6.6	1000010000100110	4	1
12050	-6.6	1000010001100100	4	1
12054	-6.6	1000010001000110	4	1
12063	-6.6	1000010000111010	4	1
12064	-6.6	1000010001011100	4	1
12067	-6.6	1000010000111100	4	1
12073	-6.6	1000010001011010	4	1
12074	-6.6	1000010001011010	4	1
12077	-6.6	1000010010100110	4	1
12080	-6.6	1000010001011110	4	1
12081	-6.6	1000010001100110	4	1
12082	-6.6	1000010001111010	4	1
12083	-6.6	1000010010100110	4	1
12084	-6.6	1000010001100110	3	1
12091	-4.9	1000001001000001	3	1
12101	-6.6	1000001000011010	4	1
12103	-6.6	1000001001011000	4	1
12117	-6.6	1000001000011100	4	1
12118	-6.6	1000001000111000	4	1
12140	-6.6	1000001000100010	4	1
12141	-6.6	1000001001000100	4	1
12150	-6.6	1000001000100100	4	1
12151	-6.6	1000001000100100	4	1
12154	-6.6	1000001001000010	4	1
12157	-6.6	1000001001000010	4	1
12158	-6.6	1000001001100010	4	1
12160	-6.6	1000001000100110	4	1
12161	-6.6	1000001001100100	4	1
12165	-6.6	1000001001000110	4	1
12174	-6.6	1000001000111010	4	1
12175	-6.6	1000001001011100	4	1
12178	-6.6	1000001000111100	4	1
12184	-6.6	1000001001011010	4	1
12185	-6.6	1000001001011010	4	1
12188	-6.6	1000001010100110	4	1
12191	-6.6	1000001001011110	4	1
12192	-6.6	1000001001100110	4	1
12194	-6.6	1000001010100110	4	1
12195	-6.6	1000001001100110	3	1
12202	-5.2	0001100110011000	4	2
12210	-6.6	0001100110000001	3	2
12211	-6.6	1000011000011010	4	1
12212	-6.6	0001100110000001	3	2
12227	-6.6	1000011000011100	4	1
12228	-6.6	1000011000111000	4	1
12242	-6.6	0001100110000101	3	2
12243	-6.6	0001100110000011	3	2
12247	-6.9	0001100110000001	3	2
12250	-6.6	1000011000100010	4	1
12251	-6.6	1000011001000100	4	1
12260	-6.6	1000011000100100	4	1
12261	-6.6	1000011000100100	4	1
12264	-6.6	1000011001000010	4	1
12267	-6.6	1000011001000010	4	1
12268	-6.6	1000011001100010	4	1
12270	-6.6	1000011000100110	4	1
12271	-6.6	1000011001100100	4	1
12275	-6.6	1000011001000110	4	1
12284	-6.6	1000011000111010	4	1
12288	-6.6	1000011000111100	4	1
12291	-6.6	0001100110011001	3	2
12292	-6.6	0001100110011001	3	2
12297	-6.6	0001100110011101	3	2
12302	-6.6	1000011001100110	4	1
12303	-6.9	0001100110100101	3	2
12305	-6.6	1000011001100110	3	1
12309	-6.9	0001100110011001	3	2
12311	-8.6	0001100111111111	3	2
12319	-4.6	0101100000011010	4	2
12321	-4.6	0101100000011010	4	2
12333	-4.9	1010000110000100	3	2
12334	-4.9	1010000110000010	3	1
12335	-4.9	1010000110000110	3	1
12343	-4.9	1010000110000100	4	2
12344	-4.9	1010000110000010	4	1
12345	-4.9	1010000110000110	4	1
12372	-4.9	1010000110000100	3	2
12373	-4.9	1010000110000010	3	1
12374	-4.9	1010000110000110	3	1
12457	-4.9	1100000110000100	3	2
12458	-4.9	1100000110000010	3	1
12459	-4.9	1100000110000110	3	1
12468	-4.9	1010000110000100	3	2
12469	-4.9	1010000110000010	3	1
12470	-4.9	1010000110000110	3	1
12481	-4.6	0101100000011010	4	2
12507	-6.6	0101100000100001	4	1
12508	-6.6	0101100001000001	4	1
12509	-6.6	0101100001100001	4	1
12521	-4.9	1010000110000100	3	2
12522	-4.9	1010000110000010	3	1
12523	-4.9	1010000110000110	3	1
12543	-6.6	0101100000100101	4	2
12553	-6.6	0101100001000101	4	2
12554	-6.6	0101100001000011	4	1
12577	-6.6	0101100001100101	4	2
12592	-4.9	0010000110000001	4	1
12593	-4.9	0010000110000011	4	2
12598	-4.9	0010000110000001	3	1
12603	-4.9	0010000110000001	3	1
12632	-4.9	0010000110000101	4	2
12633	-4.9	0010000110000011	4	2
12637	-4.9	0010000110000101	3	2
12638	-4.9	0010000110000011	3	2
12706	-6.6	0010000110100101	3	2
12719	-4.9	0100000110000001	4	1
12720	-4.9	0100000110000011	4	1
12725	-4.9	0100000110000001	3	1
12730	-4.9	0100000110000001	3	1
12759	-4.9	0100000110000101	4	1
12760	-4.9	0100000110000011	4	1
12764	-4.9	0100000110000101	3	1
12765	-4.9	0100000110000011	3	1
12833	-6.6	0100000110100101	3	1
12844	-4.9	0110000110000001	4	1
12845	-4.9	0110000110000011	4	1
12848	-4.9	0110000110000001	3	1
12888	-6.6	0110000110100101	3	1
12898	-4.9	1000000110000100	3	1
12899	-4.9	1000000110000010	3	1
12900	-4.9	1000000110000110	3	1
12905	-6.6	1000000110000100	3	1
12906	-6.6	1000000110000010	3	1
12907	-6.6	1000000110000110	3	1
12912	-6.6	1000000110011100	3	1
12913	-6.6	1000000111000110	3	1
12926	-6.6	1000010110000100	3	1
12927	-6.6	1000010110000010	3	1
12928	-6.6	1000010110000110	3	1
12946	-6.6	0101100000011010	5	2
13044	-6.6	0101100001100110	3	2
13326	-4.9	0101100000111001	4	2
13336	-6.3	1000000110000001	5	1
13338	-6.6	1000000110000100	3	1
13339	-6.6	1000000110000010	3	1
13340	-6.6	1000000110000110	3	1
13341	-6.3	1000000110000001	5	1
13367	-4.9	1000000110000100	3	1
13368	-4.9	1000000110000010	3	1
13369	-4.9	1000000110000110	3	1
13377	-6.6	1000000110000100	3	1
13378	-6.6	1000000110000010	3	1
13379	-6.6	1000000110000110	3	1
13391	-6.6	1000000111000100	3	1
13395	-6.6	1000000111000100	3	1
13410	-6.6	1000000110100100	3	1
13413	-6.6	1000000111000010	3	1
13415	-6.6	1000000110100010	3	1
13416	-6.6	1000000111000010	3	1
13423	-6.6	1000000110011100	3	1
13427	-6.6	1000000111000110	3	1
13433	-6.6	1000000111000110	3	1
13436	-6.6	1000000110011010	3	1
13438	-6.6	1000000110011010	3	1
13441	-6.6	1000000110100110	3	1
13446	-6.6	1000000110100110	3	1
13450	-6.6	1000000110011110	3	1
13451	-6.9	1000000111100110	3	1
13468	-6.6	0101100001100011	4	1
13470	-8	0101100000011010	4	2
13489	-8.3	0101100000100001	4	1
13490	-8.3	0101100001000001	4	1
13491	-8.3	0101100001100001	4	1
13512	-6.6	0101100000100011	4	1
13522	-6.6	0101100000100101	4	2
13525	-8.3	0101100000100101	4	2
13532	-6.6	0101100001000101	4	2
13533	-6.6	0101100001000011	4	1
13535	-8.3	0101100001000101	4	2
13536	-8.3	0101100001000011	4	1
13541	-6.6	0101100001100011	4	1
13550	-6.6	0101100001011001	4	2
13551	-6.6	0101100001011001	4	2
13552	-6.6	0101100001100101	4	2
13556	-6.6	0101100001011011	4	2
13559	-8.3	0101100001100101	4	2
13566	-6.6	0101100001100111	4	2
13568	-6.6	0101100001111001	4	2
13570	-8.6	0101100011111111	4	2
13574	-6.6	0010000110000101	3	2
13578	-6.6	0010000110000100	3	2
13579	-6.6	0010000110000110	3	2
13593	-6.6	0010000110100010	3	2
13599	-6.6	0010000110100100	3	2
13603	-6.6	0010000110100011	3	2
13604	-6.6	0010000111000011	3	2
13606	-6.6	0010000110011001	3	2
13607	-6.6	0010000110100101	3	2
13608	-6.6	0010000110100101	3	2
13610	-8.3	0010000110100101	3	2
13611	-6.6	1000010001100110	3	1
13615	-6.6	0100000110000101	3	1
13619	-6.6	0100000110000100	3	2
13620	-6.6	0100000110000110	3	1
13634	-6.6	0100000110100010	3	1
13640	-6.6	0100000110100100	3	2
13644	-6.6	0100000110100011	3	1
13645	-6.6	0100000111000011	3	1
13647	-6.6	0100000110011001	3	1
13648	-6.6	0100000110100101	3	1
13649	-6.6	0100000110100101	3	1
13651	-8.3	0100000110100101	3	1
13652	-6.6	1000001001100110	3	1
13656	-6.6	0110000110000101	3	1
13660	-6.6	0110000110000100	3	2
13661	-6.6	0110000110000110	3	2
13675	-6.6	0110000110100010	3	1
13681	-6.6	0110000110100100	3	2
13684	-6.6	0110000110100011	3	1
13685	-6.6	0110000111000011	3	1
13687	-6.6	0110000110011001	3	2
13688	-6.6	0110000110100101	3	1
13689	-6.6	0110000110100101	3	1
13691	-8.3	0110000110100101	3	1
13692	-6.3	1000000110000001	5	1
13701	-4.9	1000000110000100	3	1
13702	-4.9	1000000110000010	3	1
13710	-6.6	0001101000100001	4	2
13711	-6.6	0001101001000001	4	2
13714	-4.9	1000000110000100	3	1
13715	-4.9	1000000110000010	3	1
13716	-4.9	1000000110000110	3	1
13724	-6.6	1000000110000100	3	1
13725	-6.6	1000000110000010	3	1
13726	-6.6	1000000110000110	3	1
13737	-6.6	1000000111000100	3	1
13746	-6.6	0001101000100101	4	2
13748	-6.6	1000000110100100	3	1
13751	-6.6	1000000110100010	3	1
13752	-6.6	1000000111000010	3	1
13756	-6.6	0001101001000101	4	2
13757	-6.6	0001101001000011	4	2
13762	-6.6	1000000110011100	3	1
13770	-6.6	1000000111000110	3	1
13773	-6.6	1000000110011010	3	1
13782	-6.6	1000000110100110	3	1
13785	-6.6	1000000101100110	3	1
13787	-6.6	1000000110011110	3	1
13788	-6.9	1000000111100110	3	1
13792	-8	0001101001011000	4	2
13809	-8.3	0001101000100001	4	2
13810	-8.3	0001101001000001	4	2
13811	-8.3	0001101001100001	4	2
13823	-6.6	1000010110000100	3	1
13824	-6.6	1000010110000010	3	1
13825	-6.6	1000010110000110	3	1
13832	-6.6	0001101000100011	4	2
13842	-6.6	0001101000100101	4	2
13845	-8.3	0001101000100101	4	2
13852	-6.6	0001101001000101	4	2
13853	-6.6	0001101001000011	4	2
13855	-8.3	0001101001000101	4	2
13856	-8.3	0001101001000011	4	2
13870	-6.6	0001101001011001	4	2
13871	-6.6	0001101001011001	4	2
13876	-6.6	0001101001011011	4	2
13879	-8.3	0001101001100101	4	2
13890	-8.6	0001101011111111	4	2
13891	-6.6	0001101001011000	5	2
13921	-6.6	1000001110000100	3	1
13922	-6.6	1000001110000010	3	1
13923	-6.6	1000001110000110	3	1
14005	-4.9	0100000110000001	4	1
14072	-4.9	0010000110000001	4	1
14139	-4.9	0110000110000001	4	1
14163	-4.9	0110000110000101	4	1
14164	-4.9	0110000110000011	4	1
14180	-6.6	0110000110000111	4	2
14276	-4.9	1010000110000101	3	1
14277	-6.6	1010000110000100	4	2
14278	-6.6	1010000110000010	4	1
14279	-6.6	1010000110000110	4	1
14306	-6.6	1010000111000100	4	2
14313	-6.6	1010000110100100	4	2
14316	-6.6	1010000110100010	4	1
14317	-6.6	1010000111000010	4	1
14325	-6.6	1010000111000110	4	1
14330	-6.6	1010000110100110	3	1
14332	-6.6	1010000110100110	4	1
14336	-6.6	1010000110100110	4	1
14337	-6.6	1010000101100110	3	1
14341	-8	0010000110000100	4	2
14388	-6.6	0010000110100011	4	2
14392	-6.6	0010000110100101	4	2
14395	-6.6	0010000110100111	4	2
14404	-8.6	0010000111111111	4	2
14405	-8	0100000110000010	4	1
14451	-6.6	0100000110100011	4	1
14455	-6.6	0100000110100101	4	1
14458	-6.6	0100000110100111	4	1
14467	-8.6	0100000111111111	4	1
14468	-8	0110000110000110	4	2
14513	-6.6	0110000110100011	4	1
14517	-6.6	0110000110100101	4	1
14520	-6.6	0110000110100111	4	2
14526	-6.6	1101100001100110	3	2
14529	-8.6	0110000111111111	4	2
14530	-6.6	0010000110000100	5	2
14580	-6.6	0010000110100110	3	2
14587	-6.6	0010000101100110	3	2
14591	-6.6	0110000110000110	5	2
14640	-6.6	0110000110100110	3	2
14688	-8.6	1000010000100100	3	1
14704	-8.6	1000010001000010	3	1
14719	-8.6	1000010001011010	3	1
14721	-8.6	0010000110100101	3	2
14725	-8.3	1000010001100110	3	1
14726	-8.6	1000010001100110	3	1
14729	-8.6	1000010001111110	3	1
14767	-8.6	1000001000100100	3	1
14783	-8.6	1000001001000010	3	1
14798	-8.6	1000001001011010	3	1
14800	-8.6	0100000110100101	3	1
14804	-8.3	1000001001100110	3	1
14805	-8.6	1000001001100110	3	1
14808	-8.6	1000001001111110	3	1
14834	-6.9	0001101110000001	3	2
14846	-8.6	1000011000100100	3	1
14862	-8.6	1000011001000010	3	1
14877	-8.6	1000011001011010	3	1
14879	-8.6	0110000110100101	3	1
14883	-8.3	1000011001100110	3	1
14884	-8.6	1000011001100110	3	1
14886	-6.9	0001101110011001	3	2
14887	-8.6	1000011001111110	3	1
14888	-4.6	0011100000011100	4	2
14889	-4.6	0011100000011100	4	2
14900	-4.9	1100000110000100	3	2
14901	-4.9	1100000110000010	3	1
14902	-4.9	1100000110000110	3	1
14906	-4.9	1100000110000100	4	2
14907	-4.9	1100000110000010	4	1
14908	-4.9	1100000110000110	4	1
14922	-4.9	1100000110000100	3	2
14923	-4.9	1100000110000010	3	1
14924	-4.9	1100000110000110	3	1
14999	-4.6	0011100000011100	4	2
15009	-6.6	0011100000100001	4	1
15010	-6.6	0011100001000001	4	1
15011	-6.6	0011100001100001	4	1
15023	-4.9	1100000110000100	3	2
15024	-4.9	1100000110000010	3	1
15025	-4.9	1100000110000110	3	1
15045	-6.6	0011100000100101	4	2
15055	-6.6	0011100001000101	4	2
15056	-6.6	0011100001000011	4	2
15079	-6.6	0011100001100101	4	2
15094	-4.9	0010000110000001	4	1
15099	-4.9	0010000110000101	3	2
15116	-4.9	0010000110000101	4	2
15117	-4.9	0010000110000011	4	2
15121	-4.9	0010000110000101	3	2
15122	-4.9	0010000110000011	3	2
15202	-4.9	0100000110000001	4	1
15207	-4.9	0100000110000101	3	1
15224	-4.9	0100000110000101	4	1
15225	-4.9	0100000110000011	4	1
15229	-4.9	0100000110000101	3	1
15230	-4.9	0100000110000011	3	1
15308	-4.9	0110000110000001	4	1
15311	-4.9	0110000110000101	3	1
15341	-4.9	1000000110000001	4	1
15354	-6.6	1000000110000100	4	1
15355	-6.6	1000000110000010	4	1
15356	-6.6	1000000110000110	4	1
15360	-4.9	1000000110000100	4	1
15361	-4.9	1000000110000010	4	1
15362	-4.9	1000000110000110	4	1
15374	-4.9	1000000110000110	4	1
15387	-6.6	1000000111000100	4	1
15397	-6.6	1000000110100010	4	1
15398	-6.6	1000000111000010	4	1
15400	-6.6	1000000110100100	4	1
15416	-6.6	1000000110011100	4	1
15431	-6.6	1000000110011010	4	1
15435	-6.6	1000000110100110	4	1
15440	-6.6	1000000110100110	4	1
15443	-6.9	1000000111100110	4	1
15453	-6.6	0011100000011100	5	2
15534	-6.6	0011100001100110	3	2
15773	-4.9	0011100001011001	3	2
15778	-6.6	1010000110000100	3	2
15779	-6.6	1010000110000010	3	1
15780	-6.6	1010000110000110	3	1
15783	-6.6	1010000110011100	3	2
15784	-6.6	1010000111000110	3	1
15791	-8	0011100000011100	4	2
15794	-8.3	0011100000100001	4	1
15795	-8.3	0011100001000001	4	1
15796	-8.3	0011100001100001	4	1
15817	-6.6	0011100000100011	4	2
15827	-6.6	0011100000100101	4	2
15830	-8.3	0011100000100101	4	2
15837	-6.6	0011100001000101	4	2
15838	-6.6	0011100001000011	4	2
15840	-8.3	0011100001000101	4	2
15841	-8.3	0011100001000011	4	2
15846	-6.6	0011100001100011	4	2
15855	-6.6	0011100001011001	4	2
15856	-6.6	0011100001011001	4	2
15857	-6.6	0011100001100101	4	2
15861	-6.6	0011100001011011	4	2
15864	-8.3	0011100001100101	4	2
15871	-6.6	0011100001100111	4	2
15873	-6.6	0011100001111001	4	2
15875	-8.6	0011100011111111	4	2
15876	-6.6	0010000110000011	3	2
15880	-6.6	0010000110000100	3	2
15881	-6.6	0010000110000110	3	2
15886	-6.6	0010000110100010	3	2
15895	-6.6	0010000110100100	3	2
15897	-6.6	0010000110100101	3	2
15899	-6.6	0010000110100110	3	2
15905	-6.6	0100000110000011	3	1
15909	-6.6	0100000110000100	3	2
15910	-6.6	0100000110000110	3	1
15915	-6.6	0100000110100010	3	1
15924	-6.6	0100000110100100	3	2
15926	-6.6	0100000110100101	3	1
15928	-6.6	0100000110100110	3	1
15934	-6.6	0110000110000011	3	1
15938	-6.6	0110000110000100	3	2
15939	-6.6	0110000110000110	3	2
15944	-6.6	0110000110100010	3	1
15953	-6.6	0110000110100100	3	2
15955	-6.6	0110000110100101	3	1
15957	-6.6	0110000110100110	3	2
15961	-8	0001110000111000	4	2
15963	-8.3	0001110000100001	4	2
15964	-8.3	0001110001000001	4	2
15965	-8.3	0001110001100001	4	2
15986	-6.6	0001110000100011	4	2
15996	-6.6	0001110000100101	4	2
15999	-8.3	0001110000100101	4	2
16006	-6.6	0001110001000101	4	2
16007	-6.6	0001110001000011	4	2
16009	-8.3	0001110001000101	4	2
16010	-8.3	0001110001000011	4	2
16015	-6.6	0001110001100011	4	2
16024	-6.6	0001110001011001	4	2
16025	-6.6	0001110001011001	4	2
16026	-6.6	0001110001100101	4	2
16030	-6.6	0001110001011011	4	2
16033	-8.3	0001110001100101	4	2
16040	-6.6	0001110001100111	4	2
16042	-6.6	0001110001111001	4	2
16044	-8.6	0001110011111111	4	2
16045	-6.6	0001110000111000	5	2
16121	-6.6	0001110001100110	3	2
16128	-4.9	1100000110000011	3	1
16129	-6.6	1100000110000100	4	2
16130	-6.6	1100000110000010	4	1
16131	-6.6	1100000110000110	4	1
16141	-6.6	1100000111000100	4	2
16143	-6.6	1100000100100100	4	2
16144	-6.6	1100000101000010	4	1
16145	-6.6	1100000110100010	4	1
16146	-6.6	1100000111000010	4	1
16148	-6.6	1100000110100100	4	2
16156	-6.6	1100000110011100	4	2
16159	-6.6	1100000111000110	3	1
16160	-6.6	1100000110011010	4	1
16161	-6.6	1100000101011010	4	1
16162	-6.6	1100000101100110	4	1
16163	-6.6	1100000110011110	4	1
16164	-6.6	1100000110100110	4	1
16168	-6.6	1100000110100110	4	1
16169	-6.6	1100000101100110	3	1
16173	-8	0010000110000100	4	2
16216	-8.6	0010000111111111	4	2
16217	-8	0100000110000010	4	1
16259	-8.6	0100000111111111	4	1
16260	-8	0110000110000110	4	2
16298	-6.6	1011100001100110	3	2
16301	-8.6	0110000111111111	4	2
16302	-6.6	0010000110000100	5	2
16329	-6.6	0010000111000110	3	2
16339	-6.6	0010000101100110	3	2
16343	-6.6	0110000110000110	5	2
16369	-6.6	0110000111000110	3	2
16383	-6.6	1000010000011110	4	1
16384	-6.6	1000010000100010	4	1
16385	-6.6	1000010000100100	4	1
16386	-6.6	1000010000100110	4	1
16387	-6.6	1000010000111010	4	1
16388	-6.6	1000010000111100	4	1
16389	-6.6	1000010001000010	4	1
16390	-6.6	1000010001000100	4	1
16391	-6.6	1000010001000110	4	1
16392	-6.6	1000010001011010	4	1
16393	-6.6	1000010001011100	4	1
16394	-6.6	1000010001100010	4	1
16395	-6.6	1000010001100100	4	1
16396	-6.6	1000010001100110	4	1
16397	-6.6	1000010001111000	4	1
16399	-8.3	1000010000100010	4	1
16400	-8.3	1000010001000100	4	1
16408	-8.3	1000010000100100	4	1
16409	-8.6	1000010000100100	4	1
16415	-8.3	1000010001000010	4	1
16416	-8.3	1000010001100010	4	1
16418	-8.3	1000010000100110	4	1
16419	-8.3	1000010001100100	4	1
16423	-8.3	1000010001000110	4	1
16425	-8.6	1000010001000010	4	1
16429	-8.3	1000010000111010	4	1
16430	-8.3	1000010001011100	4	1
16433	-8.3	1000010000111100	4	1
16439	-8.3	1000010001011010	4	1
16440	-8.6	1000010001011010	4	1
16443	-8.3	1000010001011110	4	1
16444	-8.3	1000010001100110	4	1
16445	-8.3	1000010001111010	4	1
16447	-8.6	1000010001100110	4	1
16450	-8.6	1000010001111110	4	1
16451	-6.6	1000001000011110	4	1
16452	-6.6	1000001000100010	4	1
16453	-6.6	1000001000100100	4	1
16454	-6.6	1000001000100110	4	1
16455	-6.6	1000001000111010	4	1
16456	-6.6	1000001000111100	4	1
16457	-6.6	1000001001000010	4	1
16458	-6.6	1000001001000100	4	1
16459	-6.6	1000001001000110	4	1
16460	-6.6	1000001001011010	4	1
16461	-6.6	1000001001011100	4	1
16462	-6.6	1000001001100010	4	1
16463	-6.6	1000001001100100	4	1
16464	-6.6	1000001001100110	4	1
16467	-8.3	1000001000100010	4	1
16468	-8.3	1000001001000100	4	1
16476	-8.3	1000001000100100	4	1
16477	-8.6	1000001000100100	4	1
16483	-8.3	1000001001000010	4	1
16484	-8.3	1000001001100010	4	1
16486	-8.3	1000001000100110	4	1
16487	-8.3	1000001001100100	4	1
16491	-8.3	1000001001000110	4	1
16493	-8.6	1000001001000010	4	1
16497	-8.3	1000001000111010	4	1
16498	-8.3	1000001001011100	4	1
16501	-8.3	1000001000111100	4	1
16507	-8.3	1000001001011010	4	1
16508	-8.6	1000001001011010	4	1
16511	-8.3	1000001001011110	4	1
16512	-8.3	1000001001100110	4	1
16513	-8.3	1000001001111010	4	1
16515	-8.6	1000001001100110	4	1
16518	-8.6	1000001001111110	4	1
16519	-6.6	1000011000011110	4	1
16520	-6.6	1000011000100010	4	1
16521	-6.6	1000011000100100	4	1
16522	-6.6	1000011000100110	4	1
16523	-6.6	1000011000111010	4	1
16524	-6.6	1000011000111100	4	1
16525	-6.6	1000011001000010	4	1
16526	-6.6	1000011001000100	4	1
16527	-6.6	1000011001000110	4	1
16530	-6.6	1000011001100010	4	1
16531	-6.6	1000011001100100	4	1
16532	-6.6	1000011001100110	4	1
16533	-6.9	0001110110000001	3	2
16535	-8.3	1000011000100010	4	1
16536	-8.3	1000011001000100	4	1
16544	-8.3	1000011000100100	4	1
16545	-8.6	1000011000100100	4	1
16551	-8.3	1000011001000010	4	1
16552	-8.3	1000011001100010	4	1
16554	-8.3	1000011000100110	4	1
16555	-8.3	1000011001100100	4	1
16559	-8.3	1000011001000110	4	1
16561	-8.6	1000011001000010	4	1
16565	-8.3	1000011000111010	4	1
16566	-8.3	1000011001011100	4	1
16569	-8.3	1000011000111100	4	1
16575	-8.3	1000011001011010	4	1
16576	-8.6	1000011001011010	4	1
16579	-8.3	1000011001011110	4	1
16580	-8.3	1000011001100110	4	1
16581	-8.3	1000011001111010	4	1
16583	-8.6	1000011001100110	4	1
16585	-6.9	0001110110011001	3	2
16586	-8.6	1000011001111110	4	1
16598	-4.9	1110000110000100	3	2
16599	-4.9	1110000110000010	3	1
16600	-4.9	1110000110000110	3	2
16620	-6.6	0111100000100101	4	1
16630	-6.6	0111100001000101	4	1
16631	-6.6	0111100001000011	4	1
16654	-6.6	0111100001100101	4	1
16669	-4.9	0010000110000101	4	2
16670	-4.9	0010000110000011	4	2
16674	-4.9	0010000110000101	3	2
16675	-4.9	0010000110000011	3	2
16698	-6.6	0100010000100101	4	1
16708	-6.6	0100010001000101	4	1
16709	-6.6	0100010001000011	4	1
16732	-6.6	0100010001100101	4	1
16746	-4.9	0100000110000101	4	1
16747	-4.9	0100000110000011	4	1
16751	-4.9	0100000110000101	3	1
16752	-4.9	0100000110000011	3	1
16775	-6.6	0010010000100101	4	2
16785	-6.6	0010010001000101	4	2
16786	-6.6	0010010001000011	4	2
16809	-6.6	0010010001100101	4	2
16822	-4.9	0110000110000101	4	1
16823	-4.9	0110000110000011	4	1
16827	-4.9	0110000110000101	3	1
16828	-4.9	0110000110000011	3	1
16851	-6.6	0110010000100101	4	1
16861	-6.6	0110010001000101	4	1
16862	-6.6	0110010001000011	4	1
16885	-6.6	0110010001100101	4	1
16897	-4.9	1010000110000101	4	1
16908	-4.9	1010000110000110	4	1
16926	-6.6	0101110000100101	4	2
16936	-6.6	0101110001000101	4	2
16937	-6.6	0101110001000011	4	1
16958	-6.6	1010000110100110	4	1
16960	-6.6	0101110001100101	4	2
16964	-6.6	1010000110100110	4	1
16968	-6.9	1010000111100110	4	1
16972	-4.9	1100000110000011	4	1
16982	-4.9	1100000110000110	4	1
17000	-6.6	0011110000100101	4	2
17010	-6.6	0011110001000101	4	2
17011	-6.6	0011110001000011	4	2
17032	-6.6	1100000110100110	4	1
17034	-6.6	0011110001100101	4	2
17038	-6.6	1100000110100110	4	1
17042	-6.9	1100000111100110	4	1
17073	-6.6	0100001000100101	4	1
17083	-6.6	0100001001000101	4	1
17084	-6.6	0100001001000011	4	1
17107	-6.6	0100001001100101	4	1
17145	-6.6	0010001000100101	4	2
17155	-6.6	0010001001000101	4	2
17156	-6.6	0010001001000011	4	2
17179	-6.6	0010001001100101	4	2
17216	-6.6	0110001000100101	4	1
17226	-6.6	0110001001000101	4	1
17227	-6.6	0110001001000011	4	1
17250	-6.6	0110001001100101	4	1
17262	-6.3	1010000110000101	5	1
17264	-6.6	1010000110000100	3	2
17265	-6.6	1010000110000010	3	1
17266	-6.6	1010000110000110	3	1
17277	-6.6	1010000111000100	3	2
17286	-6.6	0101101000100101	4	2
17288	-6.6	1010000110100100	3	2
17291	-6.6	1010000110100010	3	1
17292	-6.6	1010000111000010	3	1
17296	-6.6	0101101001000101	4	2
17297	-6.6	0101101001000011	4	1
17302	-6.6	1010000110011100	3	2
17310	-6.6	1010000111000110	3	1
17313	-6.6	1010000110011010	3	2
17322	-6.6	1010000110100110	3	1
17325	-6.6	1010000101100110	3	1
17327	-6.6	1010000110011110	3	1
17328	-6.9	1010000111100110	3	1
17332	-6.3	1100000110000011	5	1
17333	-6.6	1100000110000100	3	2
17334	-6.6	1100000110000010	3	1
17335	-6.6	1100000110000110	3	1
17346	-6.6	1100000111000100	3	2
17355	-6.6	0011101000100101	4	2
17357	-6.6	1100000110100100	3	2
17360	-6.6	1100000110100010	3	1
17361	-6.6	1100000111000010	3	1
17365	-6.6	0011101001000101	4	2
17366	-6.6	0011101001000011	4	2
17371	-6.6	1100000110011100	3	2
17379	-6.6	1100000111000110	3	1
17382	-6.6	1100000110011010	3	1
17391	-6.6	1100000110100110	3	1
17394	-6.6	1100000101100110	3	1
17396	-6.6	1100000110011110	3	1
17397	-6.9	1100000111100110	3	1
17401	-5.2	0010000110000100	4	2
17404	-6.9	0010000110000001	3	1
17423	-6.6	0100011000100101	4	1
17433	-6.6	0100011001000101	4	1
17434	-6.6	0100011001000011	4	1
17442	-6.6	0010000110100011	3	2
17443	-6.6	0010000111000011	3	2
17446	-6.6	0010000111000101	3	2
17448	-6.6	0010000110011001	3	2
17449	-6.6	0010000110011001	3	2
17451	-6.6	0010000110100101	3	2
17452	-6.6	0010000110100101	3	2
17454	-6.6	0010000110011101	3	2
17457	-6.6	0100011001100101	4	1
17458	-6.6	0010000110100111	3	2
17460	-6.9	0010000110100101	3	2
17466	-6.9	0010000110011001	3	2
17467	-6.9	0010000111100111	3	2
17468	-8.6	0010000111111111	3	2
17469	-5.2	0100000110000010	4	1
17471	-6.9	0100000110000001	3	1
17490	-6.6	0010011000100101	4	2
17500	-6.6	0010011001000101	4	2
17501	-6.6	0010011001000011	4	2
17509	-6.6	0100000110100011	3	1
17510	-6.6	0100000111000011	3	1
17513	-6.6	0100000111000101	3	1
17515	-6.6	0100000110011001	3	1
17516	-6.6	0100000110011001	3	1
17518	-6.6	0100000110100101	3	1
17519	-6.6	0100000110100101	3	1
17521	-6.6	0100000110011101	3	1
17524	-6.6	0010011001100101	4	2
17525	-6.6	0100000110100111	3	1
17527	-6.9	0100000110100101	3	1
17533	-6.9	0100000110011001	3	1
17534	-6.9	0100000111100111	3	1
17535	-8.6	0100000111111111	3	1
17536	-5.2	0110000110000110	4	2
17537	-6.9	0110000110000001	3	1
17556	-6.6	0110011000100101	4	1
17566	-6.6	0110011001000101	4	1
17567	-6.6	0110011001000011	4	1
17575	-6.6	0110000110100011	3	1
17576	-6.6	0110000111000011	3	1
17579	-6.6	0110000111000101	3	1
17581	-6.6	0110000110011001	3	2
17582	-6.6	0110000110011001	3	2
17584	-6.6	0110000110100101	3	1
17585	-6.6	0110000110100101	3	1
17587	-6.6	0110000110011101	3	2
17590	-6.6	0110011001100101	4	1
17591	-6.6	0110000110100111	3	2
17593	-6.9	0110000110100101	3	1
17599	-6.9	0110000110011001	3	2
17600	-6.9	0110000111100111	3	2
17601	-8.6	0110000111111111	3	2
17602	-6.9	1000000110000001	3	1
17612	-6.9	1000000111000100	3	1
17621	-6.6	0001111000100101	4	2
17623	-6.9	1000000110100100	3	1
17626	-6.9	1000000110100010	3	1
17627	-6.9	1000000111000010	3	1
17637	-6.9	1000000110011100	3	1
17642	-6.9	1000000111011100	3	1
17645	-6.9	1000000111000110	3	1
17648	-6.9	1000000110011010	3	1
17653	-6.9	1000000110100110	4	1
17654	-6.9	1000000111011010	3	1
17655	-6.9	1000000110111010	3	1
17657	-6.9	1000000110100110	3	1
17659	-6.9	1000000110100110	4	1
17660	-6.9	1000000101100110	3	1
17661	-6.9	1000000111100110	3	1
17662	-6.9	1000000110011110	3	1
17666	-8.6	1000000111111111	3	1
17678	-6.6	0110000110000111	4	2
17768	-6.6	1110000110100110	4	2
17769	-6.6	1110000110100110	4	2
17770	-6.6	1110000101100110	3	2
17777	-8.6	0010000111111111	4	2
17782	-8.6	0100000111111111	4	1
17787	-8.6	0110000111111111	4	2
17788	-8.3	1110000110100110	4	2
17789	-8.3	1110000110100110	4	2
17791	-8.6	1110000111100110	4	2
17795	-6.6	0100000101100110	3	1
17800	-6.6	0110000101100110	3	2
17818	-8.6	1000000110100110	4	1
17819	-8.6	1000000110100110	4	1
17820	-8.6	1000000101100110	3	1
17836	-6.6	0010001001100011	4	2
17842	-6.6	0100010000100010	5	1
17898	-6.6	0100010001100110	3	1
17915	-6.6	0100010001100011	4	1
17921	-8	0100010000100010	4	1
17924	-6.6	0100010000100011	4	1
17934	-6.6	0100010000100101	4	1
17937	-8.3	0100010000100101	4	1
17944	-6.6	0100010001000101	4	1
17945	-6.6	0100010001000011	4	1
17947	-8.3	0100010001000101	4	1
17948	-8.3	0100010001000011	4	1
17953	-6.6	0100010001100011	4	1
17962	-6.6	0100010001011001	4	1
17963	-6.6	0100010001011001	4	1
17964	-6.6	0100010001100101	4	1
17968	-6.6	0100010001011011	4	1
17971	-8.3	0100010001100101	4	1
17978	-6.6	0100010001100111	4	1
17980	-6.6	0100010001111001	4	1
17982	-8.6	0100010011111111	4	1
17989	-8	0010001001000100	4	2
17991	-6.6	0010001000100011	4	2
18001	-6.6	0010001000100101	4	2
18004	-8.3	0010001000100101	4	2
18011	-6.6	0010001001000101	4	2
18012	-6.6	0010001001000011	4	2
18014	-8.3	0010001001000101	4	2
18015	-8.3	0010001001000011	4	2
18020	-6.6	0010001001100011	4	2
18029	-6.6	0010001001011001	4	2
18030	-6.6	0010001001011001	4	2
18031	-6.6	0010001001100101	4	2
18035	-6.6	0010001001011011	4	2
18038	-8.3	0010001001100101	4	2
18045	-6.6	0010001001100111	4	2
18049	-8.6	0010001011111111	4	2
18050	-6.6	0010001001000100	5	2
18103	-6.6	0010001001100110	3	2
18112	-6.6	1100010000100100	4	2
18113	-6.6	1100010001000010	4	1
18115	-6.6	1100010001011010	4	1
18116	-6.6	1100010001100110	4	1
18118	-4.9	1100010000100011	3	1
18125	-6.6	1100010000100100	4	2
18126	-6.6	1100010000100100	4	2
18129	-6.6	1100010001000010	4	1
18132	-6.6	1100010001000010	4	1
18133	-6.6	1100010001100010	4	1
18135	-6.6	1100010000100110	4	1
18136	-6.6	1100010001100100	4	2
18140	-6.6	1100010001000110	4	1
18149	-6.6	1100010000111010	4	1
18150	-6.6	1100010001011100	4	1
18153	-6.6	1100010000111100	4	1
18159	-6.6	1100010001011010	4	1
18160	-6.6	1100010001011010	4	1
18163	-6.6	1100010010100110	4	1
18166	-6.6	1100010001011110	4	1
18167	-6.6	1100010001100110	4	1
18168	-6.6	1100010001111010	4	1
18169	-6.6	1100010010100110	4	1
18170	-6.6	1100010001100110	3	1
18181	-6.6	0100001001100011	4	1
18193	-6.6	1100010001100110	3	1
18194	-8	0010001111000100	4	2
18234	-8.6	1100010000100100	3	2
18250	-8.6	1100010001000010	3	1
18265	-8.6	1100010001011010	3	1
18267	-8.6	0010001110100101	3	2
18271	-8.3	1100010001100110	3	1
18272	-8.6	1100010001100110	3	1
18275	-8.6	1100010001111110	3	1
18276	-6.6	0100001001000010	5	1
18278	-6.6	0100001001000010	5	1
18339	-8	0010001111000100	4	2
18371	-6.6	0100001001000010	5	1
18420	-6.6	0100001001100110	3	1
18427	-6.6	0100011001100010	5	1
18473	-6.9	0010001110100101	3	2
18475	-6.6	0100011001100110	3	1
18479	-6.9	0010001110011001	3	2
18504	-6.6	0010010001100011	4	2
18510	-6.6	0010010000100100	5	2
18511	-6.6	0010010000100100	5	2
18566	-6.6	0010010000100100	5	2
18612	-6.6	0010010001100110	3	2
18619	-8	0010010000100100	4	2
18620	-8	0010010000100100	4	2
18622	-6.6	0010010001000011	4	2
18623	-6.6	0010010000100101	4	2
18638	-6.6	0010010001000101	4	2
18639	-6.6	0010010001000011	4	2
18644	-6.6	0010010001100011	4	2
18655	-6.6	0010010001011001	4	2
18656	-6.6	0010010001011001	4	2
18657	-6.6	0010010001100101	4	2
18659	-6.6	0010010001100101	4	2
18671	-6.6	0010010001100111	4	2
18673	-6.6	0010010001111001	4	2
18675	-8.6	0010010011111111	4	2
18676	-8	0010010000100100	4	2
18678	-6.6	0010010000100101	4	2
18681	-8.3	0010010000100101	4	2
18688	-6.6	0010010001000101	4	2
18689	-6.6	0010010001000011	4	2
18691	-8.3	0010010001000101	4	2
18692	-8.3	0010010001000011	4	2
18697	-6.6	0010010001100011	4	2
18706	-6.6	0010010001011001	4	2
18707	-6.6	0010010001011001	4	2
18708	-6.6	0010010001100101	4	2
18712	-6.6	0010010001011011	4	2
18715	-8.3	0010010001100101	4	2
18722	-6.6	0010010001100111	4	2
18724	-6.6	0010010001111001	4	2
18726	-8.6	0010010011111111	4	2
18728	-6.6	0010010001011001	3	2
18732	-8.6	0010010011111111	3	2
18733	-8.6	0010010000100100	4	2
18736	-8.6	0010010000100101	3	2
18737	-8.6	0010010000100101	4	2
18747	-8.6	0010010001000101	4	2
18748	-8.6	0010010001000011	4	2
18750	-8.6	0010010001000101	3	2
18751	-8.6	0010010001000011	3	2
18758	-8.6	0010010001100011	3	2
18770	-8.6	0010010001100101	3	2
18771	-8.6	0010010001100101	4	2
18784	-6.6	1100001001000010	4	1
18786	-6.6	1100001001011010	4	1
18787	-6.6	1100001001100110	4	1
18788	-4.9	1010010000100101	3	1
18789	-6.6	1010010001000010	4	1
18792	-6.6	1010010001000010	4	1
18793	-6.6	1010010001100010	4	1
18795	-6.6	1010010000100110	4	1
18796	-6.6	1010010001100100	4	2
18800	-6.6	1010010001000110	4	1
18809	-6.6	1010010000111010	4	1
18810	-6.6	1010010001011100	4	2
18813	-6.6	1010010000111100	4	2
18819	-6.6	1010010001011010	4	1
18820	-6.6	1010010001011010	4	1
18823	-6.6	1010010010100110	4	1
18826	-6.6	1010010001011110	4	1
18827	-6.6	1010010001100110	4	1
18828	-6.6	1010010001111010	4	1
18829	-6.6	1010010010100110	4	1
18830	-6.6	1010010001100110	3	1
18837	-8	0100001001000010	4	1
18843	-8	0100001001000010	4	1
18851	-6.6	0100001001000101	4	1
18852	-6.6	0100001001000011	4	1
18857	-6.6	0100001001100011	4	1
18868	-6.6	0100001001011001	4	1
18869	-6.6	0100001001011001	4	1
18870	-6.6	0100001001100101	4	1
18872	-6.6	0100001001100101	4	1
18884	-6.6	0100001001100111	4	1
18888	-8.6	0100001011111111	4	1
18890	-6.6	1010010001100110	3	1
18919	-8	0100001111000010	4	1
18958	-8.6	1010010001000010	3	1
18973	-8.6	1010010001011010	3	2
18975	-8.6	0010010110100101	3	2
18979	-8.3	1010010001100110	3	1
18980	-8.6	1010010001100110	3	1
18983	-8.6	1010010001111110	3	1
19012	-8	0100001111000010	4	1
19036	-8.3	1010010001000010	4	1
19037	-8.3	1010010001100010	4	1
19039	-8.3	1010010000100110	4	1
19040	-8.3	1010010001100100	4	2
19044	-8.3	1010010001000110	4	1
19046	-8.6	1010010001000010	4	1
19050	-8.3	1010010000111010	4	2
19051	-8.3	1010010001011100	4	2
19054	-8.3	1010010000111100	4	2
19060	-8.3	1010010001011010	4	2
19061	-8.6	1010010001011010	4	2
19064	-8.3	1010010001011110	4	1
19065	-8.3	1010010001100110	4	1
19066	-8.3	1010010001111010	4	1
19068	-8.6	1010010001100110	4	1
19071	-8.6	1010010001111110	4	1
19072	-8	0100001001000010	4	1
19078	-6.6	0100001001000101	4	1
19079	-6.6	0100001001000011	4	1
19081	-8.3	0100001001000101	4	1
19082	-8.3	0100001001000011	4	1
19087	-6.6	0100001001100011	4	1
19096	-6.6	0100001001011001	4	1
19097	-6.6	0100001001011001	4	1
19098	-6.6	0100001001100101	4	1
19102	-6.6	0100001001011011	4	1
19105	-8.3	0100001001100101	4	1
19112	-6.6	0100001001100111	4	1
19116	-8.6	0100001011111111	4	1
19117	-8	0100011001100010	4	1
19122	-6.6	0100011001000101	4	1
19123	-6.6	0100011001000011	4	1
19125	-8.3	0100011001000101	4	1
19126	-8.3	0100011001000011	4	1
19131	-6.6	0100011001100011	4	1
19142	-6.6	0100011001100101	4	1
19149	-8.3	0100011001100101	4	1
19156	-6.6	0100011001100111	4	1
19158	-6.9	0010010110011001	3	2
19187	-6.6	0110010000100110	5	1
19223	-6.6	0110010001100110	3	1
19231	-6.6	1010001001100110	3	1
19234	-6.6	1100001001100110	3	1
19235	-8	0110010000100110	4	2
19238	-6.6	0110010001000101	4	1
19239	-6.6	0110010001000011	4	1
19241	-8.3	0110010001000101	4	1
19242	-8.3	0110010001000011	4	1
19247	-6.6	0110010001100011	4	1
19256	-6.6	0110010001011001	4	2
19257	-6.6	0110010001011001	4	2
19258	-6.6	0110010001100101	4	1
19262	-6.6	0110010001011011	4	2
19265	-8.3	0110010001100101	4	1
19272	-6.6	0110010001100111	4	2
19274	-6.6	0110010001111001	4	2
19276	-8.6	0110010011111111	4	2
19278	-6.6	0100001001011001	3	1
19282	-8.6	0100001011111111	3	1
19283	-8	0010011001100100	4	2
19285	-6.6	0010011001000101	4	2
19286	-6.6	0010011001000011	4	2
19288	-8.3	0010011001000101	4	2
19289	-8.3	0010011001000011	4	2
19294	-6.6	0010011001100011	4	2
19305	-6.6	0010011001100101	4	2
19312	-8.3	0010011001100101	4	2
19319	-6.6	0010011001100111	4	2
19321	-6.9	0100010110011001	3	1
19324	-6.6	0010011001100100	5	2
19355	-6.9	0100001110100101	3	1
19357	-6.6	0010011001100110	3	2
19361	-6.9	0100001110011001	3	1
19364	-4.9	1010001001000101	3	1
19366	-6.6	1010001001000110	4	1
19375	-6.6	1010001000111010	4	1
19376	-6.6	1010001001011100	4	2
19379	-6.6	1010001000111100	4	2
19385	-6.6	1010001001011010	4	1
19386	-6.6	1010001001011010	4	1
19389	-6.6	1010001010100110	4	1
19392	-6.6	1010001001011110	4	1
19393	-6.6	1010001001100110	4	1
19395	-6.6	1010001010100110	4	1
19396	-6.6	1010001001100110	3	1
19403	-4.9	1100001001000011	3	1
19404	-6.6	1100001001000110	4	1
19413	-6.6	1100001000111010	4	1
19414	-6.6	1100001001011100	4	1
19417	-6.6	1100001000111100	4	1
19423	-6.6	1100001001011010	4	1
19424	-6.6	1100001001011010	4	1
19427	-6.6	1100001010100110	4	1
19430	-6.6	1100001001011110	4	1
19431	-6.6	1100001001100110	4	1
19433	-6.6	1100001010100110	4	1
19434	-6.6	1100001001100110	3	1
19441	-8	0110001001000110	4	2
19442	-8.3	0110001001000101	4	1
19443	-8.3	0110001001000011	4	1
19448	-6.6	0110001001100011	4	1
19457	-6.6	0110001001011001	4	2
19458	-6.6	0110001001011001	4	2
19459	-6.6	0110001001100101	4	1
19463	-6.6	0110001001011011	4	2
19466	-8.3	0110001001100101	4	1
19473	-6.6	0110001001100111	4	2
19477	-8.6	0110001011111111	4	2
19479	-8.6	1010001001000010	4	1
19483	-8.3	1010001000111010	4	2
19484	-8.3	1010001001011100	4	2
19487	-8.3	1010001000111100	4	2
19493	-8.3	1010001001011010	4	2
19494	-8.6	1010001001011010	4	2
19497	-8.3	1010001001011110	4	1
19498	-8.3	1010001001100110	4	1
19499	-8.3	1010001001111010	4	1
19501	-8.6	1010001001100110	4	1
19504	-8.6	1010001001111110	4	1
19506	-8.6	1100001001000010	4	1
19510	-8.3	1100001000111010	4	1
19511	-8.3	1100001001011100	4	2
19514	-8.3	1100001000111100	4	2
19520	-8.3	1100001001011010	4	1
19521	-8.6	1100001001011010	4	1
19524	-8.3	1100001001011110	4	1
19525	-8.3	1100001001100110	4	1
19526	-8.3	1100001001111010	4	1
19528	-8.6	1100001001100110	4	1
19531	-8.6	1100001001111110	4	1
19532	-6.6	0110001001000110	5	2
19559	-6.6	0110001001100110	3	2
19566	-8.6	1010001001000010	3	1
19581	-8.6	1010001001011010	3	2
19583	-8.6	0100010110100101	3	1
19587	-8.3	1010001001100110	3	1
19588	-8.6	1010001001100110	3	1
19591	-8.6	1010001001111110	3	1
19592	-8.6	1100001001000010	3	1
19607	-8.6	1100001001011010	3	1
19609	-8.6	0100001110100101	3	1
19613	-8.3	1100001001100110	3	1
19614	-8.6	1100001001100110	3	1
19617	-8.6	1100001001111110	3	1
19622	-8.6	0100011110100101	3	1
19623	-8.6	0100001001000010	4	1
19629	-8.6	0100001001100011	3	1
19641	-8.6	0100001001100101	3	1
19642	-8.6	0100001001100101	4	1
19670	-6.6	1100011000111010	4	1
19674	-8	0011100110011100	4	2
19690	-8.6	0011100111111111	4	2
19691	-5.2	0011100110011100	4	2
19693	-6.6	1100011000111010	4	1
19697	-6.6	1100011000111100	4	1
19700	-6.6	0011100110011001	3	2
19701	-6.6	0011100110011001	3	2
19706	-6.6	0011100110011101	3	2
19711	-6.6	1100011001100110	4	1
19712	-6.9	0011100110100101	3	2
19714	-6.6	1100011001100110	3	1
19718	-6.9	0011100110011001	3	2
19720	-8.6	0011100111111111	3	2
19721	-6.6	0101110000111010	5	2
19743	-6.6	0101110001100110	3	2
19756	-8	0101110000111010	4	2
19763	-6.6	0101110001011001	4	2
19764	-6.6	0101110001011001	4	2
19765	-6.6	0101110001100101	4	1
19769	-6.6	0101110001011011	4	2
19772	-8.3	0101110001100101	4	2
19779	-6.6	0101110001100111	4	2
19781	-6.6	0101110001111001	4	2
19783	-8.6	0101110011111111	4	2
19786	-8	0011101001011100	4	2
19792	-6.6	0011101001011001	4	2
19793	-6.6	0011101001011001	4	2
19798	-6.6	0011101001011011	4	2
19801	-8.3	0011101001100101	4	2
19812	-8.6	0011101011111111	4	2
19813	-6.6	0011101001011100	5	2
19839	-8	0110001111000110	4	2
19851	-6.6	1101110001100110	3	2
19862	-8.6	1100011001011010	3	1
19864	-8.6	0110001110100101	3	1
19868	-8.3	1100011001100110	3	1
19869	-8.6	1100011001100110	3	1
19871	-6.9	0011101110011001	3	2
19872	-8.6	1100011001111110	3	1
19873	-8	0011110000111100	4	2
19876	-6.6	0011110001011001	4	2
19877	-6.6	0011110001011001	4	2
19878	-6.6	0011110001100101	4	2
19882	-6.6	0011110001011011	4	2
19885	-8.3	0011110001100101	4	2
19892	-6.6	0011110001100111	4	2
19894	-6.6	0011110001111001	4	2
19896	-8.6	0011110011111111	4	2
19897	-6.6	0011110001011001	3	2
19902	-6.6	0101101001011010	5	2
19925	-6.6	0110011001100110	5	1
19938	-6.9	0110001110100101	3	1
19940	-6.6	0110011001100110	3	1
19944	-6.9	0110001110011001	3	2
19952	-6.3	1001100110011001	5	2
19953	-6.6	1001100110011010	3	2
19954	-6.6	1001101001011010	4	2
19955	-6.6	1001101001011010	4	2
19958	-6.6	1001101001011110	4	2
19962	-6.6	1001100110011110	3	2
19965	-6.3	1001100110011001	5	2
19966	-6.6	1001100110011010	3	2
19967	-6.6	1001101001011010	4	2
19968	-6.6	1001101001011010	4	2
19971	-6.6	1001101010100110	4	2
19974	-6.6	1001101001011110	4	2
19977	-6.6	1001101010100110	4	2
19980	-6.6	1001100110011110	3	2
19986	-6.6	1001101001100110	3	1
19987	-8	0101100110011010	4	2
19999	-8.6	0101100111111111	4	2
20000	-5.2	0101100110011010	4	2
20004	-6.6	0101100110011101	3	2
20009	-6.6	1010011001100110	4	1
20010	-6.9	0101100110100101	3	2
20012	-6.6	1010011001100110	3	1
20016	-6.9	0101100110011001	3	2
20018	-8.6	0101100111111111	3	2
20023	-8.6	0101100111111111	4	2
20024	-8	0101101001011010	4	2
20025	-8	0101101001011010	4	2
20039	-8.6	0101101011111111	4	2
20040	-8	0101101001011010	4	2
20042	-6.6	0101101001011011	4	2
20045	-8.3	0101101001100101	4	2
20056	-8.6	0101101011111111	4	2
20058	-8.3	0110010110100101	3	1
20059	-6.6	1010011001100110	3	1
20060	-8.6	0101101001011010	4	2
20063	-8.6	0101101001100101	3	2
20064	-8.6	0101101001100101	4	2
20078	-6.6	1101101001011110	4	2
20083	-6.6	1011100110011110	3	2
20101	-6.9	0110010110011001	4	1
20103	-8.6	0110010111100111	4	2
20104	-8.6	0110010111111111	4	2
20105	-8.3	1010010110100101	5	1
20106	-8.6	1010010110100110	3	1
20109	-8.3	1010010101100110	3	1
20110	-8.6	1010010111100110	3	1
20111	-8.6	1010010111100110	3	1
20116	-8.3	1010011001100110	3	1
20117	-8.6	1010011001100110	3	1
20119	-6.9	0101101110011001	3	2
20120	-8.6	1010011001111110	3	1
20121	-8.3	1010011001011110	4	1
20122	-8.3	1010011001100110	4	1
20123	-8.3	1010011001111010	4	1
20125	-8.6	1010011001100110	4	1
20127	-6.9	0101110110011001	3	2
20128	-8.6	1010011001111110	4	1
20129	-8	0111101001011110	4	2
20139	-8.6	0111101011111111	4	2
20140	-8	0110011001100110	4	1
20145	-6.6	0110011001100111	4	1
20147	-6.9	0110010110011001	3	2
20150	-8	0101111001111010	4	2
20152	-6.9	1010010101100110	3	1
20154	-6.9	1010010110011110	3	1
20162	-8.6	0111100111111111	4	2
20169	-6.9	0110010110011001	4	1
20171	-8.6	0110010111100111	4	2
20172	-8.6	0110010111111111	4	2
20178	-6.6	0110011001100111	3	2
20180	-6.9	0110011010011001	3	1
20182	-8.6	0110011011100111	3	2
20183	-8.6	0110011011111111	3	1
20184	-8.6	0110011001100110	4	2
20190	-5.2	0111100110011110	4	2
20192	-6.9	0111100110011001	3	2
20194	-8.6	0111100111111111	3	2
20200	-6.9	1001100110011001	3	2
20202	-8.6	1001100111111111	3	2
20203	-8.6	0111111001111110	4	2
