11	-4	0110011	0	0
34	-4	0110011	0	0
101	-4	0110011	0	0
114	-4	0110011	0	0
178	-4	0110011	0	0
263	-4	0110011	0	0
279	-4	0110011	0	0
296	-4.3	0000000000000000	6	2
297	-4.3	0000000000000000	6	2
494	-4.3	0000000000000000	6	2
495	-4.3	0000000000000000	6	2
689	-4.3	0000000000000000	6	2
891	-6.3	0000000000000001	6	2
902	-6.3	0000000000000011	6	2
913	-6.3	0000000001100001	6	2
940	-6.3	0000000001100011	6	2
946	-5.2	0000000000000000	4	2
947	-5.2	0000000000000000	4	2
1138	-5.2	0000000000000000	4	2
1318	-6.9	0000000011111111	4	2
1330	-4.9	0000000001011001	4	2
1334	-6.9	0000000011111111	4	2
1335	-5.2	0000000000000000	3	2
1336	-5.2	0000000000000000	3	2
1338	-6.3	0000000000000001	6	2
1339	-6.3	0000000000000001	6	2
1359	-6.3	0000000000000011	6	2
1360	-6.3	0000000000000011	6	2
1374	-6.3	0000000000000101	6	2
1375	-6.3	0000000000000101	6	2
1382	-6.3	0000000000000111	6	2
1391	-6.3	0000000000100001	6	2
1392	-6.3	0000000001000001	6	2
1393	-6.3	0000000001100001	6	2
1395	-6.3	0000000000100001	6	2
1396	-6.3	0000000001000001	6	2
1397	-6.3	0000000001100001	6	2
1434	-6.3	0000000010000011	6	2
1462	-6.3	0000000000100011	6	2
1463	-6.3	0000000000100011	6	2
1475	-6.3	0000000001000011	6	2
1476	-6.3	0000000000100101	6	2
1491	-6.3	0000000001000101	6	2
1492	-6.3	0000000001000011	6	2
1497	-6.3	0000000001100011	6	2
1508	-6.3	0000000001011001	6	2
1509	-6.3	0000000001011001	6	2
1510	-6.3	0000000001100101	6	2
1512	-6.3	0000000001100101	6	2
1524	-6.3	0000000001100111	6	2
1526	-6.3	0000000001111001	6	2
1529	-5.2	0000000000000000	3	2
1531	-6.3	0000000000000001	6	2
1532	-6.3	0000000000000001	6	2
1533	-6.3	0000000000000001	6	2
1540	-6.9	0000000000000001	3	2
1554	-6.3	0000000000000011	6	2
1555	-6.3	0000000000000011	6	2
1557	-6.9	0000000000000011	3	2
1567	-6.3	0000000000000101	6	2
1568	-6.3	0000000000000101	6	2
1570	-6.9	0000000000000101	3	2
1576	-6.3	0000000000000111	6	2
1586	-4.9	0000000000011001	3	2
1587	-6.3	0000000000100001	6	2
1588	-6.3	0000000001000001	6	2
1589	-6.3	0000000000100001	6	2
1590	-6.3	0000000001000001	6	2
1591	-6.3	0000000001100001	6	2
1619	-6.9	0000000000100001	3	2
1620	-6.9	0000000001000001	3	2
1621	-6.9	0000000001100001	3	2
1642	-6.3	0000000000100011	6	2
1652	-6.3	0000000000100101	6	2
1655	-6.9	0000000000100101	3	2
1662	-6.3	0000000001000101	6	2
1663	-6.3	0000000001000011	6	2
1665	-6.9	0000000001000101	3	2
1666	-6.9	0000000001000011	3	2
1671	-6.3	0000000001100011	6	2
1680	-6.3	0000000001011001	6	2
1681	-6.3	0000000001011001	6	2
1682	-6.3	0000000001100101	6	2
1686	-6.3	0000000001011011	6	2
1689	-6.9	0000000001100101	3	2
1696	-6.3	0000000001100111	6	2
1698	-6.3	0000000001111001	6	2
1712	-6.6	0000000001011001	4	2
1716	-8.6	0000000011111111	4	2
1717	-8.6	0000000000000000	4	2
1718	-6.9	0000000000000001	3	2
1719	-6.9	0000000000000001	3	2
1720	-6.9	0000000000000001	3	2
1727	-8.6	0000000000000001	3	2
1741	-6.9	0000000000000011	3	2
1742	-6.9	0000000000000011	3	2
1744	-8.6	0000000000000011	3	2
1754	-6.9	0000000000000101	3	2
1755	-6.9	0000000000000101	3	2
1757	-8.6	0000000000000101	3	2
1763	-6.9	0000000000000111	3	2
1773	-6.6	0000000000011001	3	2
1774	-6.9	0000000000100001	3	2
1775	-6.9	0000000001000001	3	2
1776	-6.9	0000000000100001	3	2
1777	-6.9	0000000001000001	3	2
1778	-6.9	0000000001100001	3	2
1806	-8.6	0000000000100001	3	2
1807	-8.6	0000000001000001	3	2
1808	-8.6	0000000001100001	3	2
1829	-6.9	0000000000100011	3	2
1839	-6.9	0000000000100101	3	2
1842	-8.6	0000000000100101	3	2
1849	-6.9	0000000001000101	3	2
1850	-6.9	0000000001000011	3	2
1852	-8.6	0000000001000101	3	2
1853	-8.6	0000000001000011	3	2
1858	-6.9	0000000001100011	3	2
1867	-6.9	0000000001011001	3	2
1868	-6.9	0000000001011001	3	2
1869	-6.9	0000000001100101	3	2
1873	-6.9	0000000001011011	3	2
1876	-8.6	0000000001100101	3	2
1883	-6.9	0000000001100111	3	2
1885	-6.9	0000000001111001	3	2
1893	-4.9	1000000010100000	3	2
1895	-6.6	1000000011100000	3	2
1900	-4.9	1000000010100110	3	1
1902	-6.6	1000000011100110	3	1
1903	-6.6	1000000011111111	3	1
1904	-6	1000000000000001	6	1
1916	-6.3	1000000000000010	6	1
1917	-6.3	1000000001000000	6	2
1929	-6.3	1000000000000100	6	1
1930	-6.3	1000000000100000	6	2
1934	-6.3	1000000001100000	6	1
1937	-6.3	1000000000000110	6	1
1943	-6.3	1000000000011000	6	2
1944	-6.3	1000000000011000	6	2
1945	-6.9	1000000000011000	3	2
1963	-6.3	1000000000011010	6	1
1968	-6.3	1000000001011000	6	1
1974	-6.3	1000000000011100	6	1
1975	-6.3	1000000000111000	6	1
1995	-6.3	1000000000100010	6	1
1996	-6.3	1000000001000100	6	1
2005	-6.3	1000000000100100	6	1
2006	-6.3	1000000000100100	6	1
2007	-6.9	1000000000100100	3	1
2009	-6.3	1000000001000010	6	1
2011	-6.3	1000000001000010	6	1
2012	-6.3	1000000001100010	6	1
2016	-6.3	1000000000100110	6	1
2017	-6.3	1000000001100100	6	1
2021	-6.3	1000000001000110	6	1
2023	-6.9	1000000001000010	3	1
2028	-6.3	1000000000111010	6	1
2030	-6.3	1000000001011100	6	1
2032	-6.3	1000000000111100	6	1
2037	-6.3	1000000001011010	6	1
2038	-6.3	1000000001011010	6	1
2039	-6.3	1000000001100110	6	1
2040	-6.9	1000000001011010	3	1
2041	-6.3	1000000001011110	6	1
2042	-6.3	1000000001100110	6	1
2043	-6.3	1000000001111010	6	1
2044	-6.9	1000000001100110	3	1
2047	-6.9	1000000001111110	3	1
2048	-6	1000000000000001	6	1
2057	-6.3	1000000001000000	6	2
2059	-6.3	1000000000000010	6	1
2060	-6.3	1000000000000010	6	1
2061	-6.3	1000000001000000	6	2
2066	-6.3	1000000000000100	6	1
2067	-6.3	1000000000000110	6	1
2071	-6.3	1000000000100000	6	2
2073	-6.3	1000000000000100	6	1
2074	-6.3	1000000000100000	6	2
2077	-6.3	1000000001100000	6	1
2078	-6.3	1000000001100000	6	1
2081	-6.3	1000000000000110	6	1
2085	-6.3	1000000000011000	6	2
2088	-6.3	1000000000011000	6	2
2089	-6.9	1000000000011000	3	2
2097	-6.3	1000000001011000	6	1
2099	-6.3	1000000000011010	6	1
2100	-6.3	1000000000011010	6	1
2102	-6.3	1000000001011000	6	1
2115	-6.3	1000000000011100	6	1
2119	-6.3	1000000000111000	6	1
2136	-6.3	1000000001000100	6	1
2138	-6.3	1000000000100010	6	1
2139	-6.3	1000000000100010	6	1
2140	-6.3	1000000001000100	6	1
2143	-6.3	1000000001000010	6	1
2144	-6.3	1000000001000110	6	1
2148	-6.3	1000000000100100	6	1
2151	-6.3	1000000000100100	6	1
2152	-6.9	1000000000100100	3	1
2154	-6.3	1000000001100010	6	1
2155	-6.3	1000000001000010	6	1
2156	-6.3	1000000001100010	6	1
2157	-6.3	1000000001100100	6	1
2159	-6.3	1000000000100110	6	1
2160	-6.3	1000000000100110	6	1
2161	-6.3	1000000001100100	6	1
2165	-6.3	1000000001000110	6	1
2167	-6.9	1000000001000010	3	1
2170	-6.3	1000000001011010	6	1
2171	-6.3	1000000000111010	6	1
2172	-6.3	1000000000111010	6	1
2173	-6.3	1000000001100110	6	1
2174	-6.3	1000000001011100	6	1
2176	-6.3	1000000000111100	6	1
2183	-6.3	1000000001011010	6	1
2184	-6.9	1000000001011010	3	1
2185	-6.3	1000000001011110	6	1
2186	-6.3	1000000001100110	6	1
2187	-6.3	1000000001111010	6	1
2188	-6.9	1000000001100110	3	1
2191	-6.9	1000000001111110	3	1
2192	-6	1000000000000001	6	1
2208	-6.3	1000000000000010	6	1
2210	-6.3	1000000001000000	6	2
2223	-6.3	1000000000000100	6	1
2225	-6.3	1000000000100000	6	2
2228	-6.3	1000000010100000	6	2
2230	-6.3	1000000001100000	6	1
2234	-6.3	1000000000000110	6	1
2236	-6.9	1000000011100000	3	2
2242	-6.3	1000000000011000	6	2
2243	-6.3	1000000000011000	6	2
2244	-6.9	1000000000011000	3	2
2259	-6.3	1000000000011010	6	1
2261	-6.3	1000000001011000	6	1
2275	-6.3	1000000000011100	6	1
2276	-6.3	1000000000111000	6	1
2298	-6.3	1000000000100010	6	1
2299	-6.3	1000000001000100	6	1
2308	-6.3	1000000000100100	6	1
2309	-6.3	1000000000100100	6	1
2310	-6.9	1000000000100100	3	1
2312	-6.3	1000000001000010	6	1
2315	-6.3	1000000001000010	6	1
2316	-6.3	1000000001100010	6	1
2318	-6.3	1000000000100110	6	1
2319	-6.3	1000000001100100	6	1
2323	-6.3	1000000001000110	6	1
2329	-6.9	1000000001000010	3	1
2332	-6.3	1000000000111010	6	1
2333	-6.3	1000000001011100	6	1
2336	-6.3	1000000000111100	6	1
2342	-6.3	1000000001011010	6	1
2343	-6.3	1000000001011010	6	1
2344	-6.9	1000000001011010	3	1
2346	-6.3	1000000010100110	6	1
2349	-6.3	1000000001011110	6	1
2350	-6.3	1000000001100110	6	1
2351	-6.3	1000000001111010	6	1
2352	-6.3	1000000010100110	6	1
2354	-6.9	1000000001100110	3	1
2356	-6.9	1000000011100110	3	1
2358	-6.9	1000000001111110	3	1
2360	-4.6	0000000110000000	4	2
2367	-4.6	0000000110000000	4	2
2430	-4.9	0000000110000001	4	2
2435	-4.9	0000000110000001	4	2
2469	-4.9	0000000110000101	4	2
2470	-4.9	0000000110000011	4	2
2474	-6.6	0000000110000001	4	2
2541	-6.6	0000000110100101	4	2
2546	-6.6	0000000110011001	4	2
2547	-6.6	0000000111100111	4	2
2549	-4.6	0000000110000000	4	2
2556	-4.6	0000000110000000	4	2
2750	-4.9	1000000000100000	4	2
2769	-6.6	0000000110000001	4	2
2803	-6.6	0000000111000011	4	2
2805	-6.6	0000000110011001	4	2
2807	-6.6	0000000110100101	4	2
2809	-6.9	0000000110100101	4	2
2810	-6.6	1000000001100110	4	1
2864	-4	0110011	0	0
3067	-5.2	0000000110000000	3	2
3093	-4.9	0000000110000001	3	2
3098	-6.3	0000000110000001	6	2
3099	-4.9	0000000110000101	3	2
3113	-6.3	0000000110000101	6	2
3161	-6.3	0000000110100011	6	2
3165	-6.3	0000000110100101	6	2
3168	-6.3	0000000110100111	6	2
3178	-5.2	0000000110000000	4	2
3319	-6.9	0000000110000001	3	2
3332	-6.9	0000000110000101	3	2
3392	-6.9	0000000110100011	3	2
3403	-6.9	0000000110100101	3	2
3412	-6.9	1000000001100110	4	1
3417	-4.6	0000000110000000	4	2
3421	-4.6	0000000110000000	4	2
3472	-4.9	0000000110000001	4	2
3477	-4.9	0000000110000001	4	2
3499	-4.9	0000000110000101	4	2
3521	-4.9	0000000110000101	4	2
3522	-4.9	0000000110000011	4	2
3526	-6.6	0000000110000001	4	2
3592	-6.6	0000000110100101	4	2
3597	-6.6	0000000110011001	4	2
3598	-6.6	0000000111100111	4	2
3600	-4.6	0000000110000000	4	2
3604	-4.6	0000000110000000	4	2
3802	-6.6	0000000110000001	4	2
3803	-6.6	0000000110100001	4	2
3820	-6.6	0000000110000101	4	2
3842	-6.6	0000000110100101	4	2
3850	-5.2	0000000110000000	3	2
3871	-4.9	0000000110000001	3	2
3899	-4.9	0000000110000011	3	2
3903	-6.6	0000000110000001	3	2
3910	-6.3	0000000110000011	6	2
3960	-6.9	1000000000000010	3	1
3962	-6.9	1000000001000000	3	2
3970	-6.9	1000000000000100	3	1
3972	-6.9	1000000000100000	3	2
3975	-6.9	1000000001100000	3	1
3979	-6.9	1000000000000110	3	1
3983	-6.9	1000000000011000	3	2
3984	-8.6	1000000000011000	3	2
3991	-6.9	1000000000011010	3	1
3993	-6.9	1000000001011000	3	2
4006	-6.9	1000000000011100	3	1
4007	-6.9	1000000000111000	3	2
4009	-6.9	0000000110000011	3	2
4031	-6.9	1000000000100010	3	1
4032	-6.9	1000000001000100	3	1
4040	-6.9	1000000000100100	3	1
4041	-8.6	1000000000100100	3	1
4047	-6.9	1000000001000010	3	1
4048	-6.9	1000000001100010	3	1
4050	-6.9	1000000000100110	3	1
4051	-6.9	1000000001100100	3	1
4055	-6.9	1000000001000110	3	1
4057	-8.6	1000000001000010	3	1
4061	-6.9	1000000000111010	3	1
4062	-6.9	1000000001011100	3	1
4065	-6.9	1000000000111100	3	1
4071	-6.9	1000000001011010	3	1
4072	-8.6	1000000001011010	3	1
4075	-6.9	1000000001011110	3	1
4076	-6.9	1000000001100110	3	1
4077	-6.9	1000000001111010	3	1
4079	-8.6	1000000001100110	3	1
4082	-8.6	1000000001111110	3	1
4083	-4.6	0000000110000000	4	2
4141	-4.9	0000000110000001	4	2
4143	-4.9	0000000110000001	4	2
4173	-4.9	0000000110000101	4	2
4174	-4.9	0000000110000011	4	2
4178	-6.6	0000000110000001	4	2
4234	-6.6	0000000110100101	4	2
4240	-6.6	0000000110011001	4	2
4241	-6.6	0000000111100111	4	2
4243	-4.6	0000000110000000	4	2
4402	-8	0000000110000000	4	2
4458	-6.6	0000000110000001	4	2
4460	-6.6	0000000110000001	4	2
4461	-6.6	0000000110100001	4	2
4462	-6.6	0000000111000001	4	2
4490	-6.6	0000000110000101	4	2
4491	-6.6	0000000110000011	4	2
4495	-8.3	0000000110000001	4	2
4533	-6.6	0000000110100011	4	2
4534	-6.6	0000000111000011	4	2
4537	-6.6	0000000111000101	4	2
4539	-6.6	0000000110011001	4	2
4540	-6.6	0000000110011001	4	2
4542	-6.6	0000000110100101	4	2
4543	-6.6	0000000110100101	4	2
4544	-6.6	0000000111100101	4	2
4545	-6.6	0000000110011101	4	2
4549	-6.6	0000000110100111	4	2
4551	-8.3	0000000110100101	4	2
4557	-8.3	0000000110011001	4	2
4558	-8.3	0000000111100111	4	2
4559	-8.6	0000000111111111	4	2
4598	-4	0110011	0	0
4836	-4.3	0100000000000010	6	1
4837	-4.3	0100000000000010	6	1
5014	-4.3	0100000000000010	6	1
5015	-4.3	0100000000000010	6	1
5189	-4.3	0100000000000010	6	1
5359	-6.3	0000001000000011	6	2
5403	-5.2	0100000000000010	4	1
5565	-4.9	0100000001011001	4	1
5569	-6.9	0100000011111111	4	1
5572	-6.3	0100000000000011	6	1
5583	-6.3	0100000001100001	6	1
5610	-6.3	0100000001100011	6	1
5616	-5.2	0100000000000010	3	1
5621	-6.3	0100000000000011	6	1
5622	-6.3	0100000000000011	6	1
5624	-6.9	0100000000000011	3	1
5634	-6.3	0100000000000101	6	1
5635	-6.3	0100000000000101	6	1
5637	-6.9	0100000000000101	3	1
5643	-6.3	0100000000000111	6	1
5653	-4.9	0100000000011001	3	1
5654	-6.3	0100000000100001	6	1
5655	-6.3	0100000001000001	6	1
5656	-6.3	0100000000100001	6	1
5657	-6.3	0100000001000001	6	1
5658	-6.3	0100000001100001	6	1
5686	-6.9	0100000000100001	3	1
5687	-6.9	0100000001000001	3	1
5688	-6.9	0100000001100001	3	1
5709	-6.3	0100000000100011	6	1
5719	-6.3	0100000000100101	6	1
5722	-6.9	0100000000100101	3	1
5729	-6.3	0100000001000101	6	1
5730	-6.3	0100000001000011	6	1
5732	-6.9	0100000001000101	3	1
5733	-6.9	0100000001000011	3	1
5738	-6.3	0100000001100011	6	1
5747	-6.3	0100000001011001	6	1
5748	-6.3	0100000001011001	6	1
5749	-6.3	0100000001100101	6	1
5753	-6.3	0100000001011011	6	1
5756	-6.9	0100000001100101	3	1
5763	-6.3	0100000001100111	6	1
5765	-6.3	0100000001111001	6	1
5812	-4	0110011	0	0
5889	-4	0110011	0	0
6000	-5.2	0000001001000000	3	2
6003	-6.3	0000001000000011	6	2
6004	-6.3	0000001000000011	6	2
6006	-6.9	0000001000000011	3	2
6016	-6.3	0000001000000101	6	2
6017	-6.3	0000001000000101	6	2
6019	-6.9	0000001000000101	3	2
6025	-6.3	0000001000000111	6	2
6035	-4.9	0000001000011001	3	2
6036	-6.3	0000001000100001	6	2
6037	-6.3	0000001001000001	6	2
6038	-6.3	0000001000100001	6	2
6039	-6.3	0000001001000001	6	2
6068	-6.9	0000001000100001	3	2
6069	-6.9	0000001001000001	3	2
6070	-6.9	0000001001100001	3	2
6091	-6.3	0000001000100011	6	2
6101	-6.3	0000001000100101	6	2
6104	-6.9	0000001000100101	3	2
6111	-6.3	0000001001000101	6	2
6112	-6.3	0000001001000011	6	2
6114	-6.9	0000001001000101	3	2
6115	-6.9	0000001001000011	3	2
6129	-6.3	0000001001011001	6	2
6130	-6.3	0000001001011001	6	2
6135	-6.3	0000001001011011	6	2
6138	-6.9	0000001001100101	3	2
6150	-5.2	0000001001000000	4	2
6299	-4.3	0010000000000100	6	2
6310	-4.3	0010000000000100	6	2
6533	-6.3	1100000000011000	6	2
6559	-6.3	1100000000100100	6	2
6560	-6.3	1100000001000010	6	1
6562	-6.3	1100000001011010	6	1
6563	-6.3	1100000001100110	6	1
6564	-6	1100000000000011	6	1
6565	-6.3	1100000000000100	6	2
6566	-6.3	1100000000000110	6	1
6570	-6.3	1100000000100000	6	2
6572	-6.3	1100000000000100	6	2
6573	-6.3	1100000000100000	6	2
6576	-6.3	1100000001100000	6	1
6577	-6.3	1100000001100000	6	1
6580	-6.3	1100000000000110	6	1
6584	-6.3	1100000000011000	6	2
6587	-6.3	1100000000011000	6	2
6588	-6.9	1100000000011000	3	2
6600	-6.3	1100000001011000	6	2
6602	-6.3	1100000000011010	6	1
6603	-6.3	1100000000011010	6	1
6605	-6.3	1100000001011000	6	2
6618	-6.3	1100000000011100	6	2
6622	-6.3	1100000000111000	6	2
6639	-6.3	1100000001000100	6	2
6641	-6.3	1100000000100010	6	1
6642	-6.3	1100000000100010	6	1
6643	-6.3	1100000001000100	6	2
6646	-6.3	1100000001000010	6	1
6647	-6.3	1100000001000110	6	1
6651	-6.3	1100000000100100	6	2
6654	-6.3	1100000000100100	6	2
6655	-6.9	1100000000100100	3	2
6658	-6.3	1100000001100010	6	1
6659	-6.3	1100000001000010	6	1
6660	-6.3	1100000001100010	6	1
6661	-6.3	1100000001100100	6	2
6663	-6.3	1100000000100110	6	1
6664	-6.3	1100000000100110	6	1
6665	-6.3	1100000001100100	6	2
6669	-6.3	1100000001000110	6	1
6671	-6.9	1100000001000010	3	1
6674	-6.3	1100000001011010	6	1
6675	-6.3	1100000000111010	6	1
6676	-6.3	1100000000111010	6	1
6677	-6.3	1100000001100110	6	1
6678	-6.3	1100000001011100	6	1
6680	-6.3	1100000000111100	6	1
6688	-6.3	1100000001011010	6	1
6689	-6.9	1100000001011010	3	1
6690	-6.3	1100000001011110	6	1
6691	-6.3	1100000001100110	6	1
6692	-6.3	1100000001111010	6	1
6693	-6.9	1100000001100110	3	1
6696	-6.9	1100000001111110	3	1
6697	-6	1100000000000011	6	1
6706	-6.3	1100000000000100	6	2
6708	-6.3	1100000000100000	6	2
6711	-6.3	1100000010100000	6	2
6713	-6.3	1100000001100000	6	1
6717	-6.3	1100000000000110	6	1
6719	-6.9	1100000011100000	3	2
6725	-6.3	1100000000011000	6	2
6726	-6.3	1100000000011000	6	2
6727	-6.9	1100000000011000	3	2
6742	-6.3	1100000000011010	6	1
6744	-6.3	1100000001011000	6	2
6758	-6.3	1100000000011100	6	2
6759	-6.3	1100000000111000	6	2
6781	-6.3	1100000000100010	6	1
6782	-6.3	1100000001000100	6	2
6791	-6.3	1100000000100100	6	2
6792	-6.3	1100000000100100	6	2
6793	-6.9	1100000000100100	3	2
6795	-6.3	1100000001000010	6	1
6798	-6.3	1100000001000010	6	1
6799	-6.3	1100000001100010	6	1
6801	-6.3	1100000000100110	6	1
6802	-6.3	1100000001100100	6	2
6806	-6.3	1100000001000110	6	1
6812	-6.9	1100000001000010	3	1
6815	-6.3	1100000000111010	6	1
6816	-6.3	1100000001011100	6	1
6819	-6.3	1100000000111100	6	1
6825	-6.3	1100000001011010	6	1
6826	-6.3	1100000001011010	6	1
6827	-6.9	1100000001011010	3	1
6829	-6.3	1100000010100110	6	1
6832	-6.3	1100000001011110	6	1
6833	-6.3	1100000001100110	6	1
6834	-6.3	1100000001111010	6	1
6835	-6.3	1100000010100110	6	1
6837	-6.9	1100000001100110	3	1
6839	-6.9	1100000011100110	3	1
6841	-6.9	1100000001111110	3	1
6853	-6.3	0010000001100001	6	1
6880	-6.3	0010000001100011	6	2
6887	-4.9	1100000000100000	4	2
6902	-6.6	0000001110000001	4	2
6915	-6.6	1100000001100110	4	1
6936	-6.9	0000001110000001	3	2
6949	-6.9	0000001110000101	3	2
7009	-6.9	0000001110100011	3	2
7020	-6.9	0000001110100101	3	2
7029	-6.9	1100000001100110	4	1
7083	-6.6	0000001110000001	3	2
7090	-6.3	0000001110000011	6	2
7139	-6.9	1100000000000100	3	2
7141	-6.9	1100000000100000	3	2
7144	-6.9	1100000001100000	3	1
7148	-6.9	1100000000000110	3	1
7152	-6.9	1100000000011000	3	2
7153	-8.6	1100000000011000	3	2
7160	-6.9	1100000000011010	3	1
7162	-6.9	1100000001011000	3	2
7175	-6.9	1100000000011100	3	2
7176	-6.9	1100000000111000	3	2
7178	-6.9	0000001110000011	3	2
7200	-6.9	1100000000100010	3	1
7201	-6.9	1100000001000100	3	2
7209	-6.9	1100000000100100	3	2
7210	-8.6	1100000000100100	3	2
7216	-6.9	1100000001000010	3	1
7217	-6.9	1100000001100010	3	1
7219	-6.9	1100000000100110	3	1
7220	-6.9	1100000001100100	3	2
7224	-6.9	1100000001000110	3	1
7226	-8.6	1100000001000010	3	1
7230	-6.9	1100000000111010	3	1
7231	-6.9	1100000001011100	3	2
7234	-6.9	1100000000111100	3	2
7240	-6.9	1100000001011010	3	1
7241	-8.6	1100000001011010	3	1
7244	-6.9	1100000001011110	3	1
7245	-6.9	1100000001100110	3	1
7246	-6.9	1100000001111010	3	1
7248	-8.6	1100000001100110	3	1
7251	-8.6	1100000001111110	3	1
7252	-5.2	0000010000100000	4	1
7330	-6.6	0000001110000001	4	2
7395	-8	0000001111000000	4	2
7435	-6.6	0000001110000001	4	2
7437	-6.6	0000001110000001	4	2
7439	-6.6	0000001111000001	4	2
7467	-6.6	0000001110000101	4	2
7468	-6.6	0000001110000011	4	2
7472	-8.3	0000001110000001	4	2
7511	-6.6	0000001111000011	4	2
7514	-6.6	0000001111000101	4	2
7528	-8.3	0000001110100101	4	2
7534	-8.3	0000001110011001	4	2
7535	-8.3	0000001111100111	4	2
7747	-4.3	0010000000000100	6	2
7748	-4.3	0010000000000100	6	2
7909	-4.3	0010000000000100	6	2
8102	-5.2	0010000000000100	4	2
8247	-4.9	0010000001011001	4	2
8251	-6.9	0010000011111111	4	2
8252	-5.2	0010000000000100	3	2
8255	-6.3	0010000000000101	6	2
8256	-6.3	0010000000000101	6	2
8258	-6.9	0010000000000101	3	2
8264	-6.3	0010000000000111	6	2
8274	-4.9	0010000000011001	3	2
8275	-6.3	0010000000100001	6	1
8276	-6.3	0010000001000001	6	1
8277	-6.3	0010000000100001	6	1
8278	-6.3	0010000001000001	6	1
8279	-6.3	0010000001100001	6	1
8307	-6.9	0010000000100001	3	1
8308	-6.9	0010000001000001	3	1
8309	-6.9	0010000001100001	3	1
8330	-6.3	0010000000100011	6	2
8340	-6.3	0010000000100101	6	2
8343	-6.9	0010000000100101	3	2
8350	-6.3	0010000001000101	6	2
8351	-6.3	0010000001000011	6	2
8353	-6.9	0010000001000101	3	2
8354	-6.9	0010000001000011	3	2
8359	-6.3	0010000001100011	6	2
8368	-6.3	0010000001011001	6	2
8369	-6.3	0010000001011001	6	2
8370	-6.3	0010000001100101	6	2
8374	-6.3	0010000001011011	6	2
8377	-6.9	0010000001100101	3	2
8384	-6.3	0010000001100111	6	2
8386	-6.3	0010000001111001	6	2
8393	-4.9	0000010000000101	4	2
8399	-4	0110011	0	0
8412	-4	0110011	0	0
8413	-4.9	0000010000011001	4	2
8425	-4.9	0000010000100001	4	2
8426	-4.9	0000010001000001	4	2
8427	-4.9	0000010010000001	4	1
8436	-4.9	0000010000011011	4	2
8454	-4.9	0000010000011101	4	2
8469	-4.9	0000010010000101	4	1
8470	-4.9	0000010010000011	4	1
8474	-6.6	0000010010000001	4	1
8487	-6.9	0000010010000001	4	2
8496	-4.9	0000010000100011	4	2
8511	-4.9	0000010000100101	4	2
8528	-4.9	0000010001000101	4	2
8529	-4.9	0000010001000011	4	2
8560	-4.9	0000010010011001	4	1
8561	-4.9	0000010001011001	4	2
8568	-4.9	0000010010011101	4	1
8575	-6.6	0000010010100101	4	1
8583	-6.6	0000010010011001	4	1
8585	-6.9	0000010011100111	4	2
8586	-6.9	0000010011111111	4	2
8587	-5.2	0000010000100000	3	2
8588	-6.3	0000010000000101	6	2
8589	-6.3	0000010000000101	6	2
8591	-6.9	0000010000000101	3	2
8597	-6.3	0000010000000111	6	2
8607	-4.9	0000010000011001	3	2
8608	-6.3	0000010000100001	6	2
8609	-6.3	0000010001000001	6	2
8610	-6.3	0000010000100001	6	2
8611	-6.3	0000010001000001	6	2
8640	-6.9	0000010000100001	3	2
8641	-6.9	0000010001000001	3	2
8642	-6.9	0000010001100001	3	2
8657	-6.6	0000010110000001	4	1
8663	-6.3	0000010000100011	6	2
8673	-6.3	0000010000100101	6	2
8676	-6.9	0000010000100101	3	2
8683	-6.3	0000010001000101	6	2
8684	-6.3	0000010001000011	6	2
8686	-6.9	0000010001000101	3	2
8687	-6.9	0000010001000011	3	2
8701	-6.3	0000010001011001	6	2
8702	-6.3	0000010001011001	6	2
8707	-6.3	0000010001011011	6	2
8710	-6.9	0000010001100101	3	2
8713	-6.6	0000010110100101	4	1
8719	-6.6	0000010110011001	4	1
8782	-6	1010000000000101	6	1
8784	-6.3	1010000001100000	6	1
8787	-6.3	1010000000000110	6	1
8793	-6.3	1010000000011000	6	2
8794	-6.3	1010000000011000	6	2
8795	-6.9	1010000000011000	3	2
8815	-6.3	1010000000011010	6	2
8820	-6.3	1010000001011000	6	2
8826	-6.3	1010000000011100	6	2
8827	-6.3	1010000000111000	6	2
8847	-6.3	1010000000100010	6	1
8848	-6.3	1010000001000100	6	2
8858	-6.3	1010000000100100	6	2
8859	-6.3	1010000000100100	6	2
8860	-6.9	1010000000100100	3	2
8862	-6.3	1010000001000010	6	1
8864	-6.3	1010000001000010	6	1
8865	-6.3	1010000001100010	6	1
8869	-6.3	1010000000100110	6	1
8870	-6.3	1010000001100100	6	2
8874	-6.3	1010000001000110	6	1
8876	-6.9	1010000001000010	3	1
8881	-6.3	1010000000111010	6	1
8883	-6.3	1010000001011100	6	2
8885	-6.3	1010000000111100	6	2
8890	-6.3	1010000001011010	6	1
8891	-6.3	1010000001011010	6	1
8892	-6.3	1010000001100110	6	1
8893	-6.9	1010000001011010	3	1
8894	-6.3	1010000001011110	6	1
8895	-6.3	1010000001100110	6	1
8896	-6.3	1010000001111010	6	1
8897	-6.9	1010000001100110	3	1
8900	-6.9	1010000001111110	3	1
8901	-6	1010000000000101	6	1
8902	-6.3	1010000010100000	6	2
8904	-6.3	1010000001100000	6	1
8908	-6.3	1010000000000110	6	1
8910	-6.9	1010000011100000	3	2
8916	-6.3	1010000000011000	6	2
8917	-6.3	1010000000011000	6	2
8918	-6.9	1010000000011000	3	2
8933	-6.3	1010000000011010	6	2
8935	-6.3	1010000001011000	6	2
8949	-6.3	1010000000011100	6	2
8950	-6.3	1010000000111000	6	2
8972	-6.3	1010000000100010	6	1
8973	-6.3	1010000001000100	6	2
8982	-6.3	1010000000100100	6	2
8983	-6.3	1010000000100100	6	2
8984	-6.9	1010000000100100	3	2
8986	-6.3	1010000001000010	6	1
8989	-6.3	1010000001000010	6	1
8990	-6.3	1010000001100010	6	1
8992	-6.3	1010000000100110	6	1
8993	-6.3	1010000001100100	6	2
8997	-6.3	1010000001000110	6	1
9003	-6.9	1010000001000010	3	1
9006	-6.3	1010000000111010	6	1
9007	-6.3	1010000001011100	6	2
9010	-6.3	1010000000111100	6	2
9016	-6.3	1010000001011010	6	1
9017	-6.3	1010000001011010	6	1
9018	-6.9	1010000001011010	3	1
9020	-6.3	1010000010100110	6	1
9023	-6.3	1010000001011110	6	1
9024	-6.3	1010000001100110	6	1
9025	-6.3	1010000001111010	6	1
9026	-6.3	1010000010100110	6	1
9028	-6.9	1010000001100110	3	1
9030	-6.9	1010000011100110	3	1
9032	-6.9	1010000001111110	3	1
9037	-6.6	1010000001100110	4	1
9042	-4	0110011	0	0
9046	-6.3	0000010100000111	6	2
9062	-6.3	0000010110000001	6	2
9063	-6.3	0000010100100001	6	2
9064	-6.3	0000010101000001	6	2
9087	-6.3	0000010110000101	6	2
9101	-6.6	0000010110000001	3	1
9110	-6.6	0000010110100001	3	1
9112	-6.3	0000010110000011	6	2
9125	-6.6	0000010110000101	3	1
9126	-6.6	0000010110000011	3	1
9138	-6.3	0000010110000111	6	2
9142	-6.9	0000010110000111	3	2
9156	-6.3	0000010100100011	6	2
9172	-6.3	0000010100100101	6	2
9191	-6.3	0000010101000101	6	2
9192	-6.3	0000010101000011	6	2
9204	-6.3	0000010110100011	6	1
9207	-6.6	0000010110100101	3	1
9212	-6.6	0000010110100011	3	1
9217	-6.3	0000010101011001	6	2
9218	-6.3	0000010110100101	6	1
9220	-6.3	0000010110100101	6	1
9225	-6.3	0000010110100111	6	1
9233	-6.3	0000010110100111	6	1
9272	-6.9	1010000001100000	3	1
9276	-6.9	1010000000000110	3	1
9280	-6.9	1010000000011000	3	2
9281	-8.6	1010000000011000	3	2
9282	-6.3	0000011110000001	6	1
9288	-6.9	1010000000011010	3	2
9290	-6.9	1010000001011000	3	2
9295	-6.3	0000011110000101	6	1
9303	-6.9	1010000000011100	3	2
9304	-6.9	1010000000111000	3	2
9306	-6.9	0000010110000011	3	2
9328	-6.9	1010000000100010	3	1
9329	-6.9	1010000001000100	3	2
9337	-6.9	1010000000100100	3	2
9338	-8.6	1010000000100100	3	2
9344	-6.9	1010000001000010	3	1
9345	-6.9	1010000001100010	3	1
9347	-6.9	1010000000100110	3	1
9348	-6.9	1010000001100100	3	2
9352	-6.9	1010000001000110	3	1
9354	-8.6	1010000001000010	3	1
9358	-6.9	1010000000111010	3	2
9359	-6.9	1010000001011100	3	2
9362	-6.9	1010000000111100	3	2
9368	-6.9	1010000001011010	3	2
9369	-8.6	1010000001011010	3	2
9372	-6.9	1010000001011110	3	1
9373	-6.9	1010000001100110	3	1
9374	-6.9	1010000001111010	3	1
9376	-8.6	1010000001100110	3	1
9379	-8.6	1010000001111110	3	1
9380	-8	0000010110100000	4	2
9385	-6.3	0000011000000111	6	1
9408	-6.6	0000010110000001	4	2
9410	-6.6	0000010110000001	4	2
9411	-6.6	0000010110100001	4	2
9428	-6.9	0000011000100001	3	1
9429	-6.9	0000011001000001	3	1
9440	-6.6	0000010110000101	4	2
9441	-6.6	0000010110000011	4	2
9445	-8.3	0000010110000001	4	2
9464	-6.9	0000011000100101	3	1
9474	-6.9	0000011001000101	3	1
9475	-6.9	0000011001000011	3	1
9483	-6.6	0000010110100011	4	2
9489	-6.6	0000010110011001	4	2
9490	-6.6	0000010110011001	4	2
9492	-6.6	0000010110100101	4	2
9493	-6.6	0000010110100101	4	2
9495	-6.6	0000010110011101	4	2
9499	-6.6	0000010110100111	4	2
9501	-8.3	0000010110100101	4	2
9507	-8.3	0000010110011001	4	2
9508	-8.3	0000010111100111	4	2
9509	-8.6	0000010111111111	4	2
9707	-4.3	0110000000000110	6	2
9835	-5.2	0110000000000110	4	2
9962	-5.2	0110000000000110	3	2
9963	-6.3	0110000000000111	6	2
9973	-4.9	0110000000011001	3	2
9974	-6.3	0110000000100001	6	1
9975	-6.3	0110000001000001	6	1
9976	-6.3	0110000000100001	6	1
9977	-6.3	0110000001000001	6	1
9978	-6.3	0110000001100001	6	1
10006	-6.9	0110000000100001	3	1
10007	-6.9	0110000001000001	3	1
10008	-6.9	0110000001100001	3	1
10029	-6.3	0110000000100011	6	1
10039	-6.3	0110000000100101	6	1
10042	-6.9	0110000000100101	3	1
10049	-6.3	0110000001000101	6	1
10050	-6.3	0110000001000011	6	1
10052	-6.9	0110000001000101	3	1
10053	-6.9	0110000001000011	3	1
10058	-6.3	0110000001100011	6	1
10067	-6.3	0110000001011001	6	2
10068	-6.3	0110000001011001	6	2
10069	-6.3	0110000001100101	6	1
10073	-6.3	0110000001011011	6	2
10076	-6.9	0110000001100101	3	1
10083	-6.3	0110000001100111	6	2
10085	-6.3	0110000001111001	6	2
10088	-6	1110000000000111	6	1
10089	-6.9	0000011100000111	3	2
10095	-6.3	1110000000011000	6	2
10096	-6.3	1110000000011000	6	2
10097	-6.9	1110000000011000	3	2
10113	-6.3	1110000000011010	6	2
10115	-6.3	1110000001011000	6	2
10129	-6.3	1110000000011100	6	2
10130	-6.3	1110000000111000	6	2
10152	-6.3	1110000000100010	6	1
10153	-6.3	1110000001000100	6	2
10162	-6.3	1110000000100100	6	2
10163	-6.3	1110000000100100	6	2
10164	-6.9	1110000000100100	3	2
10166	-6.3	1110000001000010	6	1
10169	-6.3	1110000001000010	6	1
10170	-6.3	1110000001100010	6	1
10172	-6.3	1110000000100110	6	2
10173	-6.3	1110000001100100	6	2
10177	-6.3	1110000001000110	6	2
10183	-6.9	1110000001000010	3	1
10186	-6.3	1110000000111010	6	2
10187	-6.3	1110000001011100	6	2
10190	-6.3	1110000000111100	6	2
10196	-6.3	1110000001011010	6	2
10197	-6.3	1110000001011010	6	2
10198	-6.9	1110000001011010	3	2
10200	-6.3	1110000010100110	6	2
10203	-6.3	1110000001011110	6	1
10204	-6.3	1110000001100110	6	1
10205	-6.3	1110000001111010	6	2
10206	-6.3	1110000010100110	6	2
10208	-6.9	1110000001100110	3	2
10210	-6.9	1110000011100110	3	2
10212	-6.9	1110000001111110	3	1
10215	-6.9	0000011110000001	3	2
10219	-6.9	0000011110000101	3	2
10225	-6.9	0000011110000011	3	2
10243	-6.6	0000011110000001	3	1
10244	-6.6	0000011110000001	3	1
10245	-6.6	0000011110000001	3	1
10246	-6.6	0000011110000001	3	1
10256	-6.9	0000011110000001	3	2
10257	-6.9	0000011100100001	3	2
10258	-6.9	0000011101000001	3	2
10261	-6.6	0000011110000101	3	1
10262	-6.6	0000011110000101	3	1
10276	-6.9	0000011110000101	3	2
10282	-6.6	0000011110000011	3	1
10283	-6.6	0000011110000011	3	1
10286	-8.3	0000011110000001	3	1
10291	-8.3	0000011110100001	3	1
10292	-8.3	0000011111000001	3	1
10293	-6.9	0000011110000011	3	2
10299	-6.6	0000011110000111	3	1
10303	-8.3	0000011110000101	3	1
10304	-8.3	0000011110000011	3	1
10316	-6.9	0000011110000111	3	2
10320	-8.6	0000011110000111	3	2
10335	-6.9	0000011100100011	3	2
10351	-6.9	0000011100100101	3	2
10368	-6.9	0000011101000101	3	2
10369	-6.9	0000011101000011	3	2
10378	-8.3	0000011111000101	3	1
10379	-8.3	0000011110100101	3	1
10383	-8.3	0000011110100011	3	1
10412	-6.6	1000000111100110	3	1
10414	-4.3	0001100000011000	6	2
10415	-4.3	0001100000011000	6	2
10452	-4.9	1000000110000100	3	1
10453	-4.9	1000000110000010	3	1
10454	-4.9	1000000110000110	3	1
10555	-6.6	1000000111100110	3	1
10559	-4.3	0001100000011000	6	2
10560	-4.3	0001100000011000	6	2
10608	-4.9	1000000110000100	3	1
10609	-4.9	1000000110000010	3	1
10610	-4.9	1000000110000110	3	1
10697	-6.6	1000000111100110	3	1
10701	-4.3	0001100000011000	6	2
10818	-6.6	1000000111100110	3	1
10835	-6.3	0001100001100001	6	2
10862	-6.3	0001100001100011	6	2
10868	-5.2	0001100000011000	4	2
10869	-5.2	0001100000011000	4	2
11007	-5.2	0001100000011000	4	2
11129	-4.9	0001100001011001	4	2
11133	-6.9	0001100011111111	4	2
11134	-5.2	0001100000011000	3	2
11135	-5.2	0001100000011000	3	2
11137	-6.3	0001100000100001	6	2
11138	-6.3	0001100001000001	6	2
11139	-6.3	0001100001100001	6	2
11141	-6.3	0001100000100001	6	2
11142	-6.3	0001100001000001	6	2
11143	-6.3	0001100001100001	6	2
11180	-6.3	0001100010000011	6	2
11208	-6.3	0001100000100011	6	2
11209	-6.3	0001100000100011	6	2
11221	-6.3	0001100001000011	6	2
11222	-6.3	0001100000100101	6	2
11237	-6.3	0001100001000101	6	2
11238	-6.3	0001100001000011	6	2
11243	-6.3	0001100001100011	6	2
11254	-6.3	0001100001011001	6	2
11255	-6.3	0001100001011001	6	2
11256	-6.3	0001100001100101	6	2
11258	-6.3	0001100001100101	6	2
11270	-6.3	0001100001100111	6	2
11272	-6.3	0001100001111001	6	2
11275	-5.2	0001100000011000	3	2
11277	-4.9	0001100000011001	3	2
11278	-6.3	0001100000100001	6	2
11279	-6.3	0001100001000001	6	2
11280	-6.3	0001100000100001	6	2
11281	-6.3	0001100001000001	6	2
11282	-6.3	0001100001100001	6	2
11310	-6.9	0001100000100001	3	2
11311	-6.9	0001100001000001	3	2
11312	-6.9	0001100001100001	3	2
11333	-6.3	0001100000100011	6	2
11343	-6.3	0001100000100101	6	2
11346	-6.9	0001100000100101	3	2
11353	-6.3	0001100001000101	6	2
11354	-6.3	0001100001000011	6	2
11356	-6.9	0001100001000101	3	2
11357	-6.9	0001100001000011	3	2
11362	-6.3	0001100001100011	6	2
11371	-6.3	0001100001011001	6	2
11372	-6.3	0001100001011001	6	2
11373	-6.3	0001100001100101	6	2
11377	-6.3	0001100001011011	6	2
11380	-6.9	0001100001100101	3	2
11387	-6.3	0001100001100111	6	2
11389	-6.3	0001100001111001	6	2
11395	-6.6	0001100001011001	4	2
11399	-8.6	0001100011111111	4	2
11400	-8.6	0001100000011000	4	2
11401	-6.6	0001100000011001	3	2
11402	-6.9	0001100000100001	3	2
11403	-6.9	0001100001000001	3	2
11404	-6.9	0001100000100001	3	2
11405	-6.9	0001100001000001	3	2
11406	-6.9	0001100001100001	3	2
11434	-8.6	0001100000100001	3	2
11435	-8.6	0001100001000001	3	2
11436	-8.6	0001100001100001	3	2
11457	-6.9	0001100000100011	3	2
11467	-6.9	0001100000100101	3	2
11470	-8.6	0001100000100101	3	2
11477	-6.9	0001100001000101	3	2
11478	-6.9	0001100001000011	3	2
11480	-8.6	0001100001000101	3	2
11481	-8.6	0001100001000011	3	2
11486	-6.9	0001100001100011	3	2
11495	-6.9	0001100001011001	3	2
11496	-6.9	0001100001011001	3	2
11497	-6.9	0001100001100101	3	2
11501	-6.9	0001100001011011	3	2
11504	-8.6	0001100001100101	3	2
11511	-6.9	0001100001100111	3	2
11513	-6.9	0001100001111001	3	2
11537	-4.9	1001100000011010	3	2
11541	-4.9	1001100001011000	3	2
11556	-4.9	1001100000011100	3	2
11559	-4.9	1001100000111000	3	2
11585	-4.9	1001100000100010	3	1
11587	-4.9	1001100001000100	3	2
11600	-4.9	1001100000100100	3	2
11602	-6.6	1001100000100100	3	2
11612	-4.9	1001100001000010	3	1
11620	-4.9	1001100000100110	3	2
11626	-4.9	1001100001000110	3	2
11628	-6.6	1001100001000010	3	1
11632	-4.9	1001100000111010	3	2
11633	-4.9	1001100001011100	3	2
11636	-4.9	1001100000111100	3	2
11644	-4.9	1001100001011010	3	2
11646	-6.6	1001100001011010	3	2
11649	-4.9	1001100001011110	3	2
11653	-6.6	1001100001100110	3	2
11656	-6.6	1001100001111110	3	2
11657	-6	1000010000100001	6	1
11673	-6.3	1000010000011010	6	1
11678	-6.3	1000010001011000	6	1
11684	-6.3	1000010000011100	6	1
11685	-6.3	1000010000111000	6	1
11701	-6.6	0001100110000001	4	2
11705	-6.3	1000010000100010	6	1
11706	-6.3	1000010001000100	6	1
11715	-6.3	1000010000100100	6	1
11716	-6.3	1000010000100100	6	1
11717	-6.9	1000010000100100	3	1
11719	-6.3	1000010001000010	6	1
11721	-6.3	1000010001000010	6	1
11726	-6.3	1000010000100110	6	1
11731	-6.3	1000010001000110	6	1
11733	-6.9	1000010001000010	3	1
11738	-6.3	1000010000111010	6	1
11740	-6.3	1000010001011100	6	1
11742	-6.3	1000010000111100	6	1
11747	-6.3	1000010001011010	6	1
11748	-6.3	1000010001011010	6	1
11750	-6.9	1000010001011010	3	1
11751	-6.3	1000010001011110	6	1
11753	-6.6	0001100110100101	4	2
11754	-6.9	1000010001100110	3	1
11756	-6.6	0001100110011001	4	2
11757	-6.9	1000010001111110	3	1
11759	-6	1000001001000001	6	1
11774	-6.3	1000001000011010	6	1
11779	-6.3	1000001001011000	6	1
11785	-6.3	1000001000011100	6	1
11806	-6.3	1000001000100010	6	1
11807	-6.3	1000001001000100	6	1
11816	-6.3	1000001000100100	6	1
11817	-6.3	1000001000100100	6	1
11818	-6.9	1000001000100100	3	1
11820	-6.3	1000001001000010	6	1
11822	-6.3	1000001001000010	6	1
11827	-6.3	1000001000100110	6	1
11832	-6.3	1000001001000110	6	1
11834	-6.9	1000001001000010	3	1
11841	-6.3	1000001001011100	6	1
11848	-6.3	1000001001011010	6	1
11849	-6.3	1000001001011010	6	1
11851	-6.9	1000001001011010	3	1
11852	-6.3	1000001001011110	6	1
11855	-6.9	1000001001100110	3	1
11858	-6.9	1000001001111110	3	1
11867	-6.6	0001100110000001	4	2
11877	-6.6	0001100110100101	4	2
11878	-6.6	1001100001100110	4	2
11880	-6.6	0001100110000001	4	2
11881	-6.6	0001100110100001	4	2
11882	-6.3	1000011000011010	6	1
11889	-6.6	0001100110000101	4	2
11896	-6.6	0001100110100101	4	2
11899	-6	1000000110000001	6	1
11915	-6.3	1000000110000100	6	1
11916	-6.3	1000000110000010	6	1
11917	-6.3	1000000110000110	6	1
11920	-6.9	1000000110000100	3	1
11921	-6.9	1000000110000010	3	1
11922	-6.9	1000000110000110	3	1
11944	-6.3	1000000111000100	6	1
11945	-6.9	1000000111000100	3	1
11951	-6.3	1000000110100100	6	1
11953	-6.9	1000000110100100	3	1
11954	-6.3	1000000110100010	6	1
11955	-6.3	1000000111000010	6	1
11956	-6.3	1000000111100010	6	1
11957	-6.3	1000000111100100	6	1
11959	-6.9	1000000110100010	3	1
11960	-6.9	1000000111000010	3	1
11961	-6.9	1000000111100010	3	1
11963	-6.3	1000000111000110	6	1
11964	-6.9	1000000111000110	3	1
11970	-6.3	1000000110100110	6	1
11972	-6.9	1000000110100110	3	1
11973	-6.3	1000000111100110	6	1
11974	-6.3	1000000110100110	6	1
11976	-6.9	1000000111100110	3	1
11977	-6.9	1000000111100110	3	1
11979	-6	1000010000100001	6	1
11990	-6.3	1000010000011010	6	1
11992	-6.3	1000010001011000	6	1
12006	-6.3	1000010000011100	6	1
12007	-6.3	1000010000111000	6	1
12026	-6.6	0001100110000001	4	2
12029	-6.3	1000010000100010	6	1
12030	-6.3	1000010001000100	6	1
12039	-6.3	1000010000100100	6	1
12040	-6.3	1000010000100100	6	1
12041	-6.9	1000010000100100	3	1
12043	-6.3	1000010001000010	6	1
12046	-6.3	1000010001000010	6	1
12049	-6.3	1000010000100110	6	1
12054	-6.3	1000010001000110	6	1
12060	-6.9	1000010001000010	3	1
12063	-6.3	1000010000111010	6	1
12064	-6.3	1000010001011100	6	1
12067	-6.3	1000010000111100	6	1
12073	-6.3	1000010001011010	6	1
12074	-6.3	1000010001011010	6	1
12075	-6.9	1000010001011010	3	1
12077	-6.3	1000010010100110	6	1
12080	-6.3	1000010001011110	6	1
12082	-6.6	0001100110100101	4	2
12083	-6.3	1000010010100110	6	1
12085	-6.9	1000010001100110	3	1
12087	-6.9	1000010011100110	3	1
12088	-6.6	0001100110011001	4	2
12089	-6.9	1000010001111110	3	1
12091	-6	1000001001000001	6	1
12101	-6.3	1000001000011010	6	1
12103	-6.3	1000001001011000	6	1
12117	-6.3	1000001000011100	6	1
12140	-6.3	1000001000100010	6	1
12141	-6.3	1000001001000100	6	1
12150	-6.3	1000001000100100	6	1
12151	-6.3	1000001000100100	6	1
12152	-6.9	1000001000100100	3	1
12154	-6.3	1000001001000010	6	1
12157	-6.3	1000001001000010	6	1
12160	-6.3	1000001000100110	6	1
12165	-6.3	1000001001000110	6	1
12171	-6.9	1000001001000010	3	1
12175	-6.3	1000001001011100	6	1
12184	-6.3	1000001001011010	6	1
12185	-6.3	1000001001011010	6	1
12186	-6.9	1000001001011010	3	1
12188	-6.3	1000001010100110	6	1
12191	-6.3	1000001001011110	6	1
12194	-6.3	1000001010100110	6	1
12196	-6.9	1000001001100110	3	1
12198	-6.9	1000001011100110	3	1
12200	-6.9	1000001001111110	3	1
12202	-8	0001100110011000	4	2
12210	-6.6	0001100110000001	4	2
12211	-6.3	1000011000011010	6	1
12212	-6.6	0001100110000001	4	2
12213	-6.6	0001100110100001	4	2
12227	-6.3	1000011000011100	6	1
12242	-6.6	0001100110000101	4	2
12243	-6.6	0001100110000011	4	2
12247	-8.3	0001100110000001	4	2
12262	-6.9	1000011000100100	3	1
12281	-6.9	1000011001000010	3	1
12285	-6.6	0001100110100011	4	2
12291	-6.6	0001100110011001	4	2
12292	-6.6	0001100110011001	4	2
12294	-6.6	0001100110100101	4	2
12295	-6.6	0001100110100101	4	2
12296	-6.9	1000011001011010	3	1
12297	-6.6	0001100110011101	4	2
12301	-6.6	0001100110100111	4	2
12303	-8.3	0001100110100101	4	2
12309	-8.3	0001100110011001	4	2
12310	-8.3	0001100111100111	4	2
12311	-8.6	0001100111111111	4	2
12319	-4.3	0101100000011010	6	2
12321	-4.3	0101100000011010	6	2
12343	-4.9	1010000110000100	3	2
12344	-4.9	1010000110000010	3	1
12345	-4.9	1010000110000110	3	1
12446	-6.6	1010000111100110	3	1
12481	-4.3	0101100000011010	6	2
12585	-6.6	1010000111100110	3	1
12589	-4.6	0010000110000100	4	2
12598	-4.9	0010000110000001	4	1
12603	-4.9	0010000110000001	4	1
12629	-4.6	0010000110000100	4	2
12637	-4.9	0010000110000101	4	2
12638	-4.9	0010000110000011	4	2
12642	-6.6	0010000110000001	4	1
12709	-6.6	0010000110100101	4	2
12714	-6.6	0010000110011001	4	2
12715	-6.6	0010000111100111	4	2
12717	-4.6	0100000110000010	4	1
12725	-4.9	0100000110000001	4	1
12730	-4.9	0100000110000001	4	1
12757	-4.6	0100000110000010	4	1
12764	-4.9	0100000110000101	4	1
12765	-4.9	0100000110000011	4	1
12769	-6.6	0100000110000001	4	1
12836	-6.6	0100000110100101	4	1
12841	-6.6	0100000110011001	4	1
12842	-6.6	0100000111100111	4	1
12848	-4.9	0110000110000001	4	1
12898	-4.9	1000000110000100	4	1
12899	-4.9	1000000110000010	4	1
12900	-4.9	1000000110000110	4	1
12905	-6.6	1000000110000100	4	1
12906	-6.6	1000000110000010	4	1
12907	-6.6	1000000110000110	4	1
12912	-6.6	1000000110011100	4	1
12913	-6.6	1000000111000110	4	1
12926	-6.6	1000010110000100	4	1
12927	-6.6	1000010110000010	4	1
12928	-6.6	1000010110000110	4	1
12931	-6.6	1000010110011100	4	1
12946	-5.2	0101100000011010	4	2
13051	-4.6	0010000110000100	4	2
13090	-4.6	0010000110000100	4	2
13173	-4.6	0100000110000010	4	1
13212	-4.6	0100000110000010	4	1
13336	-4.9	1000000110000001	4	1
13338	-6.6	1000000110000100	4	1
13339	-6.6	1000000110000010	4	1
13340	-6.6	1000000110000110	4	1
13341	-4.9	1000000110000001	4	1
13367	-4.9	1000000110000100	4	1
13368	-4.9	1000000110000010	4	1
13369	-4.9	1000000110000110	4	1
13377	-6.6	1000000110000100	4	1
13378	-6.6	1000000110000010	4	1
13379	-6.6	1000000110000110	4	1
13391	-6.6	1000000111000100	4	1
13395	-6.6	1000000111000100	4	1
13410	-6.6	1000000110100100	4	1
13413	-6.6	1000000111000010	4	1
13415	-6.6	1000000110100010	4	1
13416	-6.6	1000000111000010	4	1
13423	-6.6	1000000110011100	4	1
13427	-6.6	1000000111000110	4	1
13433	-6.6	1000000111000110	4	1
13436	-6.6	1000000110011010	4	1
13438	-6.6	1000000110011010	4	1
13441	-6.6	1000000110100110	4	1
13446	-6.6	1000000110100110	4	1
13449	-6.6	1000000111100110	4	1
13450	-6.6	1000000110011110	4	1
13468	-6.3	0101100001100011	6	1
13470	-5.2	0101100000011010	3	2
13489	-6.9	0101100000100001	3	1
13490	-6.9	0101100001000001	3	1
13491	-6.9	0101100001100001	3	1
13512	-6.3	0101100000100011	6	1
13522	-6.3	0101100000100101	6	2
13525	-6.9	0101100000100101	3	2
13532	-6.3	0101100001000101	6	2
13533	-6.3	0101100001000011	6	1
13535	-6.9	0101100001000101	3	2
13536	-6.9	0101100001000011	3	1
13541	-6.3	0101100001100011	6	1
13550	-6.3	0101100001011001	6	2
13551	-6.3	0101100001011001	6	2
13552	-6.3	0101100001100101	6	2
13556	-6.3	0101100001011011	6	2
13559	-6.9	0101100001100101	3	2
13566	-6.3	0101100001100111	6	2
13568	-6.3	0101100001111001	6	2
13604	-6.6	0010000111000011	4	2
13606	-6.6	0010000110011001	4	2
13608	-6.6	0010000110100101	4	2
13610	-6.9	0010000110100101	4	2
13611	-6.6	1000010001100110	4	1
13645	-6.6	0100000111000011	4	1
13647	-6.6	0100000110011001	4	1
13649	-6.6	0100000110100101	4	1
13651	-6.9	0100000110100101	4	1
13652	-6.6	1000001001100110	4	1
13685	-6.6	0110000111000011	4	1
13687	-6.6	0110000110011001	4	2
13689	-6.6	0110000110100101	4	1
13691	-6.9	0110000110100101	4	1
13692	-4.9	1000000110000001	4	1
13698	-6.6	1000000111011000	4	1
13701	-4.9	1000000110000100	4	1
13702	-4.9	1000000110000010	4	1
13714	-4.9	1000000110000100	4	1
13715	-4.9	1000000110000010	4	1
13716	-4.9	1000000110000110	4	1
13724	-6.6	1000000110000100	4	1
13725	-6.6	1000000110000010	4	1
13726	-6.6	1000000110000110	4	1
13737	-6.6	1000000111000100	4	1
13748	-6.6	1000000110100100	4	1
13751	-6.6	1000000110100010	4	1
13752	-6.6	1000000111000010	4	1
13762	-6.6	1000000110011100	4	1
13767	-6.6	1000000111011100	4	1
13770	-6.6	1000000111000110	4	1
13773	-6.6	1000000110011010	4	1
13779	-6.6	1000000111011010	4	1
13782	-6.6	1000000110100110	4	1
13785	-6.6	1000000101100110	4	1
13786	-6.6	1000000111100110	4	1
13787	-6.6	1000000110011110	4	1
13792	-5.2	0001101001011000	3	2
13809	-6.9	0001101000100001	3	2
13810	-6.9	0001101001000001	3	2
13811	-6.9	0001101001100001	3	2
13823	-6.6	1000010110000100	4	1
13824	-6.6	1000010110000010	4	1
13825	-6.6	1000010110000110	4	1
13832	-6.3	0001101000100011	6	2
13842	-6.3	0001101000100101	6	2
13845	-6.9	0001101000100101	3	2
13847	-6.6	1000010110100100	4	1
13850	-6.6	1000010110100010	4	1
13852	-6.3	0001101001000101	6	2
13853	-6.3	0001101001000011	6	2
13855	-6.9	0001101001000101	3	2
13856	-6.9	0001101001000011	3	2
13861	-6.6	1000010110011100	4	1
13870	-6.3	0001101001011001	6	2
13871	-6.3	0001101001011001	6	2
13872	-6.6	1000010110011010	4	1
13876	-6.3	0001101001011011	6	2
13879	-6.9	0001101001100101	3	2
13881	-6.6	1000010110100110	4	1
13886	-6.6	1000010110011110	4	1
13891	-5.2	0001101001011000	4	2
13921	-6.6	1000001110000100	4	1
13922	-6.6	1000001110000010	4	1
13923	-6.6	1000001110000110	4	1
13934	-6.6	1000001111000100	4	1
13949	-6.6	1000001111000010	4	1
13967	-6.6	1000001111000110	4	1
14276	-6	1010000110000101	6	1
14277	-6.3	1010000110000100	6	2
14278	-6.3	1010000110000010	6	1
14279	-6.3	1010000110000110	6	1
14282	-6.9	1010000110000100	3	2
14283	-6.9	1010000110000010	3	1
14284	-6.9	1010000110000110	3	1
14306	-6.3	1010000111000100	6	2
14307	-6.9	1010000111000100	3	2
14313	-6.3	1010000110100100	6	2
14315	-6.9	1010000110100100	3	2
14316	-6.3	1010000110100010	6	1
14317	-6.3	1010000111000010	6	1
14318	-6.3	1010000111100010	6	1
14319	-6.3	1010000111100100	6	2
14321	-6.9	1010000110100010	3	1
14322	-6.9	1010000111000010	3	1
14323	-6.9	1010000111100010	3	1
14325	-6.3	1010000111000110	6	1
14326	-6.9	1010000111000110	3	1
14332	-6.3	1010000110100110	6	1
14334	-6.9	1010000110100110	3	1
14335	-6.3	1010000111100110	6	1
14336	-6.3	1010000110100110	6	1
14338	-6.9	1010000111100110	3	1
14339	-6.9	1010000111100110	3	1
14341	-5.2	0010000110000100	3	2
14388	-6.3	0010000110100011	6	2
14392	-6.3	0010000110100101	6	2
14395	-6.3	0010000110100111	6	2
14405	-5.2	0100000110000010	3	1
14451	-6.3	0100000110100011	6	1
14455	-6.3	0100000110100101	6	1
14458	-6.3	0100000110100111	6	1
14468	-5.2	0110000110000110	3	2
14513	-6.3	0110000110100011	6	1
14517	-6.3	0110000110100101	6	1
14520	-6.3	0110000110100111	6	2
14526	-6.6	1101100001100110	4	2
14530	-5.2	0010000110000100	4	2
14591	-5.2	0110000110000110	4	2
14676	-6.6	0001101110000001	4	2
14705	-6.9	0010000110100011	3	2
14716	-6.9	0010000110100101	3	2
14725	-6.9	1000010001100110	4	1
14784	-6.9	0100000110100011	3	1
14795	-6.9	0100000110100101	3	1
14804	-6.9	1000001001100110	4	1
14829	-6.6	0001101110000101	4	2
14830	-6.6	0001101110000011	4	2
14834	-8.3	0001101110000001	4	2
14863	-6.9	0110000110100011	3	1
14874	-6.9	0110000110100101	3	1
14882	-8.3	0001101110100101	4	2
14886	-8.3	0001101110011001	4	2
14887	-8.3	0001101111100111	4	2
14888	-4.3	0011100000011100	6	2
14889	-4.3	0011100000011100	6	2
14906	-4.9	1100000110000100	3	2
14907	-4.9	1100000110000010	3	1
14908	-4.9	1100000110000110	3	1
14995	-6.6	1100000111100110	3	1
14999	-4.3	0011100000011100	6	2
15087	-6.6	1100000111100110	3	1
15091	-4.6	0010000110000100	4	2
15099	-4.9	0010000110000101	4	2
15113	-4.6	0010000110000100	4	2
15121	-4.9	0010000110000101	4	2
15122	-4.9	0010000110000011	4	2
15126	-6.6	0010000110000001	4	1
15192	-6.6	0010000110100101	4	2
15197	-6.6	0010000110011001	4	2
15198	-6.6	0010000111100111	4	2
15200	-4.6	0100000110000010	4	1
15207	-4.9	0100000110000101	4	1
15222	-4.6	0100000110000010	4	1
15229	-4.9	0100000110000101	4	1
15230	-4.9	0100000110000011	4	1
15234	-6.6	0100000110000001	4	1
15300	-6.6	0100000110100101	4	1
15305	-6.6	0100000110011001	4	1
15306	-6.6	0100000111100111	4	1
15311	-4.9	0110000110000101	4	1
15341	-4.9	1000000110000001	3	1
15354	-6.6	1000000110000100	3	1
15355	-6.6	1000000110000010	3	1
15356	-6.6	1000000110000110	3	1
15387	-6.6	1000000111000100	3	1
15397	-6.6	1000000110100010	3	1
15398	-6.6	1000000111000010	3	1
15400	-6.6	1000000110100100	3	1
15416	-6.6	1000000110011100	3	1
15431	-6.6	1000000110011010	3	1
15435	-6.6	1000000110100110	3	1
15436	-6.6	1000000111011010	3	1
15440	-6.6	1000000110100110	3	1
15443	-8.3	1000000111100110	3	1
15446	-8.3	1000000111111111	3	1
15453	-5.2	0011100000011100	4	2
15541	-4.6	0010000110000100	4	2
15563	-4.6	0010000110000100	4	2
15645	-4.6	0100000110000010	4	1
15667	-4.6	0100000110000010	4	1
15773	-4.9	0011100001011001	4	2
15778	-6.6	1010000110000100	4	2
15779	-6.6	1010000110000010	4	1
15780	-6.6	1010000110000110	4	1
15783	-6.6	1010000110011100	4	2
15784	-6.6	1010000111000110	4	1
15791	-5.2	0011100000011100	3	2
15794	-6.9	0011100000100001	3	1
15795	-6.9	0011100001000001	3	1
15796	-6.9	0011100001100001	3	1
15817	-6.3	0011100000100011	6	2
15827	-6.3	0011100000100101	6	2
15830	-6.9	0011100000100101	3	2
15837	-6.3	0011100001000101	6	2
15838	-6.3	0011100001000011	6	2
15840	-6.9	0011100001000101	3	2
15841	-6.9	0011100001000011	3	2
15846	-6.3	0011100001100011	6	2
15855	-6.3	0011100001011001	6	2
15856	-6.3	0011100001011001	6	2
15857	-6.3	0011100001100101	6	2
15861	-6.3	0011100001011011	6	2
15864	-6.9	0011100001100101	3	2
15871	-6.3	0011100001100111	6	2
15873	-6.3	0011100001111001	6	2
15897	-6.6	0010000110100101	4	2
15926	-6.6	0100000110100101	4	1
15955	-6.6	0110000110100101	4	1
15961	-5.2	0001110000111000	3	2
15963	-6.9	0001110000100001	3	2
15964	-6.9	0001110001000001	3	2
15965	-6.9	0001110001100001	3	2
15986	-6.3	0001110000100011	6	2
15996	-6.3	0001110000100101	6	2
15999	-6.9	0001110000100101	3	2
16009	-6.9	0001110001000101	3	2
16010	-6.9	0001110001000011	3	2
16031	-6.6	1000010110100110	3	1
16033	-6.9	0001110001100101	3	2
16037	-6.6	1000010110100110	3	1
16041	-8.3	1000010111100110	3	1
16044	-8.3	1000010111111111	3	1
16045	-5.2	0001110000111000	4	2
16124	-8.3	1000001111100110	3	1
16128	-6	1100000110000011	6	1
16129	-6.3	1100000110000100	6	2
16130	-6.3	1100000110000010	6	1
16131	-6.3	1100000110000110	6	1
16134	-6.9	1100000110000100	3	2
16135	-6.9	1100000110000010	3	1
16136	-6.9	1100000110000110	3	1
16141	-6.3	1100000111000100	6	2
16143	-6.3	1100000100100100	6	2
16144	-6.3	1100000101000010	6	1
16145	-6.3	1100000110100010	6	1
16146	-6.3	1100000111000010	6	1
16147	-6.3	1100000111100010	6	1
16148	-6.3	1100000110100100	6	2
16150	-6.9	1100000110100100	3	2
16151	-6.9	1100000110100010	3	1
16152	-6.9	1100000111000010	3	1
16153	-6.3	1100000111100100	6	2
16155	-6.9	1100000111100100	3	2
16156	-6.3	1100000110011100	6	2
16160	-6.3	1100000110011010	6	1
16161	-6.3	1100000101011010	6	1
16162	-6.3	1100000101100110	6	1
16163	-6.3	1100000110011110	6	1
16164	-6.3	1100000110100110	6	1
16166	-6.3	1100000111100110	6	1
16167	-6.9	1100000110100110	3	1
16168	-6.3	1100000110100110	6	1
16170	-6.9	1100000111100110	3	1
16171	-6.9	1100000111100110	3	1
16173	-5.2	0010000110000100	3	2
16217	-5.2	0100000110000010	3	1
16260	-5.2	0110000110000110	3	2
16298	-6.6	1011100001100110	4	2
16302	-5.2	0010000110000100	4	2
16343	-5.2	0110000110000110	4	2
16399	-6.9	1000010000100010	3	1
16400	-6.9	1000010001000100	3	1
16408	-6.9	1000010000100100	3	1
16409	-8.6	1000010000100100	3	1
16415	-6.9	1000010001000010	3	1
16416	-6.9	1000010001100010	3	1
16418	-6.9	1000010000100110	3	1
16419	-6.9	1000010001100100	3	1
16423	-6.9	1000010001000110	3	1
16425	-8.6	1000010001000010	3	1
16429	-6.9	1000010000111010	3	1
16430	-6.9	1000010001011100	3	1
16433	-6.9	1000010000111100	3	1
16439	-6.9	1000010001011010	3	1
16440	-8.6	1000010001011010	3	1
16443	-6.9	1000010001011110	3	1
16444	-6.9	1000010001100110	3	1
16445	-6.9	1000010001111010	3	1
16447	-8.6	1000010001100110	3	1
16450	-8.6	1000010001111110	3	1
16467	-6.9	1000001000100010	3	1
16468	-6.9	1000001001000100	3	1
16476	-6.9	1000001000100100	3	1
16477	-8.6	1000001000100100	3	1
16483	-6.9	1000001001000010	3	1
16484	-6.9	1000001001100010	3	1
16486	-6.9	1000001000100110	3	1
16487	-6.9	1000001001100100	3	1
16491	-6.9	1000001001000110	3	1
16493	-8.6	1000001001000010	3	1
16497	-6.9	1000001000111010	3	1
16498	-6.9	1000001001011100	3	1
16501	-6.9	1000001000111100	3	1
16507	-6.9	1000001001011010	3	1
16508	-8.6	1000001001011010	3	1
16511	-6.9	1000001001011110	3	1
16512	-6.9	1000001001100110	3	1
16513	-6.9	1000001001111010	3	1
16515	-8.6	1000001001100110	3	1
16518	-8.6	1000001001111110	3	1
16533	-8.3	0001110110000001	4	2
16535	-6.9	1000011000100010	3	1
16536	-6.9	1000011001000100	3	1
16544	-6.9	1000011000100100	3	1
16545	-8.6	1000011000100100	3	1
16551	-6.9	1000011001000010	3	1
16554	-6.9	1000011000100110	3	1
16559	-6.9	1000011001000110	3	1
16561	-8.6	1000011001000010	3	1
16565	-6.9	1000011000111010	3	1
16566	-6.9	1000011001011100	3	1
16569	-6.9	1000011000111100	3	1
16575	-6.9	1000011001011010	3	1
16576	-8.6	1000011001011010	3	1
16579	-6.9	1000011001011110	3	1
16581	-8.3	0001110110100101	4	2
16583	-8.6	1000011001100110	3	1
16585	-8.3	0001110110011001	4	2
16586	-8.6	1000011001111110	3	1
16662	-6.6	1110000111100110	3	1
16666	-4.6	0010000110000100	4	2
16674	-4.9	0010000110000101	4	2
16675	-4.9	0010000110000011	4	2
16679	-6.6	0010000110000001	4	1
16735	-6.6	0010000110100101	4	2
16741	-6.6	0010000110011001	4	2
16742	-6.6	0010000111100111	4	2
16744	-4.6	0100000110000010	4	1
16751	-4.9	0100000110000101	4	1
16752	-4.9	0100000110000011	4	1
16756	-6.6	0100000110000001	4	1
16812	-6.6	0100000110100101	4	1
16818	-6.6	0100000110011001	4	1
16819	-6.6	0100000111100111	4	1
16821	-4.6	0110000110000110	4	2
16827	-4.9	0110000110000101	4	1
16828	-4.9	0110000110000011	4	1
16832	-6.6	0110000110000001	4	1
16888	-6.6	0110000110100101	4	1
16894	-6.6	0110000110011001	4	2
16895	-6.6	0110000111100111	4	2
16897	-4.9	1010000110000101	3	1
16958	-6.6	1010000110100110	3	1
16964	-6.6	1010000110100110	3	1
16968	-8.3	1010000111100110	3	1
16971	-8.3	1010000111111111	3	1
16972	-4.9	1100000110000011	3	1
17032	-6.6	1100000110100110	3	1
17038	-6.6	1100000110100110	3	1
17042	-8.3	1100000111100110	3	1
17045	-8.3	1100000111111111	3	1
17046	-4.6	0010000110000100	4	2
17119	-4.6	0100000110000010	4	1
17191	-4.6	0110000110000110	4	2
17262	-4.9	1010000110000101	4	1
17264	-6.6	1010000110000100	4	2
17265	-6.6	1010000110000010	4	1
17266	-6.6	1010000110000110	4	1
17277	-6.6	1010000111000100	4	2
17288	-6.6	1010000110100100	4	2
17291	-6.6	1010000110100010	4	1
17292	-6.6	1010000111000010	4	1
17302	-6.6	1010000110011100	4	2
17307	-6.6	1010000111011100	4	2
17310	-6.6	1010000111000110	4	1
17313	-6.6	1010000110011010	4	2
17319	-6.6	1010000111011010	4	1
17322	-6.6	1010000110100110	4	1
17325	-6.6	1010000101100110	4	1
17326	-6.6	1010000111100110	4	1
17327	-6.6	1010000110011110	4	1
17332	-4.9	1100000110000011	4	1
17333	-6.6	1100000110000100	4	2
17334	-6.6	1100000110000010	4	1
17335	-6.6	1100000110000110	4	1
17346	-6.6	1100000111000100	4	2
17357	-6.6	1100000110100100	4	2
17360	-6.6	1100000110100010	4	1
17361	-6.6	1100000111000010	4	1
17371	-6.6	1100000110011100	4	2
17376	-6.6	1100000111011100	4	1
17379	-6.6	1100000111000110	4	1
17382	-6.6	1100000110011010	4	1
17388	-6.6	1100000111011010	4	1
17391	-6.6	1100000110100110	4	1
17394	-6.6	1100000101100110	4	1
17395	-6.6	1100000111100110	4	1
17396	-6.6	1100000110011110	4	1
17401	-8	0010000110000100	4	2
17404	-8.3	0010000110000001	4	1
17442	-6.6	0010000110100011	4	2
17443	-6.6	0010000111000011	4	2
17446	-6.6	0010000111000101	4	2
17448	-6.6	0010000110011001	4	2
17449	-6.6	0010000110011001	4	2
17451	-6.6	0010000110100101	4	2
17452	-6.6	0010000110100101	4	2
17453	-6.6	0010000111100101	4	2
17454	-6.6	0010000110011101	4	2
17458	-6.6	0010000110100111	4	2
17460	-8.3	0010000110100101	4	2
17466	-8.3	0010000110011001	4	2
17467	-8.3	0010000111100111	4	2
17468	-8.6	0010000111111111	4	2
17469	-8	0100000110000010	4	1
17471	-8.3	0100000110000001	4	1
17509	-6.6	0100000110100011	4	1
17510	-6.6	0100000111000011	4	1
17513	-6.6	0100000111000101	4	1
17515	-6.6	0100000110011001	4	1
17516	-6.6	0100000110011001	4	1
17518	-6.6	0100000110100101	4	1
17519	-6.6	0100000110100101	4	1
17520	-6.6	0100000111100101	4	1
17521	-6.6	0100000110011101	4	1
17525	-6.6	0100000110100111	4	1
17527	-8.3	0100000110100101	4	1
17533	-8.3	0100000110011001	4	1
17534	-8.3	0100000111100111	4	1
17535	-8.6	0100000111111111	4	1
17536	-8	0110000110000110	4	2
17537	-8.3	0110000110000001	4	1
17575	-6.6	0110000110100011	4	1
17576	-6.6	0110000111000011	4	1
17579	-6.6	0110000111000101	4	1
17581	-6.6	0110000110011001	4	2
17582	-6.6	0110000110011001	4	2
17584	-6.6	0110000110100101	4	1
17585	-6.6	0110000110100101	4	1
17586	-6.6	0110000111100101	4	1
17587	-6.6	0110000110011101	4	2
17591	-6.6	0110000110100111	4	2
17593	-8.3	0110000110100101	4	1
17599	-8.3	0110000110011001	4	2
17600	-8.3	0110000111100111	4	2
17601	-8.6	0110000111111111	4	2
17602	-8.3	1000000110000001	4	1
17604	-6.6	1000000111000100	4	1
17605	-6.6	1000000110100100	4	1
17608	-6.6	1000000110011100	4	1
17609	-6.6	1000000111011100	4	1
17612	-8.3	1000000111000100	4	1
17613	-6.6	1000000111000010	4	1
17614	-6.6	1000000111000010	4	1
17615	-6.6	1000000110100010	4	1
17616	-6.6	1000000110100010	4	1
17617	-6.6	1000000111100010	4	1
17618	-6.6	1000000110011010	4	1
17620	-6.6	1000000111011010	4	1
17623	-8.3	1000000110100100	4	1
17624	-6.6	1000000111000110	4	1
17625	-6.6	1000000110100110	4	1
17626	-8.3	1000000110100010	4	1
17627	-8.3	1000000111000010	4	1
17637	-8.3	1000000110011100	4	1
17642	-8.3	1000000111011100	4	1
17645	-8.3	1000000111000110	4	1
17648	-8.3	1000000110011010	4	1
17654	-8.3	1000000111011010	4	1
17655	-8.3	1000000110111010	4	1
17657	-8.3	1000000110100110	4	1
17660	-8.3	1000000101100110	4	1
17661	-8.3	1000000111100110	4	1
17662	-8.3	1000000110011110	4	1
17768	-6.3	1110000110100110	6	2
17769	-6.3	1110000110100110	6	2
17771	-6.9	1110000111100110	3	2
17788	-6.9	1110000110100110	3	2
17789	-6.9	1110000110100110	3	2
17791	-8.6	1110000111100110	3	2
17792	-8.6	1110000111111111	3	1
17820	-8.6	1000000101100110	4	1
17842	-5.2	0100010000100010	4	1
17921	-5.2	0100010000100010	3	1
17924	-6.3	0100010000100011	6	1
17934	-6.3	0100010000100101	6	1
17937	-6.9	0100010000100101	3	1
17944	-6.3	0100010001000101	6	1
17945	-6.3	0100010001000011	6	1
17947	-6.9	0100010001000101	3	1
17948	-6.9	0100010001000011	3	1
17962	-6.3	0100010001011001	6	1
17963	-6.3	0100010001011001	6	1
17968	-6.3	0100010001011011	6	1
17971	-6.9	0100010001100101	3	1
17974	-6.6	0010010110100101	4	2
17980	-6.6	0010010110011001	4	2
17989	-5.2	0010001001000100	3	2
17991	-6.3	0010001000100011	6	2
18001	-6.3	0010001000100101	6	2
18004	-6.9	0010001000100101	3	2
18011	-6.3	0010001001000101	6	2
18012	-6.3	0010001001000011	6	2
18014	-6.9	0010001001000101	3	2
18015	-6.9	0010001001000011	3	2
18029	-6.3	0010001001011001	6	2
18030	-6.3	0010001001011001	6	2
18035	-6.3	0010001001011011	6	2
18038	-6.9	0010001001100101	3	2
18050	-5.2	0010001001000100	4	2
18112	-6.3	1100010000100100	6	2
18113	-6.3	1100010001000010	6	1
18115	-6.3	1100010001011010	6	1
18118	-6	1100010000100011	6	1
18125	-6.3	1100010000100100	6	2
18126	-6.3	1100010000100100	6	2
18127	-6.9	1100010000100100	3	2
18129	-6.3	1100010001000010	6	1
18132	-6.3	1100010001000010	6	1
18135	-6.3	1100010000100110	6	1
18140	-6.3	1100010001000110	6	1
18146	-6.9	1100010001000010	3	1
18149	-6.3	1100010000111010	6	1
18150	-6.3	1100010001011100	6	1
18153	-6.3	1100010000111100	6	1
18159	-6.3	1100010001011010	6	1
18160	-6.3	1100010001011010	6	1
18161	-6.9	1100010001011010	3	1
18163	-6.3	1100010010100110	6	1
18166	-6.3	1100010001011110	6	1
18168	-6.6	0011100110100101	4	2
18169	-6.3	1100010010100110	6	1
18171	-6.9	1100010001100110	3	1
18173	-6.9	1100010011100110	3	1
18174	-6.6	0011100110011001	4	2
18175	-6.9	1100010001111110	3	1
18193	-6.6	1100010001100110	4	1
18251	-6.9	0010001110100011	3	2
18262	-6.9	0010001110100101	3	2
18271	-6.9	1100010001100110	4	1
18276	-5.2	0100001001000010	4	1
18278	-5.2	0100001001000010	4	1
18371	-5.2	0100001001000010	4	1
18427	-8	0010001111000100	4	2
18456	-6.6	0010001111000011	4	2
18459	-6.6	0010001111000101	4	2
18473	-8.3	0010001110100101	4	2
18479	-8.3	0010001110011001	4	2
18480	-8.3	0010001111100111	4	2
18510	-5.2	0010010000100100	4	2
18511	-5.2	0010010000100100	4	2
18566	-5.2	0010010000100100	4	2
18619	-5.2	0010010000100100	3	2
18620	-5.2	0010010000100100	3	2
18622	-6.3	0010010001000011	6	2
18623	-6.3	0010010000100101	6	2
18638	-6.3	0010010001000101	6	2
18639	-6.3	0010010001000011	6	2
18655	-6.3	0010010001011001	6	2
18656	-6.3	0010010001011001	6	2
18668	-6.6	0100010110100101	4	1
18673	-6.6	0100010110011001	4	1
18676	-5.2	0010010000100100	3	2
18678	-6.3	0010010000100101	6	2
18681	-6.9	0010010000100101	3	2
18688	-6.3	0010010001000101	6	2
18689	-6.3	0010010001000011	6	2
18691	-6.9	0010010001000101	3	2
18692	-6.9	0010010001000011	3	2
18706	-6.3	0010010001011001	6	2
18707	-6.3	0010010001011001	6	2
18712	-6.3	0010010001011011	6	2
18715	-6.9	0010010001100101	3	2
18718	-6.6	0100010110100101	4	1
18724	-6.6	0100010110011001	4	1
18728	-6.6	0010010001011001	4	2
18732	-8.6	0010010011111111	4	2
18733	-8.6	0010010000100100	4	2
18734	-6.9	0010010000100101	3	2
18737	-8.6	0010010000100101	3	2
18744	-6.9	0010010001000101	3	2
18745	-6.9	0010010001000011	3	2
18747	-8.6	0010010001000101	3	2
18748	-8.6	0010010001000011	3	2
18753	-6.9	0010010001100011	3	2
18762	-6.9	0010010001011001	3	2
18763	-6.9	0010010001011001	3	2
18764	-6.9	0010010001100101	3	2
18768	-6.9	0010010001011011	3	2
18771	-8.6	0010010001100101	3	2
18778	-6.9	0010010001100111	3	2
18780	-6.9	0010010001111001	3	2
18784	-6.3	1100001001000010	6	1
18786	-6.3	1100001001011010	6	1
18788	-6	1010010000100101	6	1
18789	-6.3	1010010001000010	6	1
18792	-6.3	1010010001000010	6	1
18795	-6.3	1010010000100110	6	1
18800	-6.3	1010010001000110	6	1
18806	-6.9	1010010001000010	3	1
18809	-6.3	1010010000111010	6	1
18810	-6.3	1010010001011100	6	2
18813	-6.3	1010010000111100	6	2
18819	-6.3	1010010001011010	6	1
18820	-6.3	1010010001011010	6	1
18821	-6.9	1010010001011010	3	1
18823	-6.3	1010010010100110	6	1
18826	-6.3	1010010001011110	6	1
18828	-6.6	0101100110100101	4	2
18829	-6.3	1010010010100110	6	1
18831	-6.9	1010010001100110	3	1
18833	-6.9	1010010011100110	3	1
18834	-6.6	0101100110011001	4	2
18835	-6.9	1010010001111110	3	1
18837	-5.2	0100001001000010	3	1
18843	-5.2	0100001001000010	3	1
18851	-6.3	0100001001000101	6	1
18852	-6.3	0100001001000011	6	1
18868	-6.3	0100001001011001	6	1
18869	-6.3	0100001001011001	6	1
18890	-6.6	1010010001100110	4	1
18902	-6.3	0010010110100011	6	2
18906	-6.3	0010010110100101	6	2
18909	-6.3	0010010110100111	6	2
18959	-6.9	0010010110100011	3	2
18970	-6.9	0010010110100101	3	2
18979	-6.9	1010010001100110	4	1
18995	-6.3	0100010110100011	6	1
18999	-6.3	0100010110100101	6	1
19002	-6.3	0100010110100111	6	1
19036	-6.9	1010010001000010	3	1
19037	-6.9	1010010001100010	3	1
19039	-6.9	1010010000100110	3	1
19040	-6.9	1010010001100100	3	2
19044	-6.9	1010010001000110	3	1
19046	-8.6	1010010001000010	3	1
19050	-6.9	1010010000111010	3	2
19051	-6.9	1010010001011100	3	2
19054	-6.9	1010010000111100	3	2
19060	-6.9	1010010001011010	3	2
19061	-8.6	1010010001011010	3	2
19064	-6.9	1010010001011110	3	1
19065	-6.9	1010010001100110	3	1
19066	-6.9	1010010001111010	3	1
19068	-8.6	1010010001100110	3	1
19071	-8.6	1010010001111110	3	1
19072	-5.2	0100001001000010	3	1
19078	-6.3	0100001001000101	6	1
19079	-6.3	0100001001000011	6	1
19081	-6.9	0100001001000101	3	1
19082	-6.9	0100001001000011	3	1
19096	-6.3	0100001001011001	6	1
19097	-6.3	0100001001011001	6	1
19102	-6.3	0100001001011011	6	1
19105	-6.9	0100001001100101	3	1
19117	-8	0010010110100100	4	2
19125	-6.9	0100011001000101	3	1
19126	-6.9	0100011001000011	3	1
19134	-6.6	0010010110100011	4	2
19140	-6.6	0010010110011001	4	2
19141	-6.6	0010010110011001	4	2
19143	-6.6	0010010110100101	4	2
19144	-6.6	0010010110100101	4	2
19146	-6.6	0010010110011101	4	2
19150	-6.6	0010010110100111	4	2
19152	-8.3	0010010110100101	4	2
19158	-8.3	0010010110011001	4	2
19159	-8.3	0010010111100111	4	2
19160	-8.6	0010010111111111	4	2
19187	-5.2	0110010000100110	4	1
19231	-6.6	1010001001100110	4	1
19234	-6.6	1100001001100110	4	1
19235	-5.2	0110010000100110	3	2
19238	-6.3	0110010001000101	6	1
19239	-6.3	0110010001000011	6	1
19241	-6.9	0110010001000101	3	1
19242	-6.9	0110010001000011	3	1
19256	-6.3	0110010001011001	6	2
19257	-6.3	0110010001011001	6	2
19262	-6.3	0110010001011011	6	2
19265	-6.9	0110010001100101	3	1
19268	-6.6	0110010110100101	4	1
19274	-6.6	0110010110011001	4	1
19278	-6.6	0100001001011001	4	1
19282	-8.6	0100001011111111	4	1
19283	-8	0100010110100010	4	1
19288	-6.9	0010011001000101	3	2
19289	-6.9	0010011001000011	3	2
19297	-6.6	0100010110100011	4	1
19303	-6.6	0100010110011001	4	1
19304	-6.6	0100010110011001	4	1
19306	-6.6	0100010110100101	4	1
19307	-6.6	0100010110100101	4	1
19309	-6.6	0100010110011101	4	1
19313	-6.6	0100010110100111	4	1
19315	-8.3	0100010110100101	4	1
19321	-8.3	0100010110011001	4	1
19322	-8.3	0100010111100111	4	1
19323	-8.6	0100010111111111	4	1
19324	-8	0100001111000010	4	1
19338	-6.6	0100001111000011	4	1
19341	-6.6	0100001111000101	4	1
19355	-8.3	0100001110100101	4	1
19361	-8.3	0100001110011001	4	1
19362	-8.3	0100001111100111	4	1
19364	-6	1010001001000101	6	1
19366	-6.3	1010001001000110	6	1
19372	-6.9	1010001001000010	3	1
19376	-6.3	1010001001011100	6	2
19385	-6.3	1010001001011010	6	1
19386	-6.3	1010001001011010	6	1
19387	-6.9	1010001001011010	3	1
19389	-6.3	1010001010100110	6	1
19392	-6.3	1010001001011110	6	1
19395	-6.3	1010001010100110	6	1
19397	-6.9	1010001001100110	3	1
19399	-6.9	1010001011100110	3	1
19401	-6.9	1010001001111110	3	1
19403	-6	1100001001000011	6	1
19404	-6.3	1100001001000110	6	1
19410	-6.9	1100001001000010	3	1
19414	-6.3	1100001001011100	6	1
19423	-6.3	1100001001011010	6	1
19424	-6.3	1100001001011010	6	1
19425	-6.9	1100001001011010	3	1
19427	-6.3	1100001010100110	6	1
19430	-6.3	1100001001011110	6	1
19433	-6.3	1100001010100110	6	1
19435	-6.9	1100001001100110	3	1
19437	-6.9	1100001011100110	3	1
19439	-6.9	1100001001111110	3	1
19441	-5.2	0110001001000110	3	2
19442	-6.9	0110001001000101	3	1
19443	-6.9	0110001001000011	3	1
19457	-6.3	0110001001011001	6	2
19458	-6.3	0110001001011001	6	2
19463	-6.3	0110001001011011	6	2
19466	-6.9	0110001001100101	3	1
19479	-8.6	1010001001000010	3	1
19483	-6.9	1010001000111010	3	2
19484	-6.9	1010001001011100	3	2
19487	-6.9	1010001000111100	3	2
19493	-6.9	1010001001011010	3	2
19494	-8.6	1010001001011010	3	2
19497	-6.9	1010001001011110	3	1
19498	-6.9	1010001001100110	3	1
19499	-6.9	1010001001111010	3	1
19501	-8.6	1010001001100110	3	1
19504	-8.6	1010001001111110	3	1
19506	-8.6	1100001001000010	3	1
19510	-6.9	1100001000111010	3	1
19511	-6.9	1100001001011100	3	2
19514	-6.9	1100001000111100	3	2
19520	-6.9	1100001001011010	3	1
19521	-8.6	1100001001011010	3	1
19524	-6.9	1100001001011110	3	1
19525	-6.9	1100001001100110	3	1
19526	-6.9	1100001001111010	3	1
19528	-8.6	1100001001100110	3	1
19531	-8.6	1100001001111110	3	1
19532	-5.2	0110001001000110	4	2
19567	-6.9	0100010110100011	3	1
19578	-6.9	0100010110100101	3	1
19587	-6.9	1010001001100110	4	1
19593	-6.9	0100001110100011	3	1
19604	-6.9	0100001110100101	3	1
19613	-6.9	1100001001100110	4	1
19623	-8.6	0100001001000010	4	1
19624	-6.9	0100001001100011	3	1
19633	-6.9	0100001001011001	3	1
19634	-6.9	0100001001011001	3	1
19635	-6.9	0100001001100101	3	1
19639	-6.9	0100001001011011	3	1
19642	-8.6	0100001001100101	3	1
19649	-6.9	0100001001100111	3	1
19651	-6.9	0100001001111001	3	1
19669	-6.6	0011100110100101	4	2
19674	-6	1100010110100011	6	1
19676	-6.9	1100010111000110	3	1
19682	-6.3	1100010110100110	6	1
19684	-6.9	1100010110100110	3	1
19686	-6.3	1100010110100110	6	1
19691	-8	0011100110011100	4	2
19694	-6.6	0011100110100011	4	2
19700	-6.6	0011100110011001	4	2
19701	-6.6	0011100110011001	4	2
19703	-6.6	0011100110100101	4	2
19704	-6.6	0011100110100101	4	2
19705	-6.9	1100011001011010	3	1
19706	-6.6	0011100110011101	4	2
19710	-6.6	0011100110100111	4	2
19712	-8.3	0011100110100101	4	2
19718	-8.3	0011100110011001	4	2
19719	-8.3	0011100111100111	4	2
19720	-8.6	0011100111111111	4	2
19721	-5.2	0101110000111010	4	2
19746	-8.3	1010001111100110	3	1
19756	-5.2	0101110000111010	3	2
19770	-6.6	1010010110100110	3	1
19772	-6.9	0101110001100101	3	2
19776	-6.6	1010010110100110	3	1
19780	-8.3	1010010111100110	3	1
19783	-8.3	1010010111111111	3	1
19786	-5.2	0011101001011100	3	2
19792	-6.3	0011101001011001	6	2
19793	-6.3	0011101001011001	6	2
19794	-6.6	1100010110011010	4	1
19798	-6.3	0011101001011011	6	2
19801	-6.9	0011101001100101	3	2
19803	-6.6	1100010110100110	4	1
19808	-6.6	1100010110011110	4	1
19813	-5.2	0011101001011100	4	2
19817	-6.6	1100001111000110	4	1
19859	-6.9	0110001110100101	3	1
19867	-8.3	0011101110100101	4	2
19871	-8.3	0011101110011001	4	2
19872	-8.3	0011101111100111	4	2
19873	-5.2	0011110000111100	3	2
19883	-6.6	1100010110100110	3	1
19885	-6.9	0011110001100101	3	2
19889	-6.6	1100010110100110	3	1
19893	-8.3	1100010111100110	3	1
19896	-8.3	1100010111111111	3	1
19897	-6.6	0011110001011001	4	2
19902	-5.2	0101101001011010	4	2
19903	-6.6	1010001111000110	4	1
19925	-8	0110001111000110	4	2
19938	-8.3	0110001110100101	4	1
19944	-8.3	0110001110011001	4	2
19945	-8.3	0110001111100111	4	2
19952	-6	1001101001011001	6	1
19953	-6.6	1001100110011010	4	2
19954	-6.3	1001101001011010	6	2
19955	-6.3	1001101001011010	6	2
19956	-6.6	1001100110100110	4	2
19957	-6.9	1001101001011010	3	2
19958	-6.3	1001101001011110	6	2
19959	-6.6	1001100110100110	4	2
19961	-6.9	1001101001100110	3	2
19962	-6.6	1001100110011110	4	2
19964	-6.9	1001101001111110	3	2
19965	-6	1001101001011001	6	1
19966	-6.6	1001100110011010	4	2
19967	-6.3	1001101001011010	6	2
19968	-6.3	1001101001011010	6	2
19969	-6.9	1001101001011010	3	2
19971	-6.3	1001101010100110	6	2
19974	-6.3	1001101001011110	6	2
19975	-6.6	1001100110100110	4	2
19977	-6.3	1001101010100110	6	2
19978	-6.6	1001100101100110	4	1
19979	-6.9	1001101001100110	3	2
19980	-6.6	1001100110011110	4	2
19983	-6.9	1001101001111110	3	2
19985	-6.6	0101100110100101	4	2
19986	-6.6	1001101001100110	4	2
19987	-6	1010010110100101	6	1
19991	-6.3	1010010110100110	6	1
19993	-6.9	1010010110100110	3	1
19995	-6.3	1010010110100110	6	1
20000	-8	0101100110011010	4	2
20001	-6.6	0101100110100101	4	2
20002	-6.6	0101100110100101	4	2
20003	-6.9	1010011001011010	3	1
20004	-6.6	0101100110011101	4	2
20008	-6.6	0101100110100111	4	2
20010	-8.3	0101100110100101	4	2
20016	-8.3	0101100110011001	4	2
20017	-8.3	0101100111100111	4	2
20018	-8.6	0101100111111111	4	2
20019	-6.3	1010010110100110	6	1
20020	-6.3	1010010110100110	6	1
20024	-5.2	0101101001011010	3	2
20025	-5.2	0101101001011010	3	2
20026	-6.6	1010010110100110	4	1
20031	-6.6	1010010110100110	4	1
20035	-6.6	1010010110011110	4	1
20040	-5.2	0101101001011010	3	2
20042	-6.3	0101101001011011	6	2
20045	-6.9	0101101001100101	3	2
20047	-6.6	1010010110100110	4	1
20052	-6.6	1010010110011110	4	1
20058	-6.9	0110010110100101	4	1
20060	-8.6	0101101001011010	4	2
20061	-6.9	0101101001011011	3	2
20064	-8.6	0101101001100101	3	2
20071	-6.9	0101101001100111	3	2
20073	-6.9	0101101001111001	3	2
20076	-6.3	1110010110100110	6	1
20078	-6.3	1101101001011110	6	2
20079	-6.6	1011100110100110	4	2
20081	-6.6	1011100101100110	4	1
20082	-6.9	1101101001100110	3	2
20083	-6.6	1011100110011110	4	2
20085	-6.9	1101101001111110	3	2
20093	-6.3	0110010110100111	6	1
20105	-6.9	1010010110100101	5	1
20109	-6.9	1010010101100110	4	1
20115	-8.3	0101101110100101	4	2
20119	-8.3	0101101110011001	4	2
20120	-8.3	0101101111100111	4	2
20121	-6.9	1010011001011110	3	1
20123	-8.3	0101110110100101	4	2
20125	-8.6	1010011001100110	3	1
20127	-8.3	0101110110011001	4	2
20128	-8.6	1010011001111110	3	1
20129	-5.2	0111101001011110	3	2
20130	-6.6	1110010110100110	4	2
20135	-6.6	1110010110011110	4	2
20140	-8	0110010110100110	4	2
20141	-8.3	0110010110100101	4	1
20147	-8.3	0110010110011001	4	2
20148	-8.3	0110010111100111	4	2
20149	-8.6	0110010111111111	4	2
20150	-8.3	1010010110100101	4	1
20152	-8.3	1010010101100110	4	1
20153	-8.3	1010010111100110	4	1
20154	-8.3	1010010110011110	4	1
20159	-6.3	1110010110100110	6	1
20180	-8.3	0110011010011001	4	1
20182	-8.6	0110011011100111	4	2
20183	-8.6	0110011011111111	4	2
20184	-8.6	0110011001100110	4	2
20187	-8.3	0110011110011001	4	1
20190	-8	0111100110011110	4	2
20192	-8.3	0111100110011001	4	2
20193	-8.3	0111100111100111	4	2
20194	-8.6	0111100111111111	4	2
20200	-8.3	1001100110011001	4	2
20203	-8.6	0111111001111110	4	2
