11	-4.3	01110111	0	0
101	-4.3	01110111	0	0
114	-4.3	01110111	0	0
178	-4.3	01110111	0	0
296	-4.9	0000000000000000	6	2
297	-4.9	0000000000000000	6	2
494	-4.9	0000000000000000	6	2
495	-4.9	0000000000000000	6	2
689	-4.9	0000000000000000	6	2
946	-7.2	0000000000000000	4	2
947	-7.2	0000000000000000	4	2
1138	-7.2	0000000000000000	4	2
1335	-7.2	0000000000000000	4	2
1336	-7.2	0000000000000000	4	2
1529	-7.2	0000000000000000	4	2
1717	-10.6	0000000000000000	4	2
1903	-8.9	1000000011111111	4	1
1904	-6.6	1000000000000001	6	1
2048	-6.6	1000000000000001	6	1
2192	-6.6	1000000000000001	6	1
2245	-5.5	1000000000011001	4	1
2360	-5.2	0000000110000000	4	2
2367	-5.2	0000000110000000	4	2
2549	-5.2	0000000110000000	4	2
2556	-5.2	0000000110000000	4	2
2864	-4.3	01110111	0	0
3067	-7.2	0000000110000000	4	2
3178	-7.2	0000000110000000	4	2
3417	-5.2	0000000110000000	4	2
3421	-5.2	0000000110000000	4	2
3600	-5.2	0000000110000000	4	2
3604	-5.2	0000000110000000	4	2
3850	-7.2	0000000110000000	4	2
4083	-5.2	0000000110000000	4	2
4243	-5.2	0000000110000000	4	2
4402	-8.6	0000000110000000	4	2
4598	-4.3	01110111	0	0
4836	-4.9	0100000000000010	6	1
4837	-4.9	0100000000000010	6	1
5014	-4.9	0100000000000010	6	1
5015	-4.9	0100000000000010	6	1
5189	-4.9	0100000000000010	6	1
5403	-7.2	0100000000000010	4	1
5616	-7.2	0100000000000010	4	1
5812	-4.3	01110111	0	0
6000	-7.2	0000001001000000	4	2
6150	-7.2	0000001001000000	4	2
6299	-4.9	0010000000000100	6	2
6310	-4.9	0010000000000100	6	2
6564	-6.6	1100000000000011	6	1
6697	-6.6	1100000000000011	6	1
6728	-5.5	1100000000011001	4	1
7252	-7.2	0000010000100000	4	1
7395	-8.6	0000001111000000	4	2
7747	-4.9	0010000000000100	6	2
7748	-4.9	0010000000000100	6	2
7909	-4.9	0010000000000100	6	2
8102	-7.2	0010000000000100	4	2
8252	-7.2	0010000000000100	4	2
8399	-4.3	01110111	0	0
8587	-7.2	0000010000100000	4	2
8782	-6.6	1010000000000101	6	1
8901	-6.6	1010000000000101	6	1
8919	-5.5	1010000000011001	4	1
9380	-8.6	0000010110100000	4	2
9707	-4.9	0110000000000110	6	2
9835	-7.2	0110000000000110	4	2
9962	-7.2	0110000000000110	4	2
10088	-6.6	1110000000000111	6	1
10414	-4.9	0001100000011000	6	2
10415	-4.9	0001100000011000	6	2
10424	-5.5	1000000110000001	4	1
10451	-5.5	1000000110000101	4	1
10548	-7.2	1000000110100101	4	1
10559	-4.9	0001100000011000	6	2
10560	-4.9	0001100000011000	6	2
10607	-5.5	1000000110000011	4	1
10701	-4.9	0001100000011000	6	2
10868	-7.2	0001100000011000	4	2
10869	-7.2	0001100000011000	4	2
11007	-7.2	0001100000011000	4	2
11134	-7.2	0001100000011000	4	2
11135	-7.2	0001100000011000	4	2
11275	-7.2	0001100000011000	4	2
11400	-10.6	0001100000011000	4	2
11530	-5.5	1001100000100001	4	1
11531	-5.5	1001100001000001	4	1
11591	-5.5	1001100000100011	4	1
11605	-5.5	1001100000100101	4	1
11624	-5.5	1001100001000101	4	1
11625	-5.5	1001100001000011	4	1
11657	-6.6	1000010000100001	6	1
11759	-6.6	1000001001000001	6	1
11899	-6.6	1000000110000001	6	1
11900	-5.5	1000000110000101	4	1
11907	-7.2	1000000110000001	4	1
11967	-7.2	1000000110100101	4	1
11979	-6.6	1000010000100001	6	1
12091	-6.6	1000001001000001	6	1
12202	-8.6	0001100110011000	4	2
12319	-4.9	0101100000011010	6	2
12321	-4.9	0101100000011010	6	2
12342	-5.5	1010000110000101	4	1
12439	-7.2	1010000110100101	4	1
12481	-4.9	0101100000011010	6	2
12589	-5.2	0010000110000100	4	2
12629	-5.2	0010000110000100	4	2
12717	-5.2	0100000110000010	4	1
12757	-5.2	0100000110000010	4	1
12946	-7.2	0101100000011010	4	2
13051	-5.2	0010000110000100	4	2
13090	-5.2	0010000110000100	4	2
13173	-5.2	0100000110000010	4	1
13212	-5.2	0100000110000010	4	1
13336	-7.2	1000000110000001	4	1
13341	-7.2	1000000110000001	4	1
13347	-7.2	1000000110000101	4	1
13422	-7.2	1000000110100011	4	1
13437	-7.2	1000000110100101	4	1
13444	-8.9	1000000110100101	4	1
13454	-10.6	1000000111111111	4	1
13470	-7.2	0101100000011010	4	2
13692	-7.2	1000000110000001	4	1
13791	-10.6	1000000111111111	4	1
14276	-6.6	1010000110000101	6	1
14329	-7.2	1010000110100101	4	1
14341	-7.2	0010000110000100	4	2
14405	-7.2	0100000110000010	4	1
14468	-7.2	0110000110000110	4	2
14530	-7.2	0010000110000100	4	2
14591	-7.2	0110000110000110	4	2
14888	-4.9	0011100000011100	6	2
14889	-4.9	0011100000011100	6	2
14905	-5.5	1100000110000011	4	1
14999	-4.9	0011100000011100	6	2
15091	-5.2	0010000110000100	4	2
15113	-5.2	0010000110000100	4	2
15200	-5.2	0100000110000010	4	1
15222	-5.2	0100000110000010	4	1
15341	-7.2	1000000110000001	4	1
15353	-7.2	1000000110000011	4	1
15446	-10.6	1000000111111111	4	1
15453	-7.2	0011100000011100	4	2
15541	-5.2	0010000110000100	4	2
15563	-5.2	0010000110000100	4	2
15645	-5.2	0100000110000010	4	1
15667	-5.2	0100000110000010	4	1
15791	-7.2	0011100000011100	4	2
16128	-6.6	1100000110000011	6	1
16173	-7.2	0010000110000100	4	2
16217	-7.2	0100000110000010	4	1
16260	-7.2	0110000110000110	4	2
16302	-7.2	0010000110000100	4	2
16343	-7.2	0110000110000110	4	2
16666	-5.2	0010000110000100	4	2
16744	-5.2	0100000110000010	4	1
16821	-5.2	0110000110000110	4	2
16897	-7.2	1010000110000101	4	1
16971	-10.6	1010000111111111	4	1
16972	-7.2	1100000110000011	4	1
17045	-10.6	1100000111111111	4	1
17046	-5.2	0010000110000100	4	2
17119	-5.2	0100000110000010	4	1
17191	-5.2	0110000110000110	4	2
17262	-7.2	1010000110000101	4	1
17331	-10.6	1010000111111111	4	1
17332	-7.2	1100000110000011	4	1
17400	-10.6	1100000111111111	4	1
17401	-8.6	0010000110000100	4	2
17469	-8.6	0100000110000010	4	1
17536	-8.6	0110000110000110	4	2
17602	-10.6	1000000110000001	4	1
17666	-12.3	1000000111111111	4	1
17842	-7.2	0100010000100010	4	1
17921	-7.2	0100010000100010	4	1
17989	-7.2	0010001001000100	4	2
18050	-7.2	0010001001000100	4	2
18118	-6.6	1100010000100011	6	1
18276	-7.2	0100001001000010	4	1
18278	-7.2	0100001001000010	4	1
18371	-7.2	0100001001000010	4	1
18427	-8.6	0010001111000100	4	2
18510	-7.2	0010010000100100	4	2
18511	-7.2	0010010000100100	4	2
18566	-7.2	0010010000100100	4	2
18619	-7.2	0010010000100100	4	2
18620	-7.2	0010010000100100	4	2
18676	-7.2	0010010000100100	4	2
18733	-10.6	0010010000100100	4	2
18788	-6.6	1010010000100101	6	1
18837	-7.2	0100001001000010	4	1
18843	-7.2	0100001001000010	4	1
19072	-7.2	0100001001000010	4	1
19117	-8.6	0010010110100100	4	2
19187	-7.2	0110010000100110	4	1
19235	-7.2	0110010000100110	4	2
19283	-8.6	0100010110100010	4	1
19324	-8.6	0100001111000010	4	1
19364	-6.6	1010001001000101	6	1
19403	-6.6	1100001001000011	6	1
19441	-7.2	0110001001000110	4	2
19532	-7.2	0110001001000110	4	2
19623	-10.6	0100001001000010	4	1
19674	-7.2	0011100110011100	4	2
19691	-8.6	0011100110011100	4	2
19925	-8.6	0110001111000110	4	2
19952	-7.2	1001100110011001	4	2
19965	-7.2	1001100110011001	4	2
19984	-10.6	1001100111111111	4	2
19987	-7.2	0101100110011010	4	2
20000	-8.6	0101100110011010	4	2
20029	-8.9	1010010110100101	4	1
20060	-10.6	0101101001011010	4	2
20105	-9.2	1010010110100101	4	1
20140	-8.6	0110010110100110	4	2
20150	-10.6	1010010110100101	4	1
20158	-12.3	1010010111111111	4	1
20184	-10.6	0110011001100110	4	2
20190	-8.6	0111100110011110	4	2
20200	-10.6	1001100110011001	4	2
20202	-12.3	1001100111111111	4	2
