1	-2.9	0000000010000000	4	2
2	-2.9	0000000010000000	4	2
3	-3.2	0000000010000000	4	2
5	-2.9	0000000011000000	4	1
6	-3.2	0000000011000000	4	2
7	-3.2	0000000010100000	4	2
8	-3.2	0000000011100000	4	1
9	-4.3	0000000011100001	4	1
12	-4.3	0000000010000111	4	2
13	-2.9	0000000010000100	4	2
14	-2.9	0000000010000010	4	2
15	-2.9	0000000010000110	4	2
16	-4.6	0000000010000111	4	2
17	-2.9	0000000010000010	4	2
18	-2.9	0000000010000110	4	2
19	-3.2	0000000010000100	4	2
20	-3.2	0000000010000010	4	2
21	-3.2	0000000010000110	4	2
22	-4.9	0000000010000001	4	2
24	-3.2	0000000011000100	4	2
27	-3.2	0000000010100100	4	2
28	-3.2	0000000010100010	4	2
29	-3.2	0000000011000010	4	2
31	-3.2	0000000011000110	4	2
32	-4.3	0000000010100101	4	1
33	-4.3	0000000010100111	4	1
34	-2.9	0000000010100110	4	1
35	-3.2	0000000010100110	4	2
36	-3.2	0000000011100110	4	1
37	-4.9	0000000011100111	4	2
38	-4.9	0000000011111111	4	1
42	-2.9	0000000000000000	4	2
44	-2.9	0000000000000000	4	2
46	-3.2	0000000000000000	4	2
48	-4.3	0000000000000001	4	2
51	-2.9	0000000010000000	4	2
52	-2.9	0000000010000000	4	2
53	-4.6	0000000000000001	4	2
55	-2.9	0000000010000000	4	2
56	-4.6	0000000000000001	4	2
61	-2.9	0000000010000000	4	2
62	-2.9	0000000010000000	4	2
63	-3.2	0000000010000000	4	2
67	-2.9	0000000000000010	4	2
69	-2.9	0000000000000010	4	2
72	-2.9	0000000001000000	4	2
73	-2.9	0000000001000000	4	2
75	-4.3	0000000000000011	4	2
77	-4.6	0000000000000011	4	2
80	-4.6	0000000000000011	4	2
81	-2.9	0000000000100000	4	2
82	-2.9	0000000001100000	4	2
84	-2.9	0000000011000000	4	1
85	-3.2	0000000011000000	4	2
88	-2.9	0000000000000100	4	2
90	-2.9	0000000000000100	4	2
92	-2.9	0000000000100000	4	2
94	-4.3	0000000000000101	4	2
96	-2.9	0000000010100000	4	1
98	-4.6	0000000000000101	4	2
99	-2.9	0000000001100000	4	2
100	-3.2	0000000010100000	4	2
103	-2.9	0000000000000110	4	2
104	-2.9	0000000000000110	4	2
105	-4.3	0000000000000111	4	2
106	-3.2	0000000011100000	4	1
109	-2.9	0000000000011000	4	2
111	-2.9	0000000000011000	4	2
113	-3.2	0000000000011000	4	2
114	-4	10001001	0	0
117	-4.3	0000000010000001	4	2
118	-4.3	0000000000100001	4	2
119	-4.3	0000000001000001	4	2
120	-4.3	0000000001100001	4	2
121	-4.3	0000000011100001	4	1
124	-2.9	0000000000011010	4	2
126	-2.9	0000000000011010	4	2
135	-4.3	0000000010000101	4	2
136	-2.9	0000000010000100	4	2
137	-2.9	0000000010000010	4	2
139	-2.9	0000000010000100	4	2
141	-4.6	0000000000100001	4	2
142	-4.6	0000000001000001	4	2
143	-4.6	0000000001100001	4	2
146	-2.9	0000000000011100	4	2
148	-2.9	0000000000011100	4	2
153	-4.3	0000000010000011	4	2
154	-2.9	0000000010000100	4	2
155	-2.9	0000000010000010	4	2
157	-2.9	0000000010000100	4	2
159	-4.6	0000000000100001	4	2
160	-4.6	0000000001000001	4	2
161	-4.6	0000000001100001	4	2
179	-4.3	0000000010000111	4	2
180	-2.9	0000000010000100	4	2
181	-2.9	0000000010000010	4	2
182	-2.9	0000000010000110	4	2
183	-4.6	0000000010000111	4	2
184	-2.9	0000000010000010	4	2
185	-2.9	0000000010000110	4	2
186	-3.2	0000000010000100	4	2
187	-3.2	0000000010000010	4	2
188	-3.2	0000000010000110	4	2
189	-4.9	0000000010000001	4	2
191	-2.9	0000000000100010	4	2
193	-2.9	0000000000100010	4	2
195	-2.9	0000000001000100	4	2
196	-2.9	0000000001000100	4	2
197	-4.3	0000000000100011	4	2
200	-4.6	0000000000100011	4	2
203	-2.9	0000000001000010	4	2
204	-2.9	0000000001100010	4	2
206	-3.2	0000000011000100	4	2
208	-2.9	0000000000100100	4	2
209	-2.9	0000000000100100	4	2
211	-3.2	0000000000100100	4	2
212	-4.3	0000000000100101	4	2
216	-4.6	0000000000100101	4	2
220	-4.6	0000000000100101	4	2
221	-2.9	0000000001000010	4	2
222	-2.9	0000000001100010	4	2
225	-3.2	0000000010100100	4	2
229	-2.9	0000000000100110	4	2
232	-2.9	0000000000100110	4	2
234	-2.9	0000000001100100	4	2
235	-2.9	0000000001100100	4	2
236	-4.3	0000000001000101	4	2
237	-4.3	0000000001000011	4	2
238	-2.9	0000000001000110	4	2
239	-4.6	0000000001000101	4	2
240	-4.6	0000000001000011	4	2
241	-2.9	0000000001000110	4	2
242	-4.6	0000000001000101	4	2
243	-4.6	0000000001000011	4	2
244	-3.2	0000000001000010	4	2
245	-3.2	0000000010100010	4	2
246	-3.2	0000000011000010	4	2
248	-4	10001001	0	0
249	-4.3	0000000010100011	4	1
250	-4.3	0000000001100011	4	2
256	-4.6	0000000001100011	4	2
260	-2.9	0000000001100110	4	2
261	-3.2	0000000011000110	4	2
262	-4.3	0000000001011001	4	2
263	-4	10001001	0	0
264	-4.3	0000000010100101	4	1
265	-4.3	0000000001100101	4	2
266	-4.3	0000000010100101	4	1
269	-3.2	0000000001011010	4	2
272	-4.6	0000000010100101	4	2
273	-4.6	0000000001100101	4	2
274	-4.6	0000000001100101	4	2
276	-2.9	0000000001100110	4	2
278	-4.3	0000000010100111	4	1
279	-2.9	0000000010100110	4	1
280	-3.2	0000000010100110	4	2
282	-3.2	0000000001100110	4	2
283	-4.3	0000000001100111	4	2
284	-3.2	0000000011100110	4	1
285	-4.3	0000000001111001	4	2
287	-4.9	0000000011100111	4	2
288	-4.9	0000000011111111	4	1
296	-2.9	0000000000000000	4	2
297	-2.9	0000000000000000	4	2
359	-4.3	0000000110000001	4	1
386	-4.3	0000000110000101	4	1
483	-4.6	0000000110100101	4	1
494	-2.9	0000000000000000	4	2
495	-2.9	0000000000000000	4	2
595	-4.3	0000000110000011	4	1
689	-2.9	0000000000000000	4	2
714	-2.9	0000000001000000	4	2
750	-4.3	0000000000011001	4	2
865	-2.9	0000000010000000	4	2
868	-2.9	0000000010000110	4	2
871	-5.2	0000000011111111	4	2
872	-2.9	0000000010000000	4	2
873	-2.9	0000000010000000	4	2
881	-2.9	0000000010000110	4	2
882	-4.3	0000000000111001	2	2
883	-4.3	0000000001011001	6	2
887	-5.2	0000000011111111	4	2
946	-4.6	0000000000000000	6	2
947	-4.6	0000000000000000	6	2
1044	-4.3	0000001110000011	4	1
1138	-4.6	0000000000000000	6	2
1183	-2.9	0000000000000110	4	2
1197	-4.6	0000000000011001	4	2
1316	-4.3	0000000010100110	5	2
1318	-5.2	0000000011111111	4	2
1324	-4.3	0000000010100000	5	2
1330	-4.3	0000000001011001	3	2
1331	-4.3	0000000010100110	5	2
1332	-4.3	0000000001100110	3	2
1334	-5.2	0000000011111111	4	2
1335	-4.6	0000000000000000	5	2
1336	-4.6	0000000000000000	5	2
1529	-4.6	0000000000000000	5	2
1565	-4.3	0000000000100000	5	2
1572	-2.9	0000000000000110	4	2
1586	-4.6	0000000000011001	4	2
1694	-4.6	0000000001100110	5	2
1705	-4.3	0000000000100000	3	2
1706	-4.6	0000000010100000	5	2
1712	-4.6	0000000001011001	3	2
1713	-4.6	0000000010100110	5	2
1716	-5.5	0000000011111111	4	2
1717	-5.2	0000000000000000	5	2
1759	-3.2	0000000000000110	4	2
1773	-4.9	0000000000011001	4	2
1888	-4.3	1000000010000000	4	2
1889	-4.3	1000000010000000	4	2
1891	-4.6	1000000011000000	4	2
1893	-4.6	1000000010100000	4	2
1895	-4.9	1000000011100000	4	2
1897	-4.3	1000000010000110	4	1
1900	-4.6	1000000010100110	4	1
1902	-4.9	1000000011100110	4	1
1903	-6.6	1000000011111111	4	1
1904	-6.3	1000000000000001	4	1
2048	-6.3	1000000000000001	4	1
2192	-6.3	1000000000000001	4	1
2209	-4.6	1000000001000000	4	2
2224	-4.6	1000000000100000	4	2
2231	-4.3	1000000000000110	4	1
2245	-6	1000000000011001	4	1
2353	-4.9	1000000001100110	4	1
2360	-2.9	0000010000100000	4	1
2362	-4.3	0000000110000000	3	2
2364	-4.3	0000000110000000	5	2
2367	-2.9	0000010000100000	4	1
2369	-4.3	0000000110000000	3	2
2382	-4.3	0000000111000000	3	2
2385	-4.3	0000000111000000	3	2
2414	-4.6	0000000110000001	4	2
2430	-4.3	0000000110000001	3	2
2432	-4.3	0000000110000100	3	2
2433	-4.3	0000000110000010	3	2
2434	-4.3	0000000110000110	3	2
2435	-4.3	0000000110000001	3	2
2437	-4.3	0000000111000001	3	2
2441	-4.6	0000000110000101	4	2
2442	-4.3	0000000110000100	5	2
2443	-4.3	0000000110000010	5	2
2444	-4.3	0000000110000110	5	2
2469	-4.3	0000000110000101	3	2
2470	-4.3	0000000110000011	3	2
2471	-4.3	0000000110000100	3	2
2472	-4.3	0000000110000010	3	2
2473	-4.3	0000000110000110	3	2
2474	-4.6	0000000110000001	3	2
2485	-4.3	0000000111000100	3	2
2486	-4.3	0000000111000100	5	2
2489	-4.3	0000000111000100	3	2
2502	-4.3	0000000111000010	5	2
2507	-4.3	0000000111000010	3	2
2510	-4.3	0000000111000010	3	2
2516	-4.6	0000000110100011	4	2
2519	-4.3	0000000111000011	3	2
2521	-4.3	0000000111000110	3	2
2523	-4.3	0000000111000011	3	2
2524	-4.3	0000000111000110	5	2
2526	-4.3	0000000111000101	3	2
2527	-4.3	0000000111000110	3	2
2531	-4.6	0000000110100101	4	2
2538	-4.9	0000000110100101	4	2
2541	-4.6	0000000110100101	3	2
2549	-4	0000000110000000	6	2
2556	-4	0000000110000000	6	2
2602	-4.6	0000000110000001	4	2
2612	-4.3	0000000110000001	2	2
2613	-4.3	0000000110000011	2	2
2618	-4.3	0000000110000001	6	2
2623	-4.3	0000000110000001	6	2
2625	-4.3	0000000111000001	6	2
2629	-4.6	0000000110000101	4	2
2638	-4.3	0000000111000001	2	2
2641	-4.3	0000000111000001	2	2
2652	-4.3	0000000110000101	2	2
2653	-4.3	0000000110000011	2	2
2657	-4.3	0000000110000101	6	2
2658	-4.3	0000000110000011	6	2
2704	-4.6	0000000110100011	4	2
2706	-4.3	0000000111000101	2	2
2707	-4.3	0000000111000011	6	2
2711	-4.3	0000000111000011	6	2
2714	-4.3	0000000111000101	6	2
2719	-4.6	0000000110100101	4	2
2726	-4.9	0000000110100101	4	2
2738	-4.6	0000000110000000	5	2
2744	-4.3	1000000001000000	6	2
2746	-4.3	0000000111000000	3	2
2750	-4.3	1000000000100000	3	2
2752	-4.6	0000000110100000	5	2
2760	-4.9	0000000110000001	4	2
2763	-4.3	0000000110000100	3	2
2764	-4.3	0000000110000010	3	2
2769	-4.6	0000000110000001	3	2
2773	-4.9	0000000110000101	4	2
2774	-4.6	0000000110000100	5	2
2775	-4.6	0000000110000010	5	2
2776	-4.6	0000000110000110	5	2
2787	-4.3	0000000111000100	3	2
2791	-4.6	0000000111000100	5	2
2793	-4.3	0000000111000010	3	2
2797	-4.6	0000000110100100	5	2
2799	-4.6	0000000110100010	5	2
2800	-4.6	0000000111000010	5	2
2802	-4.9	0000000110100011	4	2
2803	-4.6	0000000111000011	3	2
2804	-4.6	0000000111000110	5	2
2806	-4.9	0000000110100101	4	2
2807	-4.6	0000000110100101	3	2
2808	-4.6	0000000110100110	5	2
2809	-5.2	0000000110100101	4	2
2810	-4.6	1000000001100110	3	1
2831	-2.9	0000000100000010	4	2
2836	-2.9	0000000101000000	4	2
2852	-2.9	0000000100000100	4	2
2871	-4.3	0000000110000001	4	1
2872	-4.3	0000000110000001	4	1
2873	-4.3	0000000110000001	4	1
2874	-4.3	0000000101000001	4	1
2875	-4.3	0000000111000001	4	1
2876	-4.3	0000000111000001	4	1
2877	-4.3	0000000100100001	4	1
2889	-4.3	0000000110000101	4	1
2890	-4.3	0000000110000101	4	1
2894	-4.3	0000000111000101	4	1
2898	-4.6	0000000110000001	4	1
2903	-4.6	0000000110000001	4	1
2904	-4.6	0000000110100001	4	1
2905	-4.6	0000000111000001	4	1
2918	-4.3	0000000110000011	4	1
2919	-4.3	0000000110000011	4	1
2923	-4.6	0000000110000001	4	1
2924	-4.3	0000000111000011	4	1
2932	-4.6	0000000110100001	4	1
2933	-4.6	0000000111000001	4	1
2943	-4.3	0000000110000111	4	1
2947	-4.6	0000000110000101	4	1
2948	-4.6	0000000110000011	4	1
2952	-4.6	0000000110000101	4	1
2953	-4.6	0000000110000011	4	1
2957	-4.9	0000000110000001	4	1
3028	-4.6	0000000111000101	4	1
3029	-4.6	0000000110100101	4	1
3030	-4.6	0000000110100011	4	1
3031	-4.6	0000000111000011	4	1
3034	-4.6	0000000110100011	4	1
3036	-4.6	0000000111000101	4	1
3043	-4.6	0000000110100101	4	1
3044	-4.6	0000000110100101	4	1
3052	-4.6	0000000110100111	4	1
3054	-4.9	0000000110100101	4	1
3063	-4.9	0000000110011001	4	1
3064	-4.9	0000000111100111	4	1
3067	-4.6	0000000110000000	5	2
3086	-4.3	0000000100100000	5	2
3090	-2.9	0000000100000110	4	2
3093	-4.6	0000000110000001	4	2
3096	-4.6	0000000110100001	4	2
3099	-4.6	0000000110000101	4	2
3100	-4.3	0000000110000100	5	2
3101	-4.3	0000000110000010	5	2
3102	-4.3	0000000110000110	5	2
3106	-4.9	0000000110000001	4	2
3107	-4.6	0000000110000100	5	2
3108	-4.6	0000000110000010	5	2
3109	-4.6	0000000110000110	5	2
3126	-4.6	0000010110000001	4	1
3166	-4.9	0000000110100101	4	2
3167	-4.6	0000000110100110	5	2
3174	-4.6	0000000101100110	5	2
3178	-4.6	0000000110000000	6	2
3200	-2.9	0000000100000110	4	2
3203	-4.6	0000000110000001	4	2
3204	-4.3	0000001110000001	4	1
3206	-4.6	0000000110100001	4	2
3209	-4.6	0000000110000101	4	2
3216	-4.9	0000000110000001	4	2
3232	-4.3	0000001110000011	4	1
3236	-4.6	0000001110000001	4	1
3276	-4.9	0000000110100101	4	2
3295	-4.9	1000000001000000	4	2
3305	-4.9	1000000000100000	4	2
3310	-4.6	1000000000000110	4	1
3412	-5.2	1000000001100110	4	1
3417	-2.9	0000010000100000	4	1
3419	-4.3	0000000110000000	3	2
3420	-4.3	0000000110000000	5	2
3421	-2.9	0000010000100000	4	1
3423	-4.3	0000000110000000	3	2
3440	-4.3	0000000111000000	5	2
3442	-4.3	0000000111000000	3	2
3472	-4.3	0000000110000001	3	2
3477	-4.3	0000000110000001	3	2
3479	-4.3	0000000111000001	3	2
3499	-4.3	0000000110000101	3	2
3501	-4.3	0000000110000100	3	2
3502	-4.3	0000000110000010	3	2
3503	-4.3	0000000110000110	3	2
3506	-4.6	0000000110000011	4	2
3507	-4.3	0000000110000100	5	2
3508	-4.3	0000000110000010	5	2
3509	-4.3	0000000110000110	5	2
3521	-4.3	0000000110000101	3	2
3522	-4.3	0000000110000011	3	2
3523	-4.3	0000000110000100	3	2
3524	-4.3	0000000110000010	3	2
3525	-4.3	0000000110000110	3	2
3526	-4.6	0000000110000001	3	2
3540	-4.3	0000000111000100	5	2
3542	-4.3	0000000111000100	3	2
3551	-4.3	0000000111000010	5	2
3562	-4.3	0000000111000010	3	2
3577	-4.3	0000000111000011	3	2
3580	-4.3	0000000111000110	3	2
3581	-4.3	0000000111000101	3	2
3582	-4.3	0000000111000110	3	2
3592	-4.6	0000000110100101	3	2
3600	-4	0000000110000000	6	2
3604	-4	0000000110000000	6	2
3654	-4.3	0000000110000001	6	2
3659	-4.3	0000000110000001	6	2
3661	-4.3	0000000111000001	6	2
3676	-4.3	0000000110000001	2	2
3681	-4.3	0000000110000101	6	2
3687	-4.3	0000000111000001	2	2
3688	-4.6	0000000110000011	4	2
3698	-4.3	0000000110000101	2	2
3699	-4.3	0000000110000011	2	2
3703	-4.3	0000000110000101	6	2
3704	-4.3	0000000110000011	6	2
3753	-4.3	0000000111000101	2	2
3759	-4.3	0000000111000011	6	2
3763	-4.3	0000000111000101	6	2
3782	-4.6	0000000110000000	5	2
3786	-4.3	1000000001000000	2	2
3791	-4.6	0000000111000000	5	2
3794	-4.6	0000000110100000	5	2
3802	-4.6	0000000110000001	3	2
3803	-4.6	0000000110100001	3	2
3815	-4.3	0000000110000100	3	2
3816	-4.3	0000000110000010	3	2
3820	-4.6	0000000110000101	3	2
3821	-4.9	0000000110000011	4	2
3822	-4.6	0000000110000100	5	2
3823	-4.6	0000000110000010	5	2
3824	-4.6	0000000110000110	5	2
3833	-4.6	0000000111000100	5	2
3835	-4.3	0000000111000010	3	2
3837	-4.6	0000000110100010	5	2
3838	-4.6	0000000111000010	5	2
3839	-4.6	0000000110100100	5	2
3842	-4.6	0000000110100101	3	2
3847	-4.6	0000000110100110	5	2
3850	-4.6	0000000110000000	5	2
3863	-4.3	0000000100100000	5	2
3867	-2.9	0000000100000110	4	2
3871	-4.6	0000000110000001	4	2
3872	-4.6	0000000111000001	4	2
3883	-4.6	0000010110000001	4	1
3899	-4.6	0000000110000011	4	2
3900	-4.3	0000000110000100	5	2
3901	-4.3	0000000110000010	5	2
3902	-4.3	0000000110000110	5	2
3903	-4.9	0000000110000001	4	2
3907	-4.6	0000000110000100	5	2
3908	-4.6	0000000110000010	5	2
3909	-4.6	0000000110000110	5	2
3924	-4.3	0000000111000010	5	2
3941	-4.6	0000000111000110	5	2
3951	-4.6	0000000101100110	5	2
3961	-4.9	1000000001000000	4	2
3971	-4.9	1000000000100000	4	2
3976	-4.6	1000000000000110	4	1
4078	-5.2	1000000001100110	4	1
4083	-2.9	0000010000100000	4	1
4085	-4.3	0000000110000000	3	2
4101	-4.3	0000000111000000	3	2
4128	-4.3	0000010000011001	4	1
4141	-4.3	0000000110000001	3	2
4143	-4.3	0000000110000001	3	2
4145	-4.3	0000000111000001	3	2
4173	-4.3	0000000110000101	3	2
4174	-4.3	0000000110000011	3	2
4175	-4.3	0000000110000100	3	2
4176	-4.3	0000000110000010	3	2
4177	-4.3	0000000110000110	3	2
4178	-4.6	0000000110000001	3	2
4188	-4.3	0000000111000100	3	2
4203	-4.3	0000000111000010	3	2
4217	-4.3	0000000111000011	3	2
4220	-4.3	0000000111000101	3	2
4221	-4.3	0000000111000110	3	2
4234	-4.6	0000000110100101	3	2
4243	-4	0000000110000000	6	2
4287	-4.3	0000001000011001	4	1
4300	-4.3	0000000110000001	6	2
4302	-4.3	0000000110000001	6	2
4304	-4.3	0000000111000001	6	2
4313	-4.3	0000000110000001	2	2
4319	-4.3	0000000111000001	2	2
4327	-4.3	0000000110000101	2	2
4328	-4.3	0000000110000011	2	2
4332	-4.3	0000000110000101	6	2
4333	-4.3	0000000110000011	6	2
4373	-4.3	0000000111000101	2	2
4376	-4.3	0000000111000011	6	2
4379	-4.3	0000000111000101	6	2
4402	-4.6	0000000110000000	3	2
4417	-4.3	0000000111000000	3	2
4424	-4.3	0000000100100000	3	2
4428	-4.6	0000000110100000	5	2
4445	-4.3	0000011000011001	4	1
4453	-4.3	0000000110000100	3	2
4454	-4.3	0000000110000010	3	2
4458	-4.6	0000000110000001	3	2
4460	-4.6	0000000110000001	3	2
4461	-4.6	0000000110100001	3	2
4462	-4.6	0000000111000001	3	2
4469	-4.3	0000000110000100	3	2
4470	-4.3	0000000110000010	3	2
4482	-4.3	0000000110000100	3	2
4483	-4.3	0000000110000010	3	2
4484	-4.3	0000000110000110	3	2
4490	-4.6	0000000110000101	3	2
4491	-4.6	0000000110000011	3	2
4495	-4.9	0000000110000001	3	2
4497	-4.3	0000000111000100	3	2
4506	-4.3	0000000111000010	3	2
4507	-4.3	0000000111000010	3	2
4517	-4.3	0000000111000110	3	2
4533	-4.6	0000000110100011	3	2
4534	-4.6	0000000111000011	3	2
4537	-4.6	0000000111000101	3	2
4542	-4.6	0000000110100101	3	2
4543	-4.6	0000000110100101	3	2
4546	-4.6	0000000110100110	5	2
4549	-4.6	0000000110100111	3	2
4551	-4.9	0000000110100101	3	2
4552	-4.6	0000000110100110	5	2
4557	-4.9	0000000110011001	3	2
4558	-4.9	0000000111100111	3	2
4559	-5.5	0000000111111111	4	2
4570	-2.9	0000000100000010	4	2
4575	-2.9	0000000101000000	4	2
4588	-2.9	0000000100000100	4	2
4604	-4.3	0000000110000001	4	1
4605	-4.3	0000000110000001	4	1
4606	-4.3	0000000110000001	4	1
4607	-4.3	0000000110000001	4	1
4608	-4.3	0000000101000001	4	1
4609	-4.3	0000000111000001	4	1
4610	-4.3	0000000111000001	4	1
4611	-4.3	0000000100100001	4	1
4622	-4.3	0000000110000101	4	1
4623	-4.3	0000000110000101	4	1
4626	-4.3	0000000111000101	4	1
4629	-4.6	0000000110000001	4	1
4631	-4.6	0000000110000001	4	1
4632	-4.6	0000000110100001	4	1
4633	-4.6	0000000111000001	4	1
4643	-4.3	0000000110000011	4	1
4644	-4.3	0000000110000011	4	1
4647	-4.6	0000000110000001	4	1
4648	-4.3	0000000111000011	4	1
4652	-4.6	0000000110100001	4	1
4653	-4.6	0000000111000001	4	1
4660	-4.3	0000000110000111	4	1
4664	-4.6	0000000110000101	4	1
4665	-4.6	0000000110000011	4	1
4669	-4.6	0000000110000101	4	1
4670	-4.6	0000000110000011	4	1
4674	-4.9	0000000110000001	4	1
4739	-4.6	0000000111000101	4	1
4740	-4.6	0000000110100101	4	1
4741	-4.6	0000000110100011	4	1
4742	-4.6	0000000111000011	4	1
4744	-4.6	0000000110100011	4	1
4745	-4.6	0000000111000101	4	1
4752	-4.6	0000000110100101	4	1
4753	-4.6	0000000110100101	4	1
4757	-4.6	0000000110100111	4	1
4759	-4.9	0000000110100101	4	1
4767	-4.9	0000000110011001	4	1
4768	-4.9	0000000111100111	4	1
4773	-4.3	0000000100100000	5	2
4775	-2.9	0000000100000110	4	2
4781	-4.6	0000000101100110	5	2
4788	-2.9	0000000100000110	4	2
4801	-3.2	0000000100000110	4	2
4836	-2.9	0100000000000010	4	1
4837	-2.9	0100000000000010	4	1
4879	-4.3	0010000110000001	4	1
4906	-4.3	0010000110000101	4	2
5003	-4.6	0010000110100101	4	2
5014	-2.9	0100000000000010	4	1
5015	-2.9	0100000000000010	4	1
5095	-4.3	0010000110000011	4	2
5189	-2.9	0100000000000010	4	1
5192	-2.9	0100000001000000	4	2
5228	-4.3	0100000000011001	4	1
5350	-2.9	0100000010000110	4	1
5351	-4.3	0100000000111001	2	1
5352	-4.3	0100000001011001	6	1
5356	-5.2	0100000011111111	4	1
5403	-4.6	0100000000000010	6	1
5427	-2.9	0100000000000110	4	1
5441	-4.6	0100000000011001	4	1
5559	-4.3	0100000010100000	5	2
5565	-4.3	0100000001011001	3	1
5566	-4.3	0100000010100110	5	1
5567	-4.3	0100000001100110	3	1
5569	-5.2	0100000011111111	4	1
5591	-4.3	0000001110000001	6	1
5616	-4.6	0100000000000010	5	1
5632	-4.3	0100000000100000	5	2
5639	-2.9	0100000000000110	4	1
5653	-4.6	0100000000011001	4	1
5761	-4.6	0100000001100110	5	1
5776	-4.3	0000010000111001	2	1
5786	-4.6	0000001000000011	4	2
5787	-4.3	0000001000000011	6	2
5788	-4.9	0000001000000011	4	2
5789	-4.3	0000001000000011	2	2
5791	-4.9	0000001000000011	4	2
5797	-2.9	0000001000000100	4	2
5805	-4.6	0000001000000101	4	2
5806	-4.3	0000001000000101	6	2
5808	-4.3	0000001000000101	2	2
5809	-4.9	0000001000000101	4	2
5813	-2.9	0000001000000110	4	2
5816	-4.6	0000001000000111	4	2
5825	-4	10001001	0	0
5826	-4.3	0000001000011001	6	2
5827	-4.3	0000001000011001	2	2
5828	-4.6	0000001010000001	4	2
5829	-4.6	0000001000100001	4	2
5830	-4.6	0000001001000001	4	2
5831	-4.6	0000001001100001	4	2
5838	-4.3	0000001000100001	6	2
5839	-4.3	0000001001000001	6	2
5840	-4.3	0000001010000001	6	1
5846	-4.6	0000001010000101	4	2
5852	-4.9	0000001000100001	4	2
5853	-4.9	0000001001000001	4	2
5854	-4.9	0000001001100001	4	2
5860	-4.3	0000001000100001	2	2
5861	-4.3	0000001001000001	2	1
5864	-4.6	0000001010000011	4	2
5870	-4.9	0000001000100001	4	2
5871	-4.9	0000001001000001	4	2
5872	-4.9	0000001001100001	4	2
5877	-4.3	0000001010000101	2	1
5878	-4.3	0000001010000011	2	1
5882	-4.3	0000001010000101	6	1
5883	-4.3	0000001010000011	6	1
5889	-2.9	0000001010000110	4	1
5890	-4.6	0000001010000111	4	2
5894	-4.9	0000001010000111	4	2
5900	-5.2	0000001010000001	4	2
5908	-4.6	0000001000100011	4	2
5909	-4.3	0000001000100011	6	2
5911	-4.9	0000001000100011	4	2
5912	-4.3	0000001000100011	2	2
5923	-4.6	0000001000100101	4	2
5924	-4.3	0000001000100101	6	2
5927	-4.9	0000001000100101	4	2
5928	-4.3	0000001000100101	2	2
5931	-4.9	0000001000100101	4	2
5938	-4.3	0000001001000101	2	1
5939	-4.3	0000001001000011	2	1
5941	-4.3	0000001001000101	6	2
5942	-4.3	0000001001000011	6	2
5947	-4.6	0000001001000101	4	2
5948	-4.6	0000001001000011	4	2
5950	-4.9	0000001001000101	4	2
5951	-4.9	0000001001000011	4	2
5953	-4.9	0000001001000101	4	2
5954	-4.9	0000001001000011	4	2
5959	-4.3	0000001000111001	2	1
5960	-4.6	0000001010100011	4	1
5961	-4.6	0000001001100011	4	2
5967	-4.9	0000001001100011	4	2
5973	-4.6	0000001001011001	4	2
5974	-4.3	0000001001011001	6	2
5975	-4.6	0000001010100101	4	1
5976	-4.6	0000001001100101	4	2
5977	-4.6	0000001010100101	4	1
5981	-4.6	0000001001011011	4	2
5983	-4.9	0000001010100101	4	2
5984	-4.9	0000001001100101	4	2
5985	-4.9	0000001001100101	4	2
5989	-4.6	0000001010100111	4	1
5994	-4.6	0000001001100111	4	2
5998	-5.2	0000001011100111	4	2
5999	-5.2	0000001011111111	4	1
6000	-4.6	0000001001000000	5	2
6014	-4.3	0000001000100000	5	2
6021	-2.9	0000001000000110	4	2
6035	-4.6	0000001000011001	4	2
6143	-4.6	0000001001100110	5	2
6150	-4.6	0000001001000000	6	2
6170	-2.9	0000001000000110	4	2
6184	-4.6	0000001000011001	4	2
6197	-4.3	0000001110000001	6	1
6199	-4.3	0000001110000001	6	1
6210	-4.3	0000001110000001	2	1
6224	-4.3	0000001110000101	2	1
6225	-4.3	0000001110000011	2	1
6229	-4.3	0000001110000101	6	1
6230	-4.3	0000001110000011	6	1
6299	-2.9	0010000000000100	4	2
6310	-2.9	0010000000000100	4	2
6372	-4.3	0100000110000011	4	1
6499	-4.3	0110000110000011	4	1
6564	-6.3	1100000000000011	4	1
6697	-6.3	1100000000000011	4	1
6707	-4.6	1100000000100000	4	2
6714	-4.3	1100000000000110	4	1
6728	-6	1100000000011001	4	1
6836	-4.9	1100000001100110	4	1
6861	-4.3	0000001110000001	3	2
6862	-4.3	0000001110000100	3	2
6863	-4.3	0000001110000010	3	2
6864	-4.3	0000001110000110	3	2
6887	-4.3	1100000000100000	3	2
6898	-4.3	0000001110000100	3	2
6899	-4.3	0000001110000010	3	2
6902	-4.6	0000001110000001	3	2
6915	-4.6	1100000001100110	3	1
6922	-4.9	1100000000100000	4	2
6927	-4.6	1100000000000110	4	1
7029	-5.2	1100000001100110	4	1
7050	-4.6	0000010110000001	4	1
7051	-4.6	0000001110000001	4	2
7056	-4.6	0000010110000101	4	1
7063	-4.9	0000010110000001	4	1
7079	-4.6	0000001110000011	4	2
7080	-4.3	0000001110000100	5	2
7081	-4.3	0000001110000010	5	2
7082	-4.3	0000001110000110	5	2
7083	-4.9	0000001110000001	4	2
7087	-4.6	0000001110000100	5	2
7088	-4.6	0000001110000010	5	2
7089	-4.6	0000001110000110	5	2
7123	-4.9	0000010110100101	4	1
7140	-4.9	1100000000100000	4	2
7145	-4.6	1100000000000110	4	1
7247	-5.2	1100000001100110	4	1
7252	-4.6	0000010000100000	6	1
7266	-2.9	0000010000000110	4	1
7280	-4.6	0000010000011001	4	1
7293	-4.3	0000001110000001	3	2
7295	-4.3	0000001110000001	3	2
7325	-4.3	0000001110000101	3	2
7326	-4.3	0000001110000011	3	2
7327	-4.3	0000001110000100	3	2
7328	-4.3	0000001110000010	3	2
7329	-4.3	0000001110000110	3	2
7330	-4.6	0000001110000001	3	2
7408	-2.9	0000011000000110	4	1
7422	-4.6	0000011000011001	4	1
7430	-4.3	0000001110000100	3	2
7431	-4.3	0000001110000010	3	2
7435	-4.6	0000001110000001	3	2
7437	-4.6	0000001110000001	3	2
7446	-4.3	0000001110000100	3	2
7447	-4.3	0000001110000010	3	2
7459	-4.3	0000001110000100	3	2
7460	-4.3	0000001110000010	3	2
7461	-4.3	0000001110000110	3	2
7467	-4.6	0000001110000101	3	2
7468	-4.6	0000001110000011	3	2
7472	-4.9	0000001110000001	3	2
7528	-4.9	0000001110100101	3	2
7563	-2.9	0000001100000110	4	2
7569	-4.6	0000001110000001	4	1
7570	-4.6	0000001110000001	4	1
7571	-4.6	0000001110000001	4	1
7572	-4.6	0000001110000001	4	1
7573	-4.6	0000001101000001	4	1
7576	-4.6	0000001100100001	4	1
7587	-4.6	0000001110000101	4	1
7588	-4.6	0000001110000101	4	1
7594	-4.9	0000001110000001	4	1
7596	-4.9	0000001110000001	4	1
7597	-4.9	0000001110100001	4	1
7598	-4.9	0000001111000001	4	1
7608	-4.6	0000001110000011	4	1
7609	-4.6	0000001110000011	4	1
7612	-4.9	0000001110000001	4	1
7617	-4.9	0000001110100001	4	1
7618	-4.9	0000001111000001	4	1
7625	-4.6	0000001110000111	4	1
7629	-4.9	0000001110000101	4	1
7630	-4.9	0000001110000011	4	1
7634	-4.9	0000001110000101	4	1
7635	-4.9	0000001110000011	4	1
7639	-5.2	0000001110000001	4	1
7704	-4.9	0000001111000101	4	1
7705	-4.9	0000001110100101	4	1
7706	-4.9	0000001110100011	4	1
7707	-4.9	0000001111000011	4	1
7709	-4.9	0000001110100011	4	1
7710	-4.9	0000001111000101	4	1
7717	-4.9	0000001110100101	4	1
7718	-4.9	0000001110100101	4	1
7722	-4.9	0000001110100111	4	1
7724	-5.2	0000001110100101	4	1
7732	-5.2	0000001110011001	4	1
7733	-5.2	0000001111100111	4	1
7738	-3.2	0000001100000110	4	2
7747	-2.9	0010000000000100	4	2
7748	-2.9	0010000000000100	4	2
7774	-4.3	0100000110000001	4	1
7801	-4.3	0100000110000101	4	1
7898	-4.6	0100000110100101	4	1
7909	-2.9	0010000000000100	4	2
7933	-4.3	0010000000011001	4	2
8053	-2.9	0010000010000110	4	2
8054	-4.3	0010000000111001	2	2
8055	-4.3	0010000001011001	6	2
8059	-5.2	0010000011111111	4	2
8102	-4.6	0010000000000100	6	2
8111	-2.9	0010000000000110	4	2
8125	-4.6	0010000000011001	4	2
8241	-4.3	0010000010100000	5	2
8247	-4.3	0010000001011001	3	2
8248	-4.3	0010000010100110	5	2
8249	-4.3	0010000001100110	3	2
8251	-5.2	0010000011111111	4	2
8252	-4.6	0010000000000100	5	2
8253	-4.3	0010000000100000	5	2
8260	-2.9	0010000000000110	4	2
8274	-4.6	0010000000011001	4	2
8382	-4.6	0010000001100110	5	2
8390	-4.3	0000010000100000	5	2
8392	-4.6	0000010000000101	4	2
8393	-4.3	0000010000000101	3	2
8394	-4.3	0000010010100000	5	2
8396	-4.9	0000010000000101	4	2
8402	-4.3	0000010000000110	5	2
8403	-4.6	0000010000000111	4	2
8409	-4.3	0000010000011000	5	2
8410	-4.3	0000010000011000	3	2
8412	-4	10001001	0	0
8413	-4.3	0000010000011001	3	2
8415	-4.6	0000010010000001	4	2
8416	-4.6	0000010000100001	4	2
8417	-4.6	0000010001000001	4	2
8418	-4.6	0000010001100001	4	2
8424	-4.3	0000010000011010	5	2
8425	-4.3	0000010000100001	3	2
8426	-4.3	0000010001000001	3	2
8427	-4.3	0000010010000001	3	1
8433	-4.6	0000010010000101	4	2
8434	-4.3	0000010010000100	5	2
8435	-4.3	0000010010000010	5	2
8439	-4.9	0000010000100001	4	2
8440	-4.9	0000010001000001	4	2
8441	-4.9	0000010001100001	4	2
8446	-4.3	0000010000011100	5	2
8449	-4.3	0000010000111000	5	2
8451	-4.6	0000010010000011	4	2
8452	-4.3	0000010010000100	5	2
8453	-4.3	0000010010000010	5	2
8457	-4.9	0000010000100001	4	2
8458	-4.9	0000010001000001	4	2
8459	-4.9	0000010001100001	4	2
8469	-4.3	0000010010000101	3	1
8470	-4.3	0000010010000011	3	1
8471	-4.3	0000010010000100	3	1
8472	-4.3	0000010010000010	3	1
8473	-4.3	0000010010000110	3	1
8474	-4.6	0000010010000001	3	1
8477	-4.6	0000010010000111	4	2
8478	-4.3	0000010010000100	5	2
8479	-4.3	0000010010000010	5	2
8480	-4.3	0000010010000110	5	2
8481	-4.9	0000010010000111	4	2
8487	-5.2	0000010010000001	4	2
8491	-4.3	0000010000100010	5	2
8493	-4.3	0000010001000100	5	2
8495	-4.6	0000010000100011	4	2
8496	-4.3	0000010000100011	3	2
8498	-4.9	0000010000100011	4	2
8507	-4.3	0000010000100100	5	2
8508	-4.3	0000010000100100	3	2
8510	-4.6	0000010000100101	4	2
8511	-4.3	0000010000100101	3	2
8514	-4.9	0000010000100101	4	2
8518	-4.9	0000010000100101	4	2
8519	-4.3	0000010001000010	5	2
8528	-4.3	0000010001000101	3	2
8529	-4.3	0000010001000011	3	2
8530	-4.3	0000010000100110	5	2
8531	-4.3	0000010001000010	3	2
8534	-4.6	0000010001000101	4	2
8535	-4.6	0000010001000011	4	2
8536	-4.3	0000010001000110	5	2
8537	-4.9	0000010001000101	4	2
8538	-4.9	0000010001000011	4	2
8540	-4.9	0000010001000101	4	2
8541	-4.9	0000010001000011	4	2
8546	-4	10001001	0	0
8547	-4.6	0000010010100011	4	1
8548	-4.6	0000010001100011	4	2
8550	-4.3	0000010000111010	5	2
8554	-4.9	0000010001100011	4	2
8555	-4.3	0000010000111100	5	2
8556	-4.3	0000010000111100	3	2
8560	-4.6	0000010001011001	4	2
8561	-4.3	0000010001011001	3	1
8562	-4.6	0000010010100101	4	1
8563	-4.6	0000010001100101	4	2
8564	-4.6	0000010010100101	4	1
8568	-4.6	0000010001011011	4	2
8570	-4.9	0000010010100101	4	2
8571	-4.9	0000010001100101	4	2
8572	-4.9	0000010001100101	4	2
8575	-4.6	0000010010100101	3	1
8576	-4.6	0000010010100111	4	1
8577	-4.3	0000010010100110	5	2
8579	-4.3	0000010001100110	3	1
8581	-4.6	0000010001100111	4	2
8585	-5.2	0000010011100111	4	2
8586	-5.2	0000010011111111	4	1
8587	-4.6	0000010000100000	5	2
8593	-2.9	0000010000000110	4	2
8607	-4.6	0000010000011001	4	2
8657	-4.6	0000010110000001	3	1
8715	-4.6	0000010001100110	5	2
8731	-4.3	0110000110000001	4	1
8744	-4.3	0110000110000101	4	1
8780	-4.6	0110000110100101	4	1
8782	-6.3	1010000000000101	4	1
8901	-6.3	1010000000000101	4	1
8905	-4.3	1010000000000110	4	1
8919	-6	1010000000011001	4	1
9027	-4.9	1010000001100110	4	1
9037	-4.6	1010000001100110	3	1
9042	-2.9	0000010100000110	4	2
9049	-4.6	0000010110000001	4	1
9050	-4.6	0000010110000001	4	1
9051	-4.6	0000010110000001	4	1
9052	-4.6	0000010101000001	4	1
9055	-4.6	0000010100100001	4	1
9067	-4.6	0000010110000101	4	1
9068	-4.6	0000010110000101	4	1
9076	-4.9	0000010110000001	4	1
9078	-4.6	0000010110000100	5	1
9079	-4.6	0000010110000010	5	1
9080	-4.6	0000010110000110	5	1
9081	-4.9	0000010110000001	4	1
9082	-4.9	0000010110100001	4	1
9083	-4.9	0000010111000001	4	1
9096	-4.6	0000010110000011	4	1
9097	-4.6	0000010110000011	4	1
9101	-4.9	0000010110000001	4	1
9107	-4.6	0000010110000100	5	1
9108	-4.6	0000010110000010	5	1
9109	-4.6	0000010110000110	5	1
9110	-4.9	0000010110100001	4	1
9111	-4.9	0000010111000001	4	1
9121	-4.6	0000010110000111	4	1
9125	-4.9	0000010110000101	4	1
9126	-4.9	0000010110000011	4	1
9130	-4.9	0000010110000101	4	1
9131	-4.9	0000010110000011	4	1
9132	-4.6	0000010110000100	5	1
9133	-4.6	0000010110000010	5	1
9134	-4.6	0000010110000110	5	1
9135	-5.2	0000010110000001	4	1
9170	-4.6	0000010100100100	5	2
9188	-4.6	0000010101000010	5	2
9206	-4.9	0000010111000101	4	1
9207	-4.9	0000010110100101	4	1
9208	-4.9	0000010110100011	4	1
9209	-4.9	0000010111000011	4	1
9212	-4.9	0000010110100011	4	1
9214	-4.9	0000010111000101	4	1
9221	-4.9	0000010110100101	4	1
9222	-4.9	0000010110100101	4	1
9230	-4.9	0000010110100111	4	1
9232	-5.2	0000010110100101	4	1
9236	-4.6	0000010101100110	5	1
9241	-5.2	0000010110011001	4	1
9242	-5.2	0000010111100111	4	1
9273	-4.6	1010000000000110	4	1
9375	-5.2	1010000001100110	4	1
9381	-2.9	0000011000000110	4	1
9395	-4.6	0000011000011001	4	1
9408	-4.6	0000010110000001	3	2
9410	-4.6	0000010110000001	3	2
9440	-4.6	0000010110000101	3	2
9441	-4.6	0000010110000011	3	2
9445	-4.9	0000010110000001	3	2
9501	-4.9	0000010110100101	3	2
9510	-3.2	0000010100000110	4	2
9521	-2.9	0110000000000110	4	2
9522	-2.9	0110000000000110	4	2
9523	-4.3	0110000000000111	4	2
9524	-3.2	0110000011100000	4	2
9527	-2.9	0110000000011000	4	2
9529	-2.9	0110000000011000	4	2
9531	-3.2	0110000000011000	4	2
9532	-4	10001001	0	0
9535	-4.3	0110000010000001	4	1
9536	-4.3	0110000000100001	4	1
9537	-4.3	0110000001000001	4	1
9538	-4.3	0110000001100001	4	1
9539	-4.3	0110000011100001	4	1
9542	-2.9	0110000000011010	4	2
9544	-2.9	0110000000011010	4	2
9553	-4.3	0110000010000101	4	1
9554	-2.9	0110000010000100	4	2
9555	-2.9	0110000010000010	4	1
9557	-2.9	0110000010000100	4	2
9559	-4.6	0110000000100001	4	1
9560	-4.6	0110000001000001	4	1
9561	-4.6	0110000001100001	4	1
9564	-2.9	0110000000011100	4	2
9566	-2.9	0110000000011100	4	2
9571	-4.3	0110000010000011	4	1
9572	-2.9	0110000010000100	4	2
9573	-2.9	0110000010000010	4	1
9575	-2.9	0110000010000100	4	2
9577	-4.6	0110000000100001	4	1
9578	-4.6	0110000001000001	4	1
9579	-4.6	0110000001100001	4	1
9597	-4.3	0110000010000111	4	2
9598	-2.9	0110000010000100	4	2
9599	-2.9	0110000010000010	4	1
9600	-2.9	0110000010000110	4	2
9601	-4.6	0110000010000111	4	2
9602	-2.9	0110000010000010	4	1
9603	-2.9	0110000010000110	4	2
9604	-3.2	0110000010000100	4	2
9605	-3.2	0110000010000010	4	1
9606	-3.2	0110000010000110	4	2
9607	-4.9	0110000010000001	4	1
9609	-2.9	0110000000100010	4	1
9611	-2.9	0110000000100010	4	1
9613	-2.9	0110000001000100	4	2
9614	-2.9	0110000001000100	4	2
9615	-4.3	0110000000100011	4	1
9618	-4.6	0110000000100011	4	1
9621	-2.9	0110000001000010	4	1
9622	-2.9	0110000001100010	4	1
9624	-3.2	0110000011000100	4	2
9626	-2.9	0110000000100100	4	2
9627	-2.9	0110000000100100	4	2
9629	-3.2	0110000000100100	4	2
9630	-4.3	0110000000100101	4	1
9634	-4.6	0110000000100101	4	1
9638	-4.6	0110000000100101	4	1
9639	-2.9	0110000001000010	4	1
9640	-2.9	0110000001100010	4	1
9643	-3.2	0110000010100100	4	2
9647	-2.9	0110000000100110	4	2
9650	-2.9	0110000000100110	4	2
9652	-2.9	0110000001100100	4	2
9653	-2.9	0110000001100100	4	2
9654	-4.3	0110000001000101	4	1
9655	-4.3	0110000001000011	4	1
9656	-2.9	0110000001000110	4	2
9657	-4.6	0110000001000101	4	1
9658	-4.6	0110000001000011	4	1
9659	-2.9	0110000001000110	4	2
9660	-4.6	0110000001000101	4	1
9661	-4.6	0110000001000011	4	1
9662	-3.2	0110000001000010	4	1
9663	-3.2	0110000010100010	4	1
9664	-3.2	0110000011000010	4	1
9666	-4	10001001	0	0
9667	-4.3	0110000010100011	4	1
9668	-4.3	0110000001100011	4	1
9674	-4.6	0110000001100011	4	1
9678	-2.9	0110000001100110	4	2
9679	-3.2	0110000011000110	4	2
9680	-4.3	0110000001011001	4	2
9681	-4	10001001	0	0
9682	-4.3	0110000010100101	4	1
9683	-4.3	0110000001100101	4	1
9684	-4.3	0110000010100101	4	1
9687	-3.2	0110000001011010	4	2
9690	-4.6	0110000010100101	4	1
9691	-4.6	0110000001100101	4	1
9692	-4.6	0110000001100101	4	1
9694	-2.9	0110000001100110	4	2
9696	-4.3	0110000010100111	4	1
9697	-2.9	0110000010100110	4	1
9698	-3.2	0110000010100110	4	2
9700	-3.2	0110000001100110	4	2
9701	-4.3	0110000001100111	4	2
9702	-3.2	0110000011100110	4	1
9703	-4.3	0110000001111001	4	2
9705	-4.9	0110000011100111	4	2
9706	-4.9	0110000011111111	4	1
9707	-2.9	0110000000000110	4	2
9720	-4.3	0110000000011001	4	2
9835	-4.6	0110000000000110	6	2
9847	-4.6	0110000000011001	4	2
9962	-4.6	0110000000000110	5	2
9973	-4.6	0110000000011001	4	2
10081	-4.6	0110000001100110	5	2
10088	-6.3	1110000000000111	4	1
10099	-6	1110000000011001	4	1
10207	-4.9	1110000001100110	4	2
10243	-4.9	0000011110000001	4	1
10244	-4.9	0000011110000001	4	1
10245	-4.9	0000011110000001	4	1
10246	-4.9	0000011110000001	4	1
10247	-4.9	0000011101000001	4	1
10250	-4.9	0000011100100001	4	1
10261	-4.9	0000011110000101	4	1
10262	-4.9	0000011110000101	4	1
10268	-5.2	0000011110000001	4	1
10270	-5.2	0000011110000001	4	1
10271	-5.2	0000011110100001	4	1
10272	-5.2	0000011111000001	4	1
10282	-4.9	0000011110000011	4	1
10283	-4.9	0000011110000011	4	1
10286	-5.2	0000011110000001	4	1
10291	-5.2	0000011110100001	4	1
10292	-5.2	0000011111000001	4	1
10299	-4.9	0000011110000111	4	1
10303	-5.2	0000011110000101	4	1
10304	-5.2	0000011110000011	4	1
10308	-5.2	0000011110000101	4	1
10309	-5.2	0000011110000011	4	1
10313	-5.5	0000011110000001	4	1
10378	-5.2	0000011111000101	4	1
10379	-5.2	0000011110100101	4	1
10380	-5.2	0000011110100011	4	1
10381	-5.2	0000011111000011	4	1
10383	-5.2	0000011110100011	4	1
10384	-5.2	0000011111000101	4	1
10391	-5.2	0000011110100101	4	1
10392	-5.2	0000011110100101	4	1
10396	-5.2	0000011110100111	4	1
10398	-5.5	0000011110100101	4	1
10406	-5.5	0000011110011001	4	1
10407	-5.5	0000011111100111	4	1
10410	-4.3	1000000110000110	4	1
10411	-4.6	1000000110100110	4	1
10412	-4.9	1000000111100110	4	1
10413	-6.6	1000000111111111	4	1
10414	-4.3	1000000110000001	4	1
10415	-4.3	1000000110000001	4	1
10424	-6	1000000110000001	4	1
10448	-4.3	1000000110000100	4	1
10449	-4.3	1000000110000010	4	1
10450	-4.3	1000000110000110	4	1
10451	-6	1000000110000101	4	1
10452	-4.6	1000000110000100	4	1
10453	-4.6	1000000110000010	4	1
10454	-4.6	1000000110000110	4	1
10455	-4.6	1000000110000100	4	1
10456	-4.6	1000000110000110	4	1
10468	-4.3	1000000111000010	4	1
10469	-4.3	1000000111000110	4	1
10485	-4.3	1000000110000110	4	1
10496	-4.6	1000000111000100	4	1
10497	-4.6	1000000110100010	4	1
10508	-4.6	1000000110100100	4	1
10509	-4.6	1000000110100100	4	1
10511	-4.6	1000000110100010	4	1
10512	-4.6	1000000111000010	4	1
10526	-6	1000000110100011	4	1
10534	-4.6	1000000111000110	4	1
10541	-6	1000000110100101	4	1
10547	-4.6	1000000110100110	4	1
10548	-6.3	1000000110100101	4	1
10552	-4.6	1000000110100110	4	1
10555	-4.9	1000000111100110	4	1
10558	-6.6	1000000111111111	4	1
10559	-4.3	1000000110000001	4	1
10560	-4.3	1000000110000001	4	1
10581	-4.3	1000000110000010	4	1
10582	-4.3	1000000110000100	4	1
10583	-4.3	1000000110000110	4	1
10588	-4.3	1000000111000010	4	1
10589	-4.3	1000000111000110	4	1
10607	-6	1000000110000011	4	1
10608	-4.6	1000000110000100	4	1
10609	-4.6	1000000110000010	4	1
10610	-4.6	1000000110000110	4	1
10611	-4.6	1000000110000100	4	1
10612	-4.6	1000000110000110	4	1
10628	-4.3	1000000110000110	4	1
10639	-4.6	1000000110100010	4	1
10641	-4.6	1000000111000100	4	1
10651	-4.6	1000000110100010	4	1
10652	-4.6	1000000111000010	4	1
10654	-4.6	1000000110100100	4	1
10655	-4.6	1000000110100100	4	1
10679	-4.6	1000000110100110	4	1
10689	-4.6	1000000110100110	4	1
10694	-4.6	1000000110100110	4	1
10697	-4.9	1000000111100110	4	1
10700	-6.6	1000000111111111	4	1
10701	-4.3	1000000110000001	4	1
10725	-4.3	1000000110000110	4	1
10758	-4.3	1000000110000110	4	1
10808	-4.6	1000000110100110	4	1
10814	-4.6	1000000110100110	4	1
10818	-4.9	1000000111100110	4	1
10821	-6.6	1000000111111111	4	1
10823	-4.3	1000001010000110	4	1
10826	-4.6	1000001010100110	4	1
10828	-4.9	1000001011100110	4	1
10829	-6.6	1000001011111111	4	1
10868	-4.6	0001100000011000	6	2
10869	-4.6	0001100000011000	6	2
10887	-4.3	1000001110000010	4	1
10888	-4.3	1000001110000100	4	1
10889	-4.3	1000001110000110	4	1
10913	-6	1000001110000011	4	1
10914	-4.6	1000001110000100	4	1
10915	-4.6	1000001110000010	4	1
10916	-4.6	1000001110000110	4	1
10917	-4.6	1000001110000100	4	1
10918	-4.6	1000001110000110	4	1
10934	-4.3	1000001110000110	4	1
11006	-6.6	1000001111111111	4	1
11007	-4.6	0001100000011000	6	2
11011	-4.6	0001100000011001	4	2
11029	-4.3	1000001110000110	4	1
11062	-4.3	1000001110000110	4	1
11125	-6.6	1000001111111111	4	1
11127	-4.3	1000010010000110	4	1
11130	-4.6	1000010010100110	4	1
11131	-4.3	0001100001100110	3	2
11132	-4.9	1000010011100110	4	1
11133	-6.6	1000010011111111	4	1
11134	-4.6	0001100000011000	5	2
11135	-4.6	0001100000011000	5	2
11140	-6	1000010110000001	4	1
11167	-6	1000010110000101	4	1
11168	-4.6	1000010110000100	4	1
11169	-4.6	1000010110000010	4	1
11170	-4.6	1000010110000110	4	1
11171	-4.6	1000010110000100	4	1
11172	-4.6	1000010110000110	4	1
11242	-6	1000010110100011	4	1
11257	-6	1000010110100101	4	1
11264	-6.3	1000010110100101	4	1
11274	-6.6	1000010111111111	4	1
11275	-4.6	0001100000011000	5	2
11277	-4.6	0001100000011001	4	2
11385	-4.6	0001100001100110	5	2
11391	-6.6	1000010111111111	4	1
11399	-6.6	1000011011111111	4	1
11400	-5.2	0001100000011000	5	2
11401	-4.9	0001100000011001	4	2
11515	-6.6	1000011111111111	4	1
11530	-6	1001100000100001	4	1
11531	-6	1001100001000001	4	1
11532	-6	1000011000011001	4	1
11535	-4.6	1001100000011010	4	2
11537	-4.6	1001100000011010	4	2
11554	-4.6	1001100000011100	4	2
11556	-4.6	1001100000011100	4	2
11568	-4.3	1001100000100010	4	1
11569	-4.3	1001100000100100	4	2
11570	-4.3	1001100000100110	4	1
11573	-4.3	1001100001000010	4	1
11574	-4.3	1001100001000100	4	2
11575	-4.3	1001100001000110	4	1
11578	-4.3	1001100001100010	4	1
11579	-4.3	1001100001100100	4	2
11580	-4.3	1001100001100110	4	1
11583	-4.6	1001100000100010	4	1
11585	-4.6	1001100000100010	4	1
11587	-4.6	1001100001000100	4	2
11588	-4.6	1001100001000100	4	2
11591	-6	1001100000100011	4	1
11596	-4.6	1001100001000010	4	1
11597	-4.6	1001100001100010	4	1
11599	-4.6	1001100000100100	4	2
11600	-4.6	1001100000100100	4	2
11602	-4.9	1001100000100100	4	2
11605	-6	1001100000100101	4	1
11612	-4.6	1001100001000010	4	1
11613	-4.6	1001100001100010	4	1
11617	-4.6	1001100000100110	4	1
11620	-4.6	1001100000100110	4	2
11622	-4.6	1001100001100100	4	2
11623	-4.6	1001100001100100	4	2
11624	-6	1001100001000101	4	1
11625	-6	1001100001000011	4	1
11626	-4.6	1001100001000110	4	2
11627	-4.6	1001100001000110	4	2
11628	-4.9	1001100001000010	4	1
11630	-6	1001100001100011	4	1
11639	-4.6	1001100001100110	4	1
11641	-6	1001100001011001	4	2
11643	-6	1001100001100101	4	1
11646	-4.9	1001100001011010	4	2
11650	-4.6	1001100001100110	4	1
11652	-4	10001001	0	0
11653	-4.9	1001100001100110	4	2
11654	-6	1001100001100111	4	1
11655	-6	1001100001111001	4	2
11657	-6.3	1000010000100001	4	1
11759	-6.3	1000001001000001	4	1
11878	-4.6	1001100001100110	3	2
11899	-6.3	1000000110000001	4	1
11900	-6	1000000110000101	4	1
11901	-4.6	1000000110000100	4	1
11902	-4.6	1000000110000010	4	1
11903	-4.6	1000000110000110	4	1
11904	-4.6	1000000110000100	4	1
11905	-4.6	1000000110000010	4	1
11906	-4.6	1000000110000110	4	1
11907	-6.3	1000000110000001	4	1
11908	-4.9	1000000110000100	4	1
11909	-4.9	1000000110000010	4	1
11910	-4.9	1000000110000110	4	1
11949	-4.6	1000000110100010	4	1
11950	-4.6	1000000110100100	4	1
11967	-6.3	1000000110100101	4	1
11968	-4.9	1000000110100110	4	1
11975	-4.9	1000000101100110	4	1
11979	-6.3	1000010000100001	4	1
12084	-4.9	1000010001100110	4	1
12091	-6.3	1000001001000001	4	1
12195	-4.9	1000001001100110	4	1
12202	-6.3	1000011001100001	4	1
12247	-4.9	0001100110000001	3	2
12305	-4.9	1000011001100110	4	1
12319	-4.3	1010000110000101	4	1
12321	-4.3	1010000110000101	4	1
12339	-4.3	1010000110000100	4	2
12340	-4.3	1010000110000010	4	1
12341	-4.3	1010000110000110	4	1
12342	-6	1010000110000101	4	1
12343	-4.6	1010000110000100	4	2
12344	-4.6	1010000110000010	4	1
12345	-4.6	1010000110000110	4	1
12346	-4.6	1010000110000100	4	2
12347	-4.6	1010000110000110	4	1
12359	-4.3	1010000111000010	4	1
12360	-4.3	1010000111000110	4	1
12376	-4.3	1010000110000110	4	1
12387	-4.6	1010000111000100	4	2
12388	-4.6	1010000110100010	4	1
12399	-4.6	1010000110100100	4	2
12400	-4.6	1010000110100100	4	2
12402	-4.6	1010000110100010	4	1
12403	-4.6	1010000111000010	4	1
12417	-6	1010000110100011	4	1
12425	-4.6	1010000111000110	4	1
12432	-6	1010000110100101	4	1
12438	-4.6	1010000110100110	4	1
12439	-6.3	1010000110100101	4	1
12443	-4.6	1010000110100110	4	1
12446	-4.9	1010000111100110	4	1
12449	-6.6	1010000111111111	4	1
12481	-4.3	1010000110000101	4	1
12492	-4.3	1010000110000110	4	1
12525	-4.3	1010000110000110	4	1
12575	-4.6	1010000110100110	4	1
12581	-4.6	1010000110100110	4	1
12585	-4.9	1010000111100110	4	1
12588	-6.6	1010000111111111	4	1
12589	-2.9	0100010000100010	4	1
12598	-4.3	0010000110000001	3	1
12600	-4.3	0010000110000100	3	2
12601	-4.3	0010000110000010	3	2
12602	-4.3	0010000110000110	3	2
12603	-4.3	0010000110000001	3	1
12605	-4.3	0010000111000001	3	1
12609	-4.6	0010000110000101	4	2
12610	-4.3	0010000110000100	5	2
12611	-4.3	0010000110000010	5	2
12612	-4.3	0010000110000110	5	2
12629	-2.9	0100010000100010	4	1
12637	-4.3	0010000110000101	3	2
12638	-4.3	0010000110000011	3	2
12639	-4.3	0010000110000100	3	2
12640	-4.3	0010000110000010	3	2
12641	-4.3	0010000110000110	3	2
12642	-4.6	0010000110000001	3	1
12653	-4.3	0010000111000100	3	2
12654	-4.3	0010000111000100	5	2
12657	-4.3	0010000111000100	3	2
12670	-4.3	0010000111000010	5	2
12675	-4.3	0010000111000010	3	2
12678	-4.3	0010000111000010	3	2
12684	-4.6	0010000110100011	4	2
12687	-4.3	0010000111000011	3	2
12689	-4.3	0010000111000110	3	2
12691	-4.3	0010000111000011	3	2
12692	-4.3	0010000111000110	5	2
12694	-4.3	0010000111000101	3	2
12695	-4.3	0010000111000110	3	2
12699	-4.6	0010000110100101	4	2
12706	-4.9	0010000110100101	4	2
12709	-4.6	0010000110100101	3	2
12717	-2.9	0010010000100100	4	2
12725	-4.3	0100000110000001	3	1
12727	-4.3	0100000110000100	3	2
12728	-4.3	0100000110000010	3	1
12729	-4.3	0100000110000110	3	1
12730	-4.3	0100000110000001	3	1
12732	-4.3	0100000111000001	3	1
12736	-4.6	0100000110000101	4	1
12737	-4.3	0100000110000100	5	2
12738	-4.3	0100000110000010	5	1
12739	-4.3	0100000110000110	5	1
12757	-2.9	0010010000100100	4	2
12764	-4.3	0100000110000101	3	1
12765	-4.3	0100000110000011	3	1
12766	-4.3	0100000110000100	3	2
12767	-4.3	0100000110000010	3	1
12768	-4.3	0100000110000110	3	1
12769	-4.6	0100000110000001	3	1
12780	-4.3	0100000111000100	3	2
12781	-4.3	0100000111000100	5	2
12784	-4.3	0100000111000100	3	2
12797	-4.3	0100000111000010	5	1
12802	-4.3	0100000111000010	3	1
12805	-4.3	0100000111000010	3	1
12811	-4.6	0100000110100011	4	1
12814	-4.3	0100000111000011	3	1
12816	-4.3	0100000111000110	3	1
12818	-4.3	0100000111000011	3	1
12819	-4.3	0100000111000110	5	1
12821	-4.3	0100000111000101	3	1
12822	-4.3	0100000111000110	3	1
12826	-4.6	0100000110100101	4	1
12833	-4.9	0100000110100101	4	1
12836	-4.6	0100000110100101	3	1
12848	-4.3	0110000110000001	3	1
12852	-4.6	0110000110000101	4	1
12853	-4.3	0110000110000100	5	2
12854	-4.3	0110000110000010	5	1
12855	-4.3	0110000110000110	5	2
12870	-4.3	0110000111000100	5	2
12879	-4.3	0110000111000010	5	1
12881	-4.6	0110000110100011	4	1
12882	-4.3	0110000111000011	3	1
12883	-4.3	0110000111000110	5	2
12885	-4.6	0110000110100101	4	1
12888	-4.9	0110000110100101	4	1
12890	-4.3	1000000110000100	2	1
12891	-4.3	1000000110000010	2	1
12892	-4.3	1000000110000110	2	1
12898	-4.3	1000000110000100	3	1
12899	-4.3	1000000110000010	3	1
12900	-4.3	1000000110000110	3	1
12902	-4.3	1000000110000100	6	1
12903	-4.3	1000000110000010	6	1
12904	-4.3	1000000110000110	6	1
12905	-4.6	1000000110000100	3	1
12906	-4.6	1000000110000010	3	1
12907	-4.6	1000000110000110	3	1
12908	-4.3	1000000111000100	6	1
12909	-4.3	1000000111000010	3	1
12913	-4.6	1000000111000110	3	1
12926	-4.6	1000010110000100	3	1
12927	-4.6	1000010110000010	3	1
12928	-4.6	1000010110000110	3	1
12933	-4.3	1100000110000100	2	2
12934	-4.3	1100000110000010	2	1
12935	-4.3	1100000110000110	2	1
12946	-4.6	0101100000011010	6	2
12954	-4.3	1010001110000110	4	1
12987	-4.3	1010001110000110	4	1
13050	-6.6	1010001111111111	4	1
13051	-4	0010000110000100	6	2
13054	-4.3	0010000110000001	6	1
13059	-4.3	0010000110000001	6	1
13061	-4.3	0010000111000001	6	1
13065	-4.6	0010000110000101	4	2
13074	-4.3	0010000111000001	2	1
13077	-4.3	0010000111000001	2	1
13088	-4.3	0010000110000101	2	2
13089	-4.3	0010000110000011	2	2
13090	-4	0010000110000100	6	2
13093	-4.3	0010000110000101	6	2
13094	-4.3	0010000110000011	6	2
13140	-4.6	0010000110100011	4	2
13142	-4.3	0010000111000101	2	2
13143	-4.3	0010000111000011	6	2
13147	-4.3	0010000111000011	6	2
13150	-4.3	0010000111000101	6	2
13155	-4.6	0010000110100101	4	2
13162	-4.9	0010000110100101	4	2
13173	-4	0100000110000010	6	1
13175	-4.3	0100000110000001	6	1
13180	-4.3	0100000110000001	6	1
13182	-4.3	0100000111000001	6	1
13186	-4.6	0100000110000101	4	1
13195	-4.3	0100000111000001	2	1
13198	-4.3	0100000111000001	2	1
13209	-4.3	0100000110000101	2	1
13210	-4.3	0100000110000011	2	1
13212	-4	0100000110000010	6	1
13214	-4.3	0100000110000101	6	1
13215	-4.3	0100000110000011	6	1
13261	-4.6	0100000110100011	4	1
13263	-4.3	0100000111000101	2	1
13264	-4.3	0100000111000011	6	1
13268	-4.3	0100000111000011	6	1
13271	-4.3	0100000111000101	6	1
13276	-4.6	0100000110100101	4	1
13283	-4.9	0100000110100101	4	1
13294	-4.3	0110000110000001	6	1
13298	-4.6	0110000110000101	4	1
13305	-4.3	0110000111000001	2	1
13327	-4.6	0110000110100011	4	1
13328	-4.3	0110000111000011	6	1
13331	-4.6	0110000110100101	4	1
13334	-4.9	0110000110100101	4	1
13335	-4.3	0101100001100110	3	2
13336	-4.9	1000000110000001	4	1
13338	-4.6	1000000110000100	3	1
13339	-4.6	1000000110000010	3	1
13340	-4.6	1000000110000110	3	1
13341	-4.9	1000000110000001	4	1
13344	-4.6	1000000110000100	4	1
13345	-4.6	1000000110000010	4	1
13346	-4.6	1000000110000110	4	1
13347	-6.3	1000000110000101	4	1
13348	-4.9	1000000110000100	4	1
13349	-4.9	1000000110000010	4	1
13350	-4.9	1000000110000110	4	1
13351	-4.9	1000000110000100	4	1
13352	-4.9	1000000110000110	4	1
13361	-4.6	1000000110100010	4	1
13362	-4.6	1000000110100100	4	1
13363	-4.6	1000000110100110	4	1
13364	-4.6	1000000111000010	4	1
13365	-4.6	1000000111000110	4	1
13367	-4.3	1000000110000100	3	1
13368	-4.3	1000000110000010	3	1
13369	-4.3	1000000110000110	3	1
13372	-4.3	1000000110000100	6	1
13373	-4.3	1000000110000010	6	1
13374	-4.3	1000000110000110	6	1
13377	-4.6	1000000110000100	3	1
13378	-4.6	1000000110000010	3	1
13379	-4.6	1000000110000110	3	1
13381	-4.6	1000000110000110	4	1
13382	-4.3	1000000111000100	3	1
13383	-4.3	1000000111000100	3	1
13384	-4.3	1000000111000010	6	1
13387	-4.3	1000000111000010	6	1
13390	-4.3	1000000111000100	6	1
13391	-4.6	1000000111000100	3	1
13392	-4.9	1000000111000100	4	1
13393	-4.9	1000000110100010	4	1
13394	-4.3	1000000111000100	6	1
13395	-4.6	1000000111000100	3	1
13396	-4.3	1000000111000010	3	1
13397	-4.3	1000000111000010	3	1
13404	-4.9	1000000110100100	4	1
13405	-4.9	1000000110100100	4	1
13406	-4.3	1000000111000110	6	1
13407	-4.9	1000000110100010	4	1
13408	-4.9	1000000111000010	4	1
13410	-4.6	1000000110100100	3	1
13411	-4.3	1000000111000110	3	1
13412	-4.3	1000000111000110	3	1
13413	-4.6	1000000111000010	3	1
13415	-4.6	1000000110100010	3	1
13416	-4.6	1000000111000010	3	1
13420	-4.3	1000000111000110	6	1
13422	-6.3	1000000110100011	4	1
13427	-4.6	1000000111000110	3	1
13430	-4.9	1000000111000110	4	1
13433	-4.6	1000000111000110	3	1
13437	-6.3	1000000110100101	4	1
13441	-4.6	1000000110100110	3	1
13443	-4.9	1000000110100110	4	1
13444	-6.6	1000000110100101	4	1
13446	-4.6	1000000110100110	3	1
13448	-4.9	1000000110100110	4	1
13451	-5.2	1000000111100110	4	1
13454	-6.9	1000000111111111	4	1
13470	-4.6	0101100000011010	5	2
13564	-4.6	0101100001100110	5	2
13570	-6.6	1010010111111111	4	1
13574	-4.9	0010000110000101	4	2
13575	-4.6	0010000110000100	5	2
13576	-4.6	0010000110000010	5	2
13577	-4.6	0010000110000110	5	2
13588	-4.3	0010000111000100	3	2
13592	-4.6	0010000111000100	5	2
13594	-4.3	0010000111000010	3	2
13598	-4.6	0010000110100100	5	2
13600	-4.6	0010000110100010	5	2
13601	-4.6	0010000111000010	5	2
13603	-4.9	0010000110100011	4	2
13604	-4.6	0010000111000011	3	2
13605	-4.6	0010000111000110	5	2
13607	-4.9	0010000110100101	4	2
13608	-4.6	0010000110100101	3	2
13609	-4.6	0010000110100110	5	2
13610	-5.2	0010000110100101	4	2
13611	-4.6	1000010001100110	3	1
13615	-4.9	0100000110000101	4	1
13616	-4.6	0100000110000100	5	2
13617	-4.6	0100000110000010	5	1
13618	-4.6	0100000110000110	5	1
13629	-4.3	0100000111000100	3	2
13633	-4.6	0100000111000100	5	2
13635	-4.3	0100000111000010	3	1
13639	-4.6	0100000110100100	5	2
13641	-4.6	0100000110100010	5	1
13642	-4.6	0100000111000010	5	1
13644	-4.9	0100000110100011	4	1
13645	-4.6	0100000111000011	3	1
13646	-4.6	0100000111000110	5	1
13648	-4.9	0100000110100101	4	1
13649	-4.6	0100000110100101	3	1
13650	-4.6	0100000110100110	5	1
13651	-5.2	0100000110100101	4	1
13652	-4.6	1000001001100110	3	1
13656	-4.9	0110000110000101	4	1
13657	-4.6	0110000110000100	5	2
13658	-4.6	0110000110000010	5	1
13659	-4.6	0110000110000110	5	2
13670	-4.3	0110000111000100	3	2
13674	-4.6	0110000111000100	5	2
13676	-4.3	0110000111000010	3	1
13680	-4.6	0110000110100100	5	2
13682	-4.6	0110000110100010	5	1
13683	-4.6	0110000111000010	5	1
13684	-4.9	0110000110100011	4	1
13685	-4.6	0110000111000011	3	1
13686	-4.6	0110000111000110	5	2
13688	-4.9	0110000110100101	4	1
13689	-4.6	0110000110100101	3	1
13690	-4.6	0110000110100110	5	2
13691	-5.2	0110000110100101	4	1
13692	-4.9	1000000110000001	4	1
13695	-4.6	1000000110000110	4	1
13701	-4.3	1000000110000100	3	1
13702	-4.3	1000000110000010	3	1
13705	-4.3	1000000110000100	6	1
13706	-4.3	1000000110000010	6	1
13714	-4.3	1000000110000100	3	1
13715	-4.3	1000000110000010	3	1
13716	-4.3	1000000110000110	3	1
13719	-4.3	1000000110000100	6	1
13720	-4.3	1000000110000010	6	1
13721	-4.3	1000000110000110	6	1
13724	-4.6	1000000110000100	3	1
13725	-4.6	1000000110000010	3	1
13726	-4.6	1000000110000110	3	1
13728	-4.6	1000000110000110	4	1
13729	-4.3	1000000111000100	3	1
13732	-4.3	1000000111000010	6	1
13735	-4.3	1000000111000100	6	1
13736	-4.3	1000000111000100	6	1
13737	-4.6	1000000111000100	3	1
13738	-4.3	1000000111000010	3	1
13739	-4.3	1000000111000010	3	1
13748	-4.6	1000000110100100	3	1
13749	-4.3	1000000111000110	3	1
13751	-4.6	1000000110100010	3	1
13752	-4.6	1000000111000010	3	1
13758	-4.3	1000000111000110	6	1
13770	-4.6	1000000111000110	3	1
13778	-4.9	1000000110100110	4	1
13782	-4.6	1000000110100110	3	1
13784	-4.9	1000000110100110	4	1
13785	-4.6	1000000101100110	3	1
13788	-5.2	1000000111100110	4	1
13791	-6.9	1000000111111111	4	1
13792	-4.9	1000010110100001	4	1
13794	-4.6	1000010110000110	4	1
13823	-4.6	1000010110000100	3	1
13824	-4.6	1000010110000010	3	1
13825	-4.6	1000010110000110	3	1
13827	-4.6	1000010110000110	4	1
13877	-4.9	1000010110100110	4	1
13883	-4.9	1000010110100110	4	1
13887	-5.2	1000010111100110	4	1
13890	-6.9	1000010111111111	4	1
13891	-4.9	1000001111000001	4	1
13892	-4.6	1000001110000110	4	1
13898	-4.3	1000001110000100	3	1
13899	-4.3	1000001110000010	3	1
13902	-4.3	1000001110000100	6	1
13903	-4.3	1000001110000010	6	1
13911	-4.3	1000001110000100	3	1
13912	-4.3	1000001110000010	3	1
13913	-4.3	1000001110000110	3	1
13916	-4.3	1000001110000100	6	1
13917	-4.3	1000001110000010	6	1
13918	-4.3	1000001110000110	6	1
13921	-4.6	1000001110000100	3	1
13922	-4.6	1000001110000010	3	1
13923	-4.6	1000001110000110	3	1
13925	-4.6	1000001110000110	4	1
13975	-4.9	1000001110100110	4	1
13981	-4.9	1000001110100110	4	1
13985	-5.2	1000001111100110	4	1
13988	-6.9	1000001111111111	4	1
14001	-4.3	0100000110000011	4	1
14005	-4.6	0100000110000001	4	1
14045	-4.6	0010000110100101	4	2
14068	-4.3	0010000110000011	4	2
14072	-4.6	0010000110000001	4	1
14112	-4.6	0100000110100101	4	1
14134	-4.3	0110000110000011	4	1
14135	-4.3	0110000110000011	4	1
14139	-4.6	0110000110000001	4	1
14140	-4.3	0110000111000011	4	1
14148	-4.6	0110000110100001	4	1
14149	-4.6	0110000111000001	4	1
14159	-4.3	0110000110000111	4	1
14163	-4.6	0110000110000101	4	1
14164	-4.6	0110000110000011	4	1
14168	-4.6	0110000110000101	4	1
14169	-4.6	0110000110000011	4	1
14173	-4.9	0110000110000001	4	1
14237	-4.6	0110000111000101	4	1
14238	-4.6	0110000110100101	4	1
14239	-4.6	0110000110100011	4	1
14240	-4.6	0110000111000011	4	1
14243	-4.6	0110000110100011	4	1
14245	-4.6	0110000111000101	4	1
14252	-4.6	0110000110100101	4	1
14253	-4.6	0110000110100101	4	1
14261	-4.6	0110000110100111	4	1
14263	-4.9	0110000110100101	4	1
14272	-4.9	0110000110011001	4	1
14273	-4.9	0110000111100111	4	1
14276	-6.3	1010000110000101	4	1
14311	-4.6	1010000110100010	4	1
14312	-4.6	1010000110100100	4	2
14329	-6.3	1010000110100101	4	1
14330	-4.9	1010000110100110	4	1
14337	-4.9	1010000101100110	4	1
14341	-4.6	0010000110000100	5	2
14353	-4.6	0100010110000001	4	1
14393	-4.9	0010000110100101	4	2
14394	-4.6	0010000110100110	5	2
14401	-4.6	0010000101100110	5	2
14405	-4.6	0100000110000010	5	1
14416	-4.6	0010010110000001	4	1
14456	-4.9	0100000110100101	4	1
14457	-4.6	0100000110100110	5	1
14464	-4.6	0100000101100110	5	1
14468	-4.6	0110000110000110	5	2
14478	-4.6	0110010110000001	4	1
14518	-4.9	0110000110100101	4	1
14519	-4.6	0110000110100110	5	2
14526	-4.6	1101100001100110	3	2
14530	-4.6	0010000110000100	6	2
14535	-4.3	0100001110000011	4	1
14539	-4.6	0100001110000001	4	1
14579	-4.9	0010000110100101	4	2
14591	-4.6	0110000110000110	6	2
14595	-4.3	0110001110000011	4	1
14599	-4.6	0110001110000001	4	1
14639	-4.9	0110000110100101	4	1
14725	-5.2	1000010001100110	4	1
14804	-5.2	1000001001100110	4	1
14883	-5.2	1000011001100110	4	1
14888	-4.3	1100000110000011	4	1
14889	-4.3	1100000110000011	4	1
14905	-6	1100000110000011	4	1
14906	-4.6	1100000110000100	4	2
14907	-4.6	1100000110000010	4	1
14908	-4.6	1100000110000110	4	1
14909	-4.6	1100000110000100	4	2
14910	-4.6	1100000110000110	4	1
14926	-4.3	1100000110000110	4	1
14937	-4.6	1100000110100010	4	1
14939	-4.6	1100000111000100	4	2
14949	-4.6	1100000110100010	4	1
14950	-4.6	1100000111000010	4	1
14952	-4.6	1100000110100100	4	2
14953	-4.6	1100000110100100	4	2
14977	-4.6	1100000110100110	4	1
14987	-4.6	1100000110100110	4	1
14992	-4.6	1100000110100110	4	1
14995	-4.9	1100000111100110	4	1
14998	-6.6	1100000111111111	4	1
14999	-4.3	1100000110000011	4	1
15027	-4.3	1100000110000110	4	1
15077	-4.6	1100000110100110	4	1
15083	-4.6	1100000110100110	4	1
15087	-4.9	1100000111100110	4	1
15090	-6.6	1100000111111111	4	1
15091	-2.9	0100010000100010	4	1
15099	-4.3	0010000110000101	3	2
15101	-4.3	0010000110000100	3	2
15102	-4.3	0010000110000010	3	2
15103	-4.3	0010000110000110	3	2
15106	-4.6	0010000110000011	4	2
15107	-4.3	0010000110000100	5	2
15108	-4.3	0010000110000010	5	2
15109	-4.3	0010000110000110	5	2
15113	-2.9	0100010000100010	4	1
15121	-4.3	0010000110000101	3	2
15122	-4.3	0010000110000011	3	2
15123	-4.3	0010000110000100	3	2
15124	-4.3	0010000110000010	3	2
15125	-4.3	0010000110000110	3	2
15126	-4.6	0010000110000001	3	1
15140	-4.3	0010000111000100	5	2
15142	-4.3	0010000111000100	3	2
15151	-4.3	0010000111000010	5	2
15162	-4.3	0010000111000010	3	2
15177	-4.3	0010000111000011	3	2
15180	-4.3	0010000111000110	3	2
15181	-4.3	0010000111000101	3	2
15182	-4.3	0010000111000110	3	2
15192	-4.6	0010000110100101	3	2
15200	-2.9	0010010000100100	4	2
15207	-4.3	0100000110000101	3	1
15209	-4.3	0100000110000100	3	2
15210	-4.3	0100000110000010	3	1
15211	-4.3	0100000110000110	3	1
15214	-4.6	0100000110000011	4	1
15215	-4.3	0100000110000100	5	2
15216	-4.3	0100000110000010	5	1
15217	-4.3	0100000110000110	5	1
15222	-2.9	0010010000100100	4	2
15229	-4.3	0100000110000101	3	1
15230	-4.3	0100000110000011	3	1
15231	-4.3	0100000110000100	3	2
15232	-4.3	0100000110000010	3	1
15233	-4.3	0100000110000110	3	1
15234	-4.6	0100000110000001	3	1
15248	-4.3	0100000111000100	5	2
15250	-4.3	0100000111000100	3	2
15259	-4.3	0100000111000010	5	1
15270	-4.3	0100000111000010	3	1
15285	-4.3	0100000111000011	3	1
15288	-4.3	0100000111000110	3	1
15289	-4.3	0100000111000101	3	1
15290	-4.3	0100000111000110	3	1
15300	-4.6	0100000110100101	3	1
15311	-4.3	0110000110000101	3	1
15312	-4.6	0110000110000011	4	1
15313	-4.3	0110000110000100	5	2
15314	-4.3	0110000110000010	5	1
15315	-4.3	0110000110000110	5	2
15324	-4.3	0110000111000100	5	2
15329	-4.3	0110000111000010	5	1
15341	-4.9	1000000110000001	4	1
15343	-4.3	1000000110000100	2	1
15344	-4.3	1000000110000010	2	1
15345	-4.3	1000000110000110	2	1
15353	-6.3	1000000110000011	4	1
15354	-4.9	1000000110000100	4	1
15355	-4.9	1000000110000010	4	1
15356	-4.9	1000000110000110	4	1
15357	-4.9	1000000110000100	4	1
15358	-4.9	1000000110000110	4	1
15365	-4.3	1000000110000100	2	1
15366	-4.3	1000000110000010	2	1
15367	-4.3	1000000110000110	2	1
15374	-4.6	1000000110000110	4	1
15380	-4.3	1000000111000010	2	1
15385	-4.9	1000000110100010	4	1
15386	-4.3	1000000111000100	2	1
15387	-4.9	1000000111000100	4	1
15388	-4.3	1000000111000100	2	1
15397	-4.9	1000000110100010	4	1
15398	-4.9	1000000111000010	4	1
15400	-4.9	1000000110100100	4	1
15401	-4.9	1000000110100100	4	1
15413	-4.3	1000000111000110	2	1
15416	-4.9	1000000110011100	4	1
15425	-4.9	1000000110100110	4	1
15431	-4.9	1000000110011010	4	1
15435	-4.9	1000000110100110	4	1
15440	-4.9	1000000110100110	4	1
15443	-5.2	1000000111100110	4	1
15446	-6.9	1000000111111111	4	1
15453	-4.6	0011100000011100	6	2
15477	-4.3	1100001110000110	4	1
15540	-6.6	1100001111111111	4	1
15541	-4	0010000110000100	6	2
15544	-4.3	0010000110000101	6	2
15550	-4.3	0010000111000001	2	1
15551	-4.6	0010000110000011	4	2
15561	-4.3	0010000110000101	2	2
15562	-4.3	0010000110000011	2	2
15563	-4	0010000110000100	6	2
15566	-4.3	0010000110000101	6	2
15567	-4.3	0010000110000011	6	2
15616	-4.3	0010000111000101	2	2
15622	-4.3	0010000111000011	6	2
15626	-4.3	0010000111000101	6	2
15645	-4	0100000110000010	6	1
15647	-4.3	0100000110000101	6	1
15653	-4.3	0100000111000001	2	1
15654	-4.6	0100000110000011	4	1
15664	-4.3	0100000110000101	2	1
15665	-4.3	0100000110000011	2	1
15667	-4	0100000110000010	6	1
15669	-4.3	0100000110000101	6	1
15670	-4.3	0100000110000011	6	1
15719	-4.3	0100000111000101	2	1
15725	-4.3	0100000111000011	6	1
15729	-4.3	0100000111000101	6	1
15748	-4.3	0110000110000101	6	1
15749	-4.6	0110000110000011	4	1
15777	-4.3	0011100001100110	3	2
15778	-4.6	1010000110000100	3	2
15779	-4.6	1010000110000010	3	1
15780	-4.6	1010000110000110	3	1
15781	-4.3	1010000111000100	6	2
15782	-4.3	1010000111000010	3	1
15784	-4.6	1010000111000110	3	1
15791	-4.6	0011100000011100	5	2
15869	-4.6	0011100001100110	5	2
15875	-6.6	1100010111111111	4	1
15876	-4.9	0010000110000011	4	2
15877	-4.6	0010000110000100	5	2
15878	-4.6	0010000110000010	5	2
15879	-4.6	0010000110000110	5	2
15888	-4.6	0010000111000100	5	2
15890	-4.3	0010000111000010	3	2
15892	-4.6	0010000110100010	5	2
15893	-4.6	0010000111000010	5	2
15894	-4.6	0010000110100100	5	2
15897	-4.6	0010000110100101	3	2
15902	-4.6	0010000110100110	5	2
15905	-4.9	0100000110000011	4	1
15906	-4.6	0100000110000100	5	2
15907	-4.6	0100000110000010	5	1
15908	-4.6	0100000110000110	5	1
15917	-4.6	0100000111000100	5	2
15919	-4.3	0100000111000010	3	1
15921	-4.6	0100000110100010	5	1
15922	-4.6	0100000111000010	5	1
15923	-4.6	0100000110100100	5	2
15926	-4.6	0100000110100101	3	1
15931	-4.6	0100000110100110	5	1
15934	-4.9	0110000110000011	4	1
15935	-4.6	0110000110000100	5	2
15936	-4.6	0110000110000010	5	1
15937	-4.6	0110000110000110	5	2
15946	-4.6	0110000111000100	5	2
15948	-4.3	0110000111000010	3	1
15950	-4.6	0110000110100010	5	1
15951	-4.6	0110000111000010	5	1
15952	-4.6	0110000110100100	5	2
15955	-4.6	0110000110100101	3	1
15959	-4.6	0110000110100110	5	2
15961	-4.9	1000010110100001	4	1
15981	-4.6	1000010110000110	4	1
16031	-4.9	1000010110100110	4	1
16037	-4.9	1000010110100110	4	1
16038	-4.6	0001110001100110	5	2
16041	-5.2	1000010111100110	4	1
16044	-6.9	1000010111111111	4	1
16045	-4.9	1000001111000001	4	1
16055	-4.3	1000001110000100	2	1
16056	-4.3	1000001110000010	2	1
16057	-4.3	1000001110000110	2	1
16064	-4.6	1000001110000110	4	1
16114	-4.9	1000001110100110	4	1
16120	-4.9	1000001110100110	4	1
16124	-5.2	1000001111100110	4	1
16127	-6.9	1000001111111111	4	1
16128	-6.3	1100000110000011	4	1
16140	-4.6	1100000111000100	4	2
16142	-4.6	1100000111000010	4	1
16159	-4.9	1100000111000110	4	1
16169	-4.9	1100000101100110	4	1
16173	-4.6	0010000110000100	5	2
16186	-4.3	0010000111000010	5	2
16203	-4.6	0010000111000110	5	2
16213	-4.6	0010000101100110	5	2
16217	-4.6	0100000110000010	5	1
16229	-4.3	0100000111000010	5	1
16246	-4.6	0100000111000110	5	1
16256	-4.6	0100000101100110	5	1
16260	-4.6	0110000110000110	5	2
16271	-4.3	0110000111000010	5	1
16288	-4.6	0110000111000110	5	2
16298	-4.6	1011100001100110	3	2
16302	-4.6	0010000110000100	6	2
16343	-4.6	0110000110000110	6	2
16446	-5.2	1000010001100110	4	1
16514	-5.2	1000001001100110	4	1
16582	-5.2	1000011001100110	4	1
16587	-4.3	1110000110000111	4	1
16602	-4.3	1110000110000110	4	1
16652	-4.6	1110000110100110	4	1
16658	-4.6	1110000110100110	4	1
16662	-4.9	1110000111100110	4	1
16665	-6.6	1110000111111111	4	1
16666	-2.9	0100010000100010	4	1
16674	-4.3	0010000110000101	3	2
16675	-4.3	0010000110000011	3	2
16676	-4.3	0010000110000100	3	2
16677	-4.3	0010000110000010	3	2
16678	-4.3	0010000110000110	3	2
16679	-4.6	0010000110000001	3	1
16689	-4.3	0010000111000100	3	2
16704	-4.3	0010000111000010	3	2
16718	-4.3	0010000111000011	3	2
16721	-4.3	0010000111000101	3	2
16722	-4.3	0010000111000110	3	2
16735	-4.6	0010000110100101	3	2
16744	-2.9	0010010000100100	4	2
16751	-4.3	0100000110000101	3	1
16752	-4.3	0100000110000011	3	1
16753	-4.3	0100000110000100	3	2
16754	-4.3	0100000110000010	3	1
16755	-4.3	0100000110000110	3	1
16756	-4.6	0100000110000001	3	1
16766	-4.3	0100000111000100	3	2
16781	-4.3	0100000111000010	3	1
16795	-4.3	0100000111000011	3	1
16798	-4.3	0100000111000101	3	1
16799	-4.3	0100000111000110	3	1
16812	-4.6	0100000110100101	3	1
16821	-2.9	0110010000100110	4	1
16827	-4.3	0110000110000101	3	1
16828	-4.3	0110000110000011	3	1
16829	-4.3	0110000110000100	3	2
16830	-4.3	0110000110000010	3	1
16831	-4.3	0110000110000110	3	2
16832	-4.6	0110000110000001	3	1
16842	-4.3	0110000111000100	3	2
16857	-4.3	0110000111000010	3	1
16871	-4.3	0110000111000011	3	1
16874	-4.3	0110000111000101	3	1
16875	-4.3	0110000111000110	3	2
16888	-4.6	0110000110100101	3	1
16897	-4.9	1010000110000101	4	1
16899	-4.3	1010000110000100	2	2
16900	-4.3	1010000110000010	2	1
16901	-4.3	1010000110000110	2	1
16908	-4.6	1010000110000110	4	1
16912	-4.3	1010000111000010	2	1
16915	-4.3	1010000111000100	2	2
16916	-4.3	1010000111000100	2	2
16938	-4.3	1010000111000110	2	1
16958	-4.9	1010000110100110	4	1
16964	-4.9	1010000110100110	4	1
16968	-5.2	1010000111100110	4	1
16971	-6.9	1010000111111111	4	1
16972	-4.9	1100000110000011	4	1
16973	-4.3	1100000110000100	2	2
16974	-4.3	1100000110000010	2	1
16975	-4.3	1100000110000110	2	1
16982	-4.6	1100000110000110	4	1
16986	-4.3	1100000111000010	2	1
16989	-4.3	1100000111000100	2	2
16990	-4.3	1100000111000100	2	2
17012	-4.3	1100000111000110	2	1
17032	-4.9	1100000110100110	4	1
17038	-4.9	1100000110100110	4	1
17042	-5.2	1100000111100110	4	1
17045	-6.9	1100000111111111	4	1
17046	-4	0010000110000100	6	2
17049	-4.3	0010000110000101	6	2
17050	-4.3	0010000110000011	6	2
17090	-4.3	0010000111000101	2	2
17093	-4.3	0010000111000011	6	2
17096	-4.3	0010000111000101	6	2
17119	-4	0100000110000010	6	1
17121	-4.3	0100000110000101	6	1
17122	-4.3	0100000110000011	6	1
17162	-4.3	0100000111000101	2	1
17165	-4.3	0100000111000011	6	1
17168	-4.3	0100000111000101	6	1
17191	-4	0110000110000110	6	2
17192	-4.3	0110000110000101	6	1
17193	-4.3	0110000110000011	6	1
17233	-4.3	0110000111000101	2	1
17236	-4.3	0110000111000011	6	1
17239	-4.3	0110000111000101	6	1
17262	-4.9	1010000110000101	4	1
17264	-4.6	1010000110000100	3	2
17265	-4.6	1010000110000010	3	1
17266	-4.6	1010000110000110	3	1
17268	-4.6	1010000110000110	4	1
17269	-4.3	1010000111000100	3	2
17272	-4.3	1010000111000010	6	1
17275	-4.3	1010000111000100	6	2
17276	-4.3	1010000111000100	6	2
17277	-4.6	1010000111000100	3	2
17278	-4.3	1010000111000010	3	1
17279	-4.3	1010000111000010	3	1
17288	-4.6	1010000110100100	3	2
17289	-4.3	1010000111000110	3	1
17291	-4.6	1010000110100010	3	1
17292	-4.6	1010000111000010	3	1
17298	-4.3	1010000111000110	6	1
17310	-4.6	1010000111000110	3	1
17318	-4.9	1010000110100110	4	1
17322	-4.6	1010000110100110	3	1
17324	-4.9	1010000110100110	4	1
17325	-4.6	1010000101100110	3	1
17328	-5.2	1010000111100110	4	1
17331	-6.9	1010000111111111	4	1
17332	-4.9	1100000110000011	4	1
17333	-4.6	1100000110000100	3	2
17334	-4.6	1100000110000010	3	1
17335	-4.6	1100000110000110	3	1
17337	-4.6	1100000110000110	4	1
17338	-4.3	1100000111000100	3	2
17341	-4.3	1100000111000010	6	1
17344	-4.3	1100000111000100	6	2
17345	-4.3	1100000111000100	6	2
17346	-4.6	1100000111000100	3	2
17347	-4.3	1100000111000010	3	1
17348	-4.3	1100000111000010	3	1
17357	-4.6	1100000110100100	3	2
17358	-4.3	1100000111000110	3	1
17360	-4.6	1100000110100010	3	1
17361	-4.6	1100000111000010	3	1
17367	-4.3	1100000111000110	6	1
17379	-4.6	1100000111000110	3	1
17387	-4.9	1100000110100110	4	1
17391	-4.6	1100000110100110	3	1
17393	-4.9	1100000110100110	4	1
17394	-4.6	1100000101100110	3	1
17397	-5.2	1100000111100110	4	1
17400	-6.9	1100000111111111	4	1
17401	-4.6	0010000110000100	3	2
17404	-4.9	0010000110000001	3	1
17406	-4.3	0010000111000100	3	2
17415	-4.3	0010000111000010	3	2
17416	-4.3	0010000111000010	3	2
17426	-4.3	0010000111000110	3	2
17442	-4.6	0010000110100011	3	2
17443	-4.6	0010000111000011	3	2
17446	-4.6	0010000111000101	3	2
17451	-4.6	0010000110100101	3	2
17452	-4.6	0010000110100101	3	2
17455	-4.6	0010000110100110	5	2
17458	-4.6	0010000110100111	3	2
17460	-4.9	0010000110100101	3	2
17461	-4.6	0010000110100110	5	2
17466	-4.9	0010000110011001	3	2
17467	-4.9	0010000111100111	3	2
17468	-5.5	0010000111111111	4	2
17469	-4.6	0100000110000010	3	1
17471	-4.9	0100000110000001	3	1
17473	-4.3	0100000111000100	3	2
17482	-4.3	0100000111000010	3	1
17483	-4.3	0100000111000010	3	1
17493	-4.3	0100000111000110	3	1
17509	-4.6	0100000110100011	3	1
17510	-4.6	0100000111000011	3	1
17513	-4.6	0100000111000101	3	1
17518	-4.6	0100000110100101	3	1
17519	-4.6	0100000110100101	3	1
17522	-4.6	0100000110100110	5	1
17525	-4.6	0100000110100111	3	1
17527	-4.9	0100000110100101	3	1
17528	-4.6	0100000110100110	5	1
17533	-4.9	0100000110011001	3	1
17534	-4.9	0100000111100111	3	1
17535	-5.5	0100000111111111	4	1
17536	-4.6	0110000110000110	3	2
17537	-4.9	0110000110000001	3	1
17539	-4.3	0110000111000100	3	2
17548	-4.3	0110000111000010	3	1
17549	-4.3	0110000111000010	3	1
17559	-4.3	0110000111000110	3	2
17575	-4.6	0110000110100011	3	1
17576	-4.6	0110000111000011	3	1
17579	-4.6	0110000111000101	3	1
17584	-4.6	0110000110100101	3	1
17585	-4.6	0110000110100101	3	1
17588	-4.6	0110000110100110	5	2
17591	-4.6	0110000110100111	3	2
17593	-4.9	0110000110100101	3	1
17594	-4.6	0110000110100110	5	2
17599	-4.9	0110000110011001	3	2
17600	-4.9	0110000111100111	3	2
17601	-5.5	0110000111111111	4	2
17602	-5.5	1000000110000001	4	1
17603	-4.9	1000000110000110	4	1
17604	-4.6	1000000111000100	3	1
17605	-4.6	1000000110100100	3	1
17612	-4.9	1000000111000100	3	1
17613	-4.6	1000000111000010	3	1
17614	-4.6	1000000111000010	3	1
17615	-4.6	1000000110100010	3	1
17616	-4.6	1000000110100010	3	1
17623	-4.9	1000000110100100	3	1
17624	-4.6	1000000111000110	3	1
17625	-4.6	1000000110100110	3	1
17626	-4.9	1000000110100010	3	1
17627	-4.9	1000000111000010	3	1
17637	-4.9	1000000110011100	3	1
17645	-4.9	1000000111000110	3	1
17648	-4.9	1000000110011010	3	1
17653	-5.2	1000000110100110	4	1
17657	-4.9	1000000110100110	3	1
17659	-5.2	1000000110100110	4	1
17660	-4.9	1000000101100110	3	1
17661	-4.9	1000000111100110	3	1
17662	-4.9	1000000110011110	3	1
17663	-5.5	1000000111100110	4	1
17666	-7.2	1000000111111111	4	1
17736	-4.6	0110000111000101	4	1
17737	-4.6	0110000110100101	4	1
17738	-4.6	0110000110100011	4	1
17739	-4.6	0110000111000011	4	1
17741	-4.6	0110000110100011	4	1
17742	-4.6	0110000111000101	4	1
17749	-4.6	0110000110100101	4	1
17750	-4.6	0110000110100101	4	1
17754	-4.6	0110000110100111	4	1
17756	-4.9	0110000110100101	4	1
17764	-4.9	0110000110011001	4	1
17765	-4.9	0110000111100111	4	1
17770	-4.9	1110000101100110	4	2
17775	-4.6	0010000101100110	5	2
17780	-4.6	0100000101100110	5	1
17785	-4.6	0110000101100110	5	2
17790	-5.2	1110000101100110	4	2
17820	-5.5	1000000101100110	4	1
17826	-4.3	0100010000111001	2	1
17842	-4.6	0100010000100010	6	1
17921	-4.6	0100010000100010	5	1
17976	-4.6	0100010001100110	5	1
17989	-4.6	0010001001000100	5	2
18043	-4.6	0010001001100110	5	2
18050	-4.6	0010001001000100	6	2
18118	-6.3	1100010000100011	4	1
18170	-4.9	1100010001100110	4	1
18193	-4.6	1100010001100110	3	1
18217	-4.9	0010001110100101	4	2
18271	-5.2	1100010001100110	4	1
18276	-4.6	0100001001000010	6	1
18278	-4.6	0100001001000010	6	1
18359	-4.9	0100010110100101	4	1
18371	-4.6	0100001001000010	6	1
18473	-4.9	0010001110100101	3	2
18495	-4.3	0010010000111001	2	2
18510	-4.6	0010010000100100	6	2
18511	-4.6	0010010000100100	6	2
18566	-4.6	0010010000100100	6	2
18619	-4.6	0010010000100100	5	2
18620	-4.6	0010010000100100	5	2
18665	-4.9	0100010110100101	4	1
18676	-4.6	0010010000100100	5	2
18720	-4.6	0010010001100110	5	2
18728	-4.6	0010010001011001	3	2
18729	-4.6	0010010010100110	5	2
18732	-5.5	0010010011111111	4	2
18733	-5.2	0010010000100100	5	2
18788	-6.3	1010010000100101	4	1
18830	-4.9	1010010001100110	4	1
18837	-4.6	0100001001000010	5	1
18843	-4.6	0100001001000010	5	1
18878	-4.9	0010010110100101	4	2
18890	-4.6	1010010001100110	3	1
18907	-4.9	0010010110100101	4	2
18934	-4.9	0010010110100101	4	2
18979	-5.2	1010010001100110	4	1
19000	-4.9	0100010110100101	4	1
19024	-4.9	0100001110100101	4	1
19067	-5.2	1010010001100110	4	1
19072	-4.6	0100001001000010	5	1
19110	-4.6	0100001001100110	5	1
19152	-4.9	0010010110100101	3	2
19176	-4.3	0110010000111001	2	1
19187	-4.6	0110010000100110	6	1
19231	-4.6	1010001001100110	3	1
19234	-4.6	1100001001100110	3	1
19235	-4.6	0110010000100110	5	2
19270	-4.6	0110010001100110	5	2
19278	-4.6	0100001001011001	3	1
19279	-4.6	0100001010100110	5	1
19282	-5.5	0100001011111111	4	1
19315	-4.9	0100010110100101	3	1
19355	-4.9	0100001110100101	3	1
19364	-6.3	1010001001000101	4	1
19396	-4.9	1010001001100110	4	1
19403	-6.3	1100001001000011	4	1
19434	-4.9	1100001001100110	4	1
19441	-4.6	0110001001000110	5	2
19471	-4.6	0110001001100110	5	2
19500	-5.2	1010001001100110	4	1
19527	-5.2	1100001001100110	4	1
19532	-4.6	0110001001000110	6	2
19587	-5.2	1010001001100110	4	1
19613	-5.2	1100001001100110	4	1
19623	-5.2	0100001001000010	5	1
19674	-6.3	1100010110100011	4	1
19679	-6.3	1100010110100101	4	1
19680	-4.9	1100010110100110	4	1
19687	-4.9	1100010101100110	4	1
19691	-6.3	1100011001100011	4	1
19714	-4.9	1100011001100110	4	1
19721	-4.9	1010001111000101	4	1
19736	-4.9	1010001110100110	4	1
19742	-4.9	1010001110100110	4	1
19746	-5.2	1010001111100110	4	1
19749	-6.9	1010001111111111	4	1
19756	-4.9	1010010110100101	4	1
19770	-4.9	1010010110100110	4	1
19776	-4.9	1010010110100110	4	1
19777	-4.6	0101110001100110	5	2
19780	-5.2	1010010111100110	4	1
19783	-6.9	1010010111111111	4	1
19786	-4.9	1100010110100011	4	1
19799	-4.9	1100010110100110	4	1
19805	-4.9	1100010110100110	4	1
19809	-5.2	1100010111100110	4	1
19812	-6.9	1100010111111111	4	1
19813	-4.9	1100001111000011	4	1
19825	-4.9	1100001110100110	4	1
19831	-4.9	1100001110100110	4	1
19835	-5.2	1100001111100110	4	1
19838	-6.9	1100001111111111	4	1
19843	-4.9	0110001110100101	4	1
19851	-4.6	1101110001100110	3	2
19868	-5.2	1100011001100110	4	1
19873	-4.9	1100010110100011	4	1
19883	-4.9	1100010110100110	4	1
19889	-4.9	1100010110100110	4	1
19890	-4.6	0011110001100110	5	2
19893	-5.2	1100010111100110	4	1
19896	-6.9	1100010111111111	4	1
19902	-4.9	1010001111000101	4	1
19911	-4.9	1010001110100110	4	1
19917	-4.9	1010001110100110	4	1
19921	-5.2	1010001111100110	4	1
19924	-6.9	1010001111111111	4	1
19938	-4.9	0110001110100101	3	1
19952	-6.3	1001101001011001	4	1
19965	-6.3	1001101001011001	4	1
19978	-4.9	1001101001100110	4	2
19986	-4.6	1001101001100110	3	1
19987	-6.3	1010010110100101	4	1
19988	-6.3	1010010110100101	4	1
19989	-4.9	1010010110100110	4	1
19996	-4.9	1010010101100110	4	1
20000	-6.3	1010011001100101	4	1
20012	-4.9	1010011001100110	4	1
20021	-4.9	1010010101100110	4	1
20024	-4.9	1010010110100101	4	1
20025	-4.9	1010010110100101	4	1
20028	-4.9	1010010110100110	4	1
20029	-6.6	1010010110100101	4	1
20033	-4.9	1010010110100110	4	1
20036	-5.2	1010010111100110	4	1
20039	-6.9	1010010111111111	4	1
20040	-4.9	1010010110100101	4	1
20043	-4.9	1010010110100110	4	1
20049	-4.9	1010010110100110	4	1
20053	-5.2	1010010111100110	4	1
20056	-6.9	1010010111111111	4	1
20058	-5.2	0110010110100101	4	1
20060	-5.2	0101101001011010	5	2
20075	-6.9	1010011111111111	4	1
20081	-4.9	1101101001100110	4	2
20090	-4.9	0110010110100111	4	1
20092	-5.2	0110010110100101	4	1
20101	-5.2	0110010110011001	4	1
20102	-5.2	0110010111100111	4	1
20105	-6.9	1010010110100101	4	1
20109	-5.2	1010010101100110	4	1
20116	-5.2	1010011001100110	4	1
20124	-5.2	1010011001100110	4	1
20129	-4.9	1110010110100111	4	1
20132	-4.9	1110010110100110	4	1
20136	-5.2	1110010111100110	4	1
20139	-6.9	1110010111111111	4	1
20141	-4.9	0110010110100101	3	1
20150	-5.5	1010010110100101	4	1
20151	-5.2	1010010110100110	4	1
20152	-4.9	1010010101100110	3	1
20155	-5.5	1010010111100110	4	1
20158	-7.2	1010010111111111	4	1
20160	-4.9	1110010101100110	4	1
20165	-4.6	0110010101100110	5	1
20169	-5.2	0110010110011001	4	1
20170	-5.2	0110010111100111	4	1
20178	-4.9	0110011001100111	4	2
20182	-5.5	0110011011100111	4	2
20183	-5.5	0110011011111111	4	1
20184	-5.2	0110011001100110	5	2
20190	-6.3	1110011001100111	4	1
20196	-5.5	0110011110011001	4	1
20197	-5.5	0110011111100111	4	1
20200	-6.3	1001111001111001	4	1
20202	-7.2	1001100111111111	4	2
20203	-5.5	1110011111100111	4	1
20204	-7.2	1110011111111111	4	1
