114	-4	00010010	0	0
248	-4	00010010	0	0
263	-4	00010010	0	0
883	-4.3	0000000001011001	5	2
890	-4.6	0000000000000001	3	2
905	-4.6	0000000000000101	3	2
910	-4.6	0000000000100001	3	2
911	-4.6	0000000001000001	3	2
912	-4.6	0000000001100001	3	2
942	-4.6	0000000001011001	3	2
943	-4.6	0000000001100101	3	2
946	-4.6	0000000000000000	5	2
947	-4.6	0000000000000000	5	2
950	-4.6	0000000000000001	3	2
951	-4.6	0000000000000001	3	2
973	-4.6	0000000000000101	3	2
974	-4.6	0000000000000011	3	2
975	-4.6	0000000000000011	3	2
987	-4.6	0000000000000101	3	2
994	-4.6	0000000000000111	3	2
1003	-4.6	0000000001100001	3	2
1004	-4.6	0000000010000001	3	2
1005	-4.6	0000000000100001	3	2
1006	-4.6	0000000001000001	3	2
1007	-4.6	0000000001100001	3	2
1021	-4.6	0000000010000101	3	2
1072	-4.6	0000000001000101	3	2
1073	-4.6	0000000000100011	3	2
1086	-4.6	0000000000100101	3	2
1087	-4.6	0000000000100101	3	2
1101	-4.6	0000000001000101	3	2
1102	-4.6	0000000001000011	3	2
1106	-4.6	0000000001100011	3	2
1107	-4.6	0000000010100011	3	2
1108	-4.6	0000000001100011	3	2
1121	-4.6	0000000001011001	3	2
1122	-4.6	0000000010100101	3	2
1123	-4.6	0000000001100101	3	2
1133	-4.6	0000000001100111	3	2
1135	-4.6	0000000001111001	3	2
1138	-4.6	0000000000000000	5	2
1142	-4.6	0000000000000001	3	2
1143	-4.6	0000000000000001	3	2
1144	-4.6	0000000000000001	3	2
1165	-4.6	0000000000000011	3	2
1166	-4.6	0000000000000011	3	2
1178	-4.6	0000000000000101	3	2
1179	-4.6	0000000000000101	3	2
1187	-4.6	0000000000000111	3	2
1198	-4.6	0000000000100001	3	2
1199	-4.6	0000000001000001	3	2
1200	-4.6	0000000000100001	3	2
1201	-4.6	0000000001000001	3	2
1202	-4.6	0000000001100001	3	2
1253	-4.6	0000000000100011	3	2
1263	-4.6	0000000000100101	3	2
1273	-4.6	0000000001000101	3	2
1274	-4.6	0000000001000011	3	2
1282	-4.6	0000000001100011	3	2
1291	-4.6	0000000001011001	3	2
1292	-4.6	0000000001011001	3	2
1293	-4.6	0000000001100101	3	2
1297	-4.6	0000000001011011	3	2
1307	-4.6	0000000001100111	3	2
1309	-4.6	0000000001111001	3	2
1314	-4.6	0000000011100000	4	2
1316	-4.3	0000000010100110	4	2
1317	-4.6	0000000011100110	4	2
1324	-4.3	0000000010100000	4	2
1326	-4.6	0000000011100000	4	2
1331	-4.3	0000000010100110	4	2
1333	-4.6	0000000011100110	4	2
1335	-4.6	0000000000000000	4	2
1336	-4.6	0000000000000000	4	2
1529	-4.6	0000000000000000	4	2
1565	-4.3	0000000000100000	4	2
1694	-4.6	0000000001100110	4	2
1706	-4.6	0000000010100000	4	2
1712	-4.6	0000000001011001	5	2
1713	-4.6	0000000010100110	4	2
1717	-5.2	0000000000000000	4	2
1752	-4.6	0000000000100000	4	2
1904	-4.3	1000000000000001	7	1
1913	-4.6	1000000000000010	3	1
1914	-4.6	1000000000000010	3	1
1915	-4.6	1000000001000000	3	2
1918	-4.6	1000000001000000	3	2
1921	-4.6	1000000000100000	3	1
1922	-4.6	1000000001100000	3	1
1923	-4.6	1000000000100000	3	1
1924	-4.6	1000000001100000	3	1
1927	-4.6	1000000000000100	3	1
1928	-4.6	1000000000000100	3	1
1933	-4.6	1000000000000110	3	1
1936	-4.6	1000000000000110	3	1
1941	-4.6	1000000000011000	3	2
1942	-4.6	1000000000011000	3	2
1958	-4.6	1000000000011010	3	1
1969	-4.6	1000000001011000	3	1
1971	-4.6	1000000000011100	3	1
1972	-4.6	1000000000011100	3	1
1973	-4.6	1000000000111000	3	1
1976	-4.6	1000000000111000	3	1
1992	-4.6	1000000000100010	3	1
1993	-4.6	1000000000100010	3	1
1994	-4.6	1000000001000100	3	1
1997	-4.6	1000000001000100	3	1
1999	-4.6	1000000001000010	3	1
2000	-4.6	1000000001100010	3	1
2001	-4.6	1000000001000010	3	1
2002	-4.6	1000000001100010	3	1
2003	-4.6	1000000000100100	3	1
2004	-4.6	1000000000100100	3	1
2010	-4.6	1000000001000110	3	1
2013	-4.6	1000000000100110	3	1
2014	-4.6	1000000000100110	3	1
2015	-4.6	1000000001100100	3	1
2018	-4.6	1000000001100100	3	1
2022	-4.6	1000000001000110	3	1
2026	-4.6	1000000000111010	3	1
2027	-4.6	1000000001011100	3	1
2029	-4.6	1000000001100110	3	1
2031	-4.6	1000000001011100	3	1
2033	-4.6	1000000001011010	3	1
2034	-4.6	1000000001100110	3	1
2048	-4.3	1000000000000001	7	1
2058	-4.6	1000000000000010	3	1
2062	-4.6	1000000001000000	3	2
2068	-4.6	1000000000100000	3	1
2069	-4.6	1000000001100000	3	1
2072	-4.6	1000000000000100	3	1
2080	-4.6	1000000000000110	3	1
2086	-4.6	1000000000011000	3	2
2087	-4.6	1000000000011000	3	2
2098	-4.6	1000000000011010	3	1
2103	-4.6	1000000001011000	3	1
2110	-4.6	1000000000011100	3	1
2120	-4.6	1000000000111000	3	1
2137	-4.6	1000000000100010	3	1
2141	-4.6	1000000001000100	3	1
2145	-4.6	1000000001000010	3	1
2146	-4.6	1000000001000010	3	1
2147	-4.6	1000000001100010	3	1
2149	-4.6	1000000000100100	3	1
2150	-4.6	1000000000100100	3	1
2158	-4.6	1000000000100110	3	1
2162	-4.6	1000000001100100	3	1
2166	-4.6	1000000001000110	3	1
2169	-4.6	1000000000111010	3	1
2175	-4.6	1000000001011100	3	1
2177	-4.6	1000000001100110	3	1
2178	-4.6	1000000001011010	3	1
2179	-4.6	1000000001100110	3	1
2192	-4.3	1000000000000001	7	1
2199	-4.9	1000000000000001	4	1
2207	-4.6	1000000000000010	3	1
2209	-4.3	1000000001000000	3	2
2211	-4.6	1000000001000000	3	2
2216	-4.9	1000000000000011	4	1
2217	-4.6	1000000000100000	3	1
2218	-4.6	1000000001100000	3	1
2219	-4.6	1000000011000000	3	2
2222	-4.6	1000000000000100	3	1
2229	-4.9	1000000000000101	4	1
2233	-4.6	1000000000000110	3	1
2240	-4.6	1000000000011000	3	2
2241	-4.6	1000000000011000	3	2
2255	-4.6	1000000000011010	3	1
2262	-4.6	1000000001011000	3	1
2272	-4.6	1000000000011100	3	1
2277	-4.6	1000000000111000	3	1
2278	-4.9	1000000000100001	4	1
2279	-4.9	1000000001000001	4	1
2280	-4.9	1000000001100001	4	1
2297	-4.6	1000000000100010	3	1
2300	-4.6	1000000001000100	3	1
2303	-4.6	1000000001000010	3	1
2304	-4.6	1000000001000010	3	1
2305	-4.6	1000000001100010	3	1
2306	-4.6	1000000000100100	3	1
2307	-4.6	1000000000100100	3	1
2314	-4.9	1000000000100101	4	1
2317	-4.6	1000000000100110	3	1
2320	-4.6	1000000001100100	3	1
2324	-4.9	1000000001000101	4	1
2325	-4.9	1000000001000011	4	1
2326	-4.6	1000000001000110	3	1
2331	-4.6	1000000000111010	3	1
2334	-4.6	1000000001011100	3	1
2337	-4.6	1000000001011010	3	1
2338	-4.6	1000000001100110	3	1
2348	-4.9	1000000001100101	4	1
2359	-5.2	1000000011111111	4	1
2364	-4.3	0000000110000000	4	2
2442	-4.3	0000000110000100	4	2
2443	-4.3	0000000110000010	4	2
2444	-4.3	0000000110000110	4	2
2486	-4.3	0000000111000100	4	2
2502	-4.3	0000000111000010	4	2
2524	-4.3	0000000111000110	4	2
2549	-4	0000000110000000	5	2
2556	-4	0000000110000000	5	2
2602	-4.3	0000000110000001	3	2
2618	-4.3	0000000110000001	5	2
2623	-4.3	0000000110000001	5	2
2625	-4.3	0000000111000001	5	2
2629	-4.3	0000000110000101	3	2
2657	-4.3	0000000110000101	5	2
2658	-4.3	0000000110000011	5	2
2662	-4.6	0000000110000001	5	2
2707	-4.3	0000000111000011	5	2
2711	-4.3	0000000111000011	5	2
2714	-4.3	0000000111000101	5	2
2729	-4.6	0000000110100101	5	2
2734	-4.6	0000000110011001	5	2
2738	-4.6	0000000110000000	4	2
2744	-4.3	1000000001000000	5	2
2752	-4.6	0000000110100000	4	2
2769	-4.6	0000000110000001	5	2
2774	-4.6	0000000110000100	4	2
2775	-4.6	0000000110000010	4	2
2776	-4.6	0000000110000110	4	2
2791	-4.6	0000000111000100	4	2
2797	-4.6	0000000110100100	4	2
2799	-4.6	0000000110100010	4	2
2800	-4.6	0000000111000010	4	2
2803	-4.6	0000000111000011	5	2
2804	-4.6	0000000111000110	4	2
2805	-4.6	0000000110011001	5	2
2807	-4.6	0000000110100101	5	2
2808	-4.6	0000000110100110	4	2
2810	-4.6	1000000001100110	5	1
3067	-4.6	0000000110000000	4	2
3086	-4.3	0000000100100000	4	2
3100	-4.3	0000000110000100	4	2
3101	-4.3	0000000110000010	4	2
3102	-4.3	0000000110000110	4	2
3107	-4.6	0000000110000100	4	2
3108	-4.6	0000000110000010	4	2
3109	-4.6	0000000110000110	4	2
3167	-4.6	0000000110100110	4	2
3174	-4.6	0000000101100110	4	2
3178	-4.6	0000000110000000	5	2
3208	-4.6	0000000110000001	3	2
3216	-4.6	0000000110000001	5	2
3223	-4.6	0000000110000101	3	2
3271	-4.6	0000000110100011	3	2
3275	-4.6	0000000110100101	3	2
3276	-4.6	0000000110100101	5	2
3278	-4.6	0000000110100111	3	2
3420	-4.3	0000000110000000	4	2
3440	-4.3	0000000111000000	4	2
3507	-4.3	0000000110000100	4	2
3508	-4.3	0000000110000010	4	2
3509	-4.3	0000000110000110	4	2
3540	-4.3	0000000111000100	4	2
3551	-4.3	0000000111000010	4	2
3600	-4	0000000110000000	5	2
3604	-4	0000000110000000	5	2
3654	-4.3	0000000110000001	5	2
3659	-4.3	0000000110000001	5	2
3661	-4.3	0000000111000001	5	2
3681	-4.3	0000000110000101	5	2
3688	-4.3	0000000110000011	3	2
3703	-4.3	0000000110000101	5	2
3704	-4.3	0000000110000011	5	2
3708	-4.6	0000000110000001	5	2
3759	-4.3	0000000111000011	5	2
3763	-4.3	0000000111000101	5	2
3774	-4.6	0000000110100101	5	2
3779	-4.6	0000000110011001	5	2
3782	-4.6	0000000110000000	4	2
3791	-4.6	0000000111000000	4	2
3794	-4.6	0000000110100000	4	2
3802	-4.6	0000000110000001	5	2
3803	-4.6	0000000110100001	5	2
3820	-4.6	0000000110000101	5	2
3822	-4.6	0000000110000100	4	2
3823	-4.6	0000000110000010	4	2
3824	-4.6	0000000110000110	4	2
3833	-4.6	0000000111000100	4	2
3837	-4.6	0000000110100010	4	2
3838	-4.6	0000000111000010	4	2
3839	-4.6	0000000110100100	4	2
3841	-4.6	0000000110011100	4	2
3842	-4.6	0000000110100101	5	2
3846	-4.6	0000000110011010	4	2
3847	-4.6	0000000110100110	4	2
3850	-4.6	0000000110000000	4	2
3863	-4.3	0000000100100000	4	2
3900	-4.3	0000000110000100	4	2
3901	-4.3	0000000110000010	4	2
3902	-4.3	0000000110000110	4	2
3903	-4.6	0000000110000001	4	2
3907	-4.6	0000000110000100	4	2
3908	-4.6	0000000110000010	4	2
3909	-4.6	0000000110000110	4	2
3924	-4.3	0000000111000010	4	2
3941	-4.6	0000000111000110	4	2
3951	-4.6	0000000101100110	4	2
3961	-4.6	1000000001000000	3	2
3964	-4.9	1000000000000011	4	1
3973	-4.9	1000000000000101	4	1
3980	-4.9	1000000000000111	4	1
3986	-4.9	1000000000100001	4	1
3987	-4.9	1000000001000001	4	1
3988	-4.9	1000000001100001	4	1
4034	-4.9	1000000000100011	4	1
4042	-4.9	1000000000100101	4	1
4053	-4.9	1000000001000101	4	1
4054	-4.9	1000000001000011	4	1
4059	-4.9	1000000001100011	4	1
4068	-4.9	1000000001011001	4	1
4070	-4.9	1000000001100101	4	1
4080	-4.9	1000000001100111	4	1
4081	-4.9	1000000001111001	4	1
4243	-4	0000000110000000	5	2
4300	-4.3	0000000110000001	5	2
4302	-4.3	0000000110000001	5	2
4304	-4.3	0000000111000001	5	2
4332	-4.3	0000000110000101	5	2
4333	-4.3	0000000110000011	5	2
4337	-4.6	0000000110000001	5	2
4376	-4.3	0000000111000011	5	2
4379	-4.3	0000000111000101	5	2
4393	-4.6	0000000110100101	5	2
4399	-4.6	0000000110011001	5	2
4402	-4.6	0000000110000000	5	2
4428	-4.6	0000000110100000	4	2
4458	-4.6	0000000110000001	5	2
4460	-4.6	0000000110000001	5	2
4461	-4.6	0000000110100001	5	2
4462	-4.6	0000000111000001	5	2
4490	-4.6	0000000110000101	5	2
4491	-4.6	0000000110000011	5	2
4495	-4.9	0000000110000001	5	2
4533	-4.6	0000000110100011	5	2
4534	-4.6	0000000111000011	5	2
4537	-4.6	0000000111000101	5	2
4539	-4.6	0000000110011001	5	2
4540	-4.6	0000000110011001	5	2
4542	-4.6	0000000110100101	5	2
4543	-4.6	0000000110100101	5	2
4545	-4.6	0000000110011101	5	2
4546	-4.6	0000000110100110	4	2
4549	-4.6	0000000110100111	5	2
4551	-4.9	0000000110100101	5	2
4552	-4.6	0000000110100110	4	2
4557	-4.9	0000000110011001	5	2
4558	-4.9	0000000111100111	5	2
4773	-4.3	0000000100100000	4	2
4781	-4.6	0000000101100110	4	2
4799	-4.6	0000000100100000	4	2
5352	-4.3	0100000001011001	5	1
5362	-4.6	0100000000000101	3	1
5367	-4.6	0100000000100001	3	1
5368	-4.6	0100000001000001	3	1
5369	-4.6	0100000001100001	3	1
5399	-4.6	0100000001011001	3	1
5400	-4.6	0100000001100101	3	1
5403	-4.6	0100000000000010	5	1
5409	-4.6	0100000000000011	3	1
5410	-4.6	0100000000000011	3	1
5422	-4.6	0100000000000101	3	1
5423	-4.6	0100000000000101	3	1
5431	-4.6	0100000000000111	3	1
5442	-4.6	0100000000100001	3	1
5443	-4.6	0100000001000001	3	1
5444	-4.6	0100000000100001	3	1
5445	-4.6	0100000001000001	3	1
5446	-4.6	0100000001100001	3	1
5497	-4.6	0100000000100011	3	1
5507	-4.6	0100000000100101	3	1
5517	-4.6	0100000001000101	3	1
5518	-4.6	0100000001000011	3	1
5526	-4.6	0100000001100011	3	1
5535	-4.6	0100000001011001	3	1
5536	-4.6	0100000001011001	3	1
5537	-4.6	0100000001100101	3	1
5541	-4.6	0100000001011011	3	1
5551	-4.6	0100000001100111	3	1
5553	-4.6	0100000001111001	3	1
5559	-4.3	0100000010100000	4	2
5561	-4.6	0100000011100000	4	2
5566	-4.3	0100000010100110	4	1
5568	-4.6	0100000011100110	4	1
5575	-4.6	0000001000000101	3	2
5580	-4.6	0000001000100001	3	2
5581	-4.6	0000001001000001	3	2
5582	-4.6	0000001001100001	3	2
5591	-4.3	0000001110000001	5	1
5612	-4.6	0000001001011001	3	2
5613	-4.6	0000001001100101	3	2
5616	-4.6	0100000000000010	4	1
5632	-4.3	0100000000100000	4	2
5761	-4.6	0100000001100110	4	1
5771	-4.3	0000001010100000	4	2
5777	-4.3	0000010001011001	5	1
5778	-4.3	0000001010100110	4	2
5786	-4.3	0000001000000011	3	2
5787	-4.3	0000001000000011	5	2
5791	-4.6	0000001000000011	3	2
5805	-4.3	0000001000000101	3	2
5806	-4.3	0000001000000101	5	2
5809	-4.6	0000001000000101	3	2
5816	-4.3	0000001000000111	3	2
5825	-4	00010010	0	0
5826	-4.3	0000001000011001	5	2
5828	-4.3	0000001010000001	3	2
5829	-4.3	0000001000100001	3	2
5830	-4.3	0000001001000001	3	2
5838	-4.3	0000001000100001	5	2
5839	-4.3	0000001001000001	5	2
5840	-4.3	0000001010000001	5	1
5841	-4.3	0000001010100001	5	1
5846	-4.3	0000001010000101	3	2
5864	-4.3	0000001010000011	3	2
5870	-4.6	0000001000100001	3	2
5871	-4.6	0000001001000001	3	2
5872	-4.6	0000001001100001	3	2
5882	-4.3	0000001010000101	5	1
5883	-4.3	0000001010000011	5	1
5887	-4.6	0000001010000001	5	1
5890	-4.3	0000001010000111	3	2
5894	-4.6	0000001010000111	3	2
5908	-4.3	0000001000100011	3	2
5909	-4.3	0000001000100011	5	2
5923	-4.3	0000001000100101	3	2
5924	-4.3	0000001000100101	5	2
5931	-4.6	0000001000100101	3	2
5941	-4.3	0000001001000101	5	2
5942	-4.3	0000001001000011	5	2
5947	-4.3	0000001001000101	3	2
5948	-4.3	0000001001000011	3	2
5950	-4.6	0000001001000101	3	2
5951	-4.6	0000001001000011	3	2
5959	-4	00010010	0	0
5960	-4.3	0000001010100011	3	1
5964	-4.3	0000001010100011	5	1
5974	-4.3	0000001001011001	5	2
5975	-4.3	0000001010100101	3	1
5977	-4.3	0000001010100101	3	1
5978	-4.3	0000001010100101	5	1
5985	-4.6	0000001001100101	3	2
5986	-4.3	0000001010100111	5	1
5988	-4.6	0000001010100101	5	1
5989	-4.3	0000001010100111	3	1
5996	-4.6	0000001010011001	5	1
6000	-4.6	0000001001000000	4	2
6014	-4.3	0000001000100000	4	2
6085	-4.6	0000010110000001	5	1
6143	-4.6	0000001001100110	4	2
6150	-4.6	0000001001000000	5	2
6152	-4.6	0000001000000011	3	2
6153	-4.6	0000001000000011	3	2
6165	-4.6	0000001000000101	3	2
6166	-4.6	0000001000000101	3	2
6174	-4.6	0000001000000111	3	2
6185	-4.6	0000001000100001	3	2
6186	-4.6	0000001001000001	3	2
6187	-4.6	0000001000100001	3	2
6188	-4.6	0000001001000001	3	2
6189	-4.6	0000001001100001	3	2
6197	-4.3	0000001110000001	5	1
6199	-4.3	0000001110000001	5	1
6229	-4.3	0000001110000101	5	1
6230	-4.3	0000001110000011	5	1
6234	-4.6	0000001110000001	5	1
6240	-4.6	0000001000100011	3	2
6250	-4.6	0000001000100101	3	2
6260	-4.6	0000001001000101	3	2
6261	-4.6	0000001001000011	3	2
6269	-4.6	0000001001100011	3	2
6278	-4.6	0000001001011001	3	2
6279	-4.6	0000001001011001	3	2
6280	-4.6	0000001001100101	3	2
6284	-4.6	0000001001011011	3	2
6294	-4.6	0000001001100111	3	2
6532	-4.6	1010000000011000	3	2
6557	-4.6	1010000001000010	3	1
6558	-4.6	1010000000100100	3	2
6561	-4.6	1010000001100110	3	1
6564	-4.3	1100000000000011	7	1
6567	-4.6	1100000000100000	3	1
6568	-4.6	1100000001100000	3	1
6571	-4.6	1100000000000100	3	2
6579	-4.6	1100000000000110	3	1
6585	-4.6	1100000000011000	3	2
6586	-4.6	1100000000011000	3	2
6601	-4.6	1100000000011010	3	1
6606	-4.6	1100000001011000	3	2
6613	-4.6	1100000000011100	3	2
6623	-4.6	1100000000111000	3	2
6640	-4.6	1100000000100010	3	1
6644	-4.6	1100000001000100	3	2
6648	-4.6	1100000001000010	3	1
6649	-4.6	1100000001000010	3	1
6650	-4.6	1100000001100010	3	1
6652	-4.6	1100000000100100	3	2
6653	-4.6	1100000000100100	3	2
6662	-4.6	1100000000100110	3	1
6666	-4.6	1100000001100100	3	2
6670	-4.6	1100000001000110	3	1
6673	-4.6	1100000000111010	3	1
6679	-4.6	1100000001011100	3	1
6681	-4.6	1100000001100110	3	1
6682	-4.6	1100000001011010	3	1
6683	-4.6	1100000001100110	3	1
6697	-4.3	1100000000000011	7	1
6699	-4.9	1100000000000011	4	1
6700	-4.6	1100000000100000	3	1
6701	-4.6	1100000001100000	3	1
6702	-4.6	1100000011000000	3	2
6705	-4.6	1100000000000100	3	2
6712	-4.9	1100000000000101	4	1
6716	-4.6	1100000000000110	3	1
6723	-4.6	1100000000011000	3	2
6724	-4.6	1100000000011000	3	2
6738	-4.6	1100000000011010	3	1
6745	-4.6	1100000001011000	3	2
6755	-4.6	1100000000011100	3	2
6760	-4.6	1100000000111000	3	2
6761	-4.9	1100000000100001	4	1
6762	-4.9	1100000001000001	4	1
6763	-4.9	1100000001100001	4	1
6780	-4.6	1100000000100010	3	1
6783	-4.6	1100000001000100	3	2
6786	-4.6	1100000001000010	3	1
6787	-4.6	1100000001000010	3	1
6788	-4.6	1100000001100010	3	1
6789	-4.6	1100000000100100	3	2
6790	-4.6	1100000000100100	3	2
6797	-4.9	1100000000100101	4	1
6800	-4.6	1100000000100110	3	1
6803	-4.6	1100000001100100	3	2
6807	-4.9	1100000001000101	4	1
6808	-4.9	1100000001000011	4	1
6809	-4.6	1100000001000110	3	1
6814	-4.6	1100000000111010	3	1
6817	-4.6	1100000001011100	3	1
6820	-4.6	1100000001011010	3	1
6821	-4.6	1100000001100110	3	1
6831	-4.9	1100000001100101	4	1
6842	-5.2	1100000011111111	4	1
6845	-4.6	0000010000000101	3	1
6850	-4.6	0000010000100001	3	1
6851	-4.6	0000010001000001	3	1
6852	-4.6	0000010001100001	3	1
6882	-4.6	0000010001011001	3	1
6883	-4.6	0000010001100101	3	1
6888	-4.6	0000011000000101	3	1
6895	-4.6	0000011000100001	3	1
6896	-4.6	0000011001000001	3	1
6902	-4.6	0000001110000001	5	2
6915	-4.6	1100000001100110	5	1
7055	-4.6	0000010110000001	3	1
7063	-4.6	0000010110000001	5	1
7070	-4.6	0000010110000101	3	1
7080	-4.3	0000001110000100	4	2
7081	-4.3	0000001110000010	4	2
7082	-4.3	0000001110000110	4	2
7083	-4.6	0000001110000001	4	2
7087	-4.6	0000001110000100	4	2
7088	-4.6	0000001110000010	4	2
7089	-4.6	0000001110000110	4	2
7142	-4.9	1100000000000101	4	1
7149	-4.9	1100000000000111	4	1
7155	-4.9	1100000000100001	4	1
7156	-4.9	1100000001000001	4	1
7157	-4.9	1100000001100001	4	1
7203	-4.9	1100000000100011	4	1
7211	-4.9	1100000000100101	4	1
7222	-4.9	1100000001000101	4	1
7223	-4.9	1100000001000011	4	1
7228	-4.9	1100000001100011	4	1
7237	-4.9	1100000001011001	4	1
7239	-4.9	1100000001100101	4	1
7249	-4.9	1100000001100111	4	1
7250	-4.9	1100000001111001	4	1
7252	-4.6	0000010000100000	5	1
7261	-4.6	0000010000000101	3	1
7262	-4.6	0000010000000101	3	1
7270	-4.6	0000010000000111	3	1
7281	-4.6	0000010000100001	3	1
7282	-4.6	0000010001000001	3	1
7283	-4.6	0000010000100001	3	1
7284	-4.6	0000010001000001	3	1
7285	-4.6	0000010001100001	3	1
7336	-4.6	0000010000100011	3	1
7346	-4.6	0000010000100101	3	1
7356	-4.6	0000010001000101	3	1
7357	-4.6	0000010001000011	3	1
7365	-4.6	0000010001100011	3	1
7374	-4.6	0000010001011001	3	1
7375	-4.6	0000010001011001	3	1
7376	-4.6	0000010001100101	3	1
7380	-4.6	0000010001011011	3	1
7390	-4.6	0000010001100111	3	1
7392	-4.6	0000010001111001	3	1
7403	-4.6	0000011000000101	3	1
7404	-4.6	0000011000000101	3	1
7412	-4.6	0000011000000111	3	1
7423	-4.6	0000011000100001	3	1
7424	-4.6	0000011001000001	3	1
7425	-4.6	0000011000100001	3	1
7426	-4.6	0000011001000001	3	1
7435	-4.6	0000001110000001	5	2
7437	-4.6	0000001110000001	5	2
7467	-4.6	0000001110000101	5	2
7468	-4.6	0000001110000011	5	2
7472	-4.9	0000001110000001	5	2
7478	-4.6	0000011000100011	3	1
7488	-4.6	0000011000100101	3	1
7498	-4.6	0000011001000101	3	1
7499	-4.6	0000011001000011	3	1
7528	-4.9	0000001110100101	5	2
7534	-4.9	0000001110011001	5	2
7559	-4.6	0000001100000101	3	2
7567	-4.6	0000001100000111	3	2
7582	-4.6	0000001110000001	3	2
7583	-4.6	0000001100100001	3	2
7584	-4.6	0000001101000001	3	2
7594	-4.6	0000001110000001	5	1
7596	-4.6	0000001110000001	5	1
7602	-4.6	0000001110000101	3	2
7619	-4.6	0000001110000011	3	2
7634	-4.6	0000001110000101	5	1
7635	-4.6	0000001110000011	5	1
7642	-4.6	0000001110000111	3	2
7661	-4.6	0000001100100011	3	2
7677	-4.6	0000001100100101	3	2
7694	-4.6	0000001101000101	3	2
7695	-4.6	0000001101000011	3	2
7736	-4.6	0000001100100000	4	2
8055	-4.3	0010000001011001	5	2
8061	-4.6	0010000000000101	3	2
8066	-4.6	0010000000100001	3	1
8067	-4.6	0010000001000001	3	1
8068	-4.6	0010000001100001	3	1
8098	-4.6	0010000001011001	3	2
8099	-4.6	0010000001100101	3	2
8102	-4.6	0010000000000100	5	2
8106	-4.6	0010000000000101	3	2
8107	-4.6	0010000000000101	3	2
8115	-4.6	0010000000000111	3	2
8126	-4.6	0010000000100001	3	1
8127	-4.6	0010000001000001	3	1
8128	-4.6	0010000000100001	3	1
8129	-4.6	0010000001000001	3	1
8130	-4.6	0010000001100001	3	1
8181	-4.6	0010000000100011	3	2
8191	-4.6	0010000000100101	3	2
8201	-4.6	0010000001000101	3	2
8202	-4.6	0010000001000011	3	2
8210	-4.6	0010000001100011	3	2
8219	-4.6	0010000001011001	3	2
8220	-4.6	0010000001011001	3	2
8221	-4.6	0010000001100101	3	2
8225	-4.6	0010000001011011	3	2
8235	-4.6	0010000001100111	3	2
8237	-4.6	0010000001111001	3	2
8241	-4.3	0010000010100000	4	2
8243	-4.6	0010000011100000	4	2
8248	-4.3	0010000010100110	4	2
8250	-4.6	0010000011100110	4	2
8252	-4.6	0010000000000100	4	2
8253	-4.3	0010000000100000	4	2
8382	-4.6	0010000001100110	4	2
8390	-4.3	0000010000100000	4	2
8394	-4.3	0000010010100000	4	2
8397	-4.3	0000010001100000	4	2
8398	-4.6	0000010010100000	4	2
8402	-4.3	0000010000000110	4	2
8404	-4.6	0000010011100000	4	2
8409	-4.3	0000010000011000	4	2
8411	-4.6	0000010000011000	4	2
8412	-4	00010010	0	0
8419	-4.6	0000010010011000	4	2
8424	-4.3	0000010000011010	4	2
8428	-4.3	0000010001011000	4	2
8434	-4.3	0000010010000100	4	2
8435	-4.3	0000010010000010	4	2
8446	-4.3	0000010000011100	4	2
8449	-4.3	0000010000111000	4	2
8452	-4.3	0000010010000100	4	2
8453	-4.3	0000010010000010	4	2
8478	-4.3	0000010010000100	4	2
8479	-4.3	0000010010000010	4	2
8480	-4.3	0000010010000110	4	2
8484	-4.6	0000010010000100	4	2
8485	-4.6	0000010010000010	4	2
8486	-4.6	0000010010000110	4	2
8491	-4.3	0000010000100010	4	2
8493	-4.3	0000010001000100	4	2
8504	-4.6	0000010011000100	4	2
8507	-4.3	0000010000100100	4	2
8509	-4.6	0000010000100100	4	2
8519	-4.3	0000010001000010	4	2
8520	-4.3	0000010001100010	4	2
8523	-4.6	0000010010100100	4	2
8530	-4.3	0000010000100110	4	2
8532	-4.3	0000010001100100	4	2
8536	-4.3	0000010001000110	4	2
8542	-4.6	0000010001000010	4	2
8543	-4.6	0000010010100010	4	2
8544	-4.6	0000010011000010	4	2
8546	-4	00010010	0	0
8550	-4.3	0000010000111010	4	2
8551	-4.3	0000010001011100	4	2
8555	-4.3	0000010000111100	4	2
8559	-4.6	0000010011000110	4	2
8561	-4	00010010	0	0
8565	-4.3	0000010001011010	4	2
8567	-4.6	0000010001011010	4	2
8573	-4.3	0000010001011110	4	2
8574	-4.3	0000010001100110	4	2
8575	-4.3	0000010001111010	4	2
8577	-4.3	0000010010100110	4	2
8578	-4.6	0000010010100110	4	2
8580	-4.6	0000010001100110	4	2
8582	-4.6	0000010011100110	4	2
8584	-4.6	0000010001111110	4	2
8587	-4.6	0000010000100000	4	2
8715	-4.6	0000010001100110	4	2
8782	-4.3	1010000000000101	7	1
8783	-4.6	1010000000000110	3	1
8786	-4.6	1010000000000110	3	1
8791	-4.6	1010000000011000	3	2
8792	-4.6	1010000000011000	3	2
8810	-4.6	1010000000011010	3	2
8821	-4.6	1010000001011000	3	2
8823	-4.6	1010000000011100	3	2
8824	-4.6	1010000000011100	3	2
8825	-4.6	1010000000111000	3	2
8828	-4.6	1010000000111000	3	2
8844	-4.6	1010000000100010	3	1
8845	-4.6	1010000000100010	3	1
8846	-4.6	1010000001000100	3	2
8849	-4.6	1010000001000100	3	2
8852	-4.6	1010000001000010	3	1
8853	-4.6	1010000001100010	3	1
8854	-4.6	1010000001000010	3	1
8855	-4.6	1010000001100010	3	1
8856	-4.6	1010000000100100	3	2
8857	-4.6	1010000000100100	3	2
8863	-4.6	1010000001000110	3	1
8866	-4.6	1010000000100110	3	1
8867	-4.6	1010000000100110	3	1
8868	-4.6	1010000001100100	3	2
8871	-4.6	1010000001100100	3	2
8875	-4.6	1010000001000110	3	1
8879	-4.6	1010000000111010	3	1
8880	-4.6	1010000001011100	3	2
8882	-4.6	1010000001100110	3	1
8884	-4.6	1010000001011100	3	2
8886	-4.6	1010000001011010	3	1
8887	-4.6	1010000001100110	3	1
8901	-4.3	1010000000000101	7	1
8903	-4.9	1010000000000101	4	1
8907	-4.6	1010000000000110	3	1
8914	-4.6	1010000000011000	3	2
8915	-4.6	1010000000011000	3	2
8929	-4.6	1010000000011010	3	2
8936	-4.6	1010000001011000	3	2
8946	-4.6	1010000000011100	3	2
8951	-4.6	1010000000111000	3	2
8952	-4.9	1010000000100001	4	1
8953	-4.9	1010000001000001	4	1
8954	-4.9	1010000001100001	4	1
8971	-4.6	1010000000100010	3	1
8974	-4.6	1010000001000100	3	2
8977	-4.6	1010000001000010	3	1
8978	-4.6	1010000001000010	3	1
8979	-4.6	1010000001100010	3	1
8980	-4.6	1010000000100100	3	2
8981	-4.6	1010000000100100	3	2
8988	-4.9	1010000000100101	4	1
8991	-4.6	1010000000100110	3	1
8994	-4.6	1010000001100100	3	2
8998	-4.9	1010000001000101	4	1
8999	-4.9	1010000001000011	4	1
9000	-4.6	1010000001000110	3	1
9005	-4.6	1010000000111010	3	1
9008	-4.6	1010000001011100	3	2
9011	-4.6	1010000001011010	3	1
9012	-4.6	1010000001100110	3	1
9022	-4.9	1010000001100101	4	1
9033	-5.2	1010000011111111	4	1
9037	-4.6	1010000001100110	5	1
9055	-4.3	0000010100011000	4	2
9058	-4.6	0000010100011000	4	2
9078	-4.6	0000010110000100	4	1
9079	-4.6	0000010110000010	4	1
9080	-4.6	0000010110000110	4	1
9101	-4.6	0000010110000001	4	1
9107	-4.6	0000010110000100	4	1
9108	-4.6	0000010110000010	4	1
9109	-4.6	0000010110000110	4	1
9125	-4.6	0000010110000101	4	1
9126	-4.6	0000010110000011	4	1
9132	-4.6	0000010110000100	4	1
9133	-4.6	0000010110000010	4	1
9134	-4.6	0000010110000110	4	1
9135	-4.9	0000010110000001	4	1
9149	-4.3	0000010101000100	4	1
9165	-4.3	0000010101000010	4	1
9170	-4.6	0000010100100100	4	2
9185	-4.3	0000010101000110	4	1
9188	-4.6	0000010101000010	4	2
9232	-4.9	0000010110100101	4	1
9236	-4.6	0000010101100110	4	1
9241	-4.9	0000010110011001	4	1
9251	-4.6	0110000000100001	3	1
9252	-4.6	0110000001000001	3	1
9269	-4.6	0110000001011001	3	2
9277	-4.9	1010000000000111	4	1
9283	-4.9	1010000000100001	4	1
9284	-4.9	1010000001000001	4	1
9285	-4.9	1010000001100001	4	1
9331	-4.9	1010000000100011	4	1
9339	-4.9	1010000000100101	4	1
9350	-4.9	1010000001000101	4	1
9351	-4.9	1010000001000011	4	1
9356	-4.9	1010000001100011	4	1
9365	-4.9	1010000001011001	4	1
9367	-4.9	1010000001100101	4	1
9377	-4.9	1010000001100111	4	1
9378	-4.9	1010000001111001	4	1
9408	-4.6	0000010110000001	5	2
9410	-4.6	0000010110000001	5	2
9440	-4.6	0000010110000101	5	2
9441	-4.6	0000010110000011	5	2
9445	-4.9	0000010110000001	5	2
9501	-4.9	0000010110100101	5	2
9507	-4.9	0000010110011001	5	2
9532	-4	00010010	0	0
9666	-4	00010010	0	0
9681	-4	00010010	0	0
9835	-4.6	0110000000000110	5	2
9837	-4.6	0110000000000111	3	2
9848	-4.6	0110000000100001	3	1
9849	-4.6	0110000001000001	3	1
9850	-4.6	0110000000100001	3	1
9851	-4.6	0110000001000001	3	1
9852	-4.6	0110000001100001	3	1
9903	-4.6	0110000000100011	3	1
9913	-4.6	0110000000100101	3	1
9923	-4.6	0110000001000101	3	1
9924	-4.6	0110000001000011	3	1
9932	-4.6	0110000001100011	3	1
9941	-4.6	0110000001011001	3	2
9942	-4.6	0110000001011001	3	2
9943	-4.6	0110000001100101	3	1
9947	-4.6	0110000001011011	3	2
9957	-4.6	0110000001100111	3	2
9959	-4.6	0110000001111001	3	2
9962	-4.6	0110000000000110	4	2
10081	-4.6	0110000001100110	4	2
10088	-4.3	1110000000000111	7	1
10093	-4.6	1110000000011000	3	2
10094	-4.6	1110000000011000	3	2
10109	-4.6	1110000000011010	3	2
10116	-4.6	1110000001011000	3	2
10126	-4.6	1110000000011100	3	2
10131	-4.6	1110000000111000	3	2
10132	-4.9	1110000000100001	4	1
10133	-4.9	1110000001000001	4	1
10134	-4.9	1110000001100001	4	1
10151	-4.6	1110000000100010	3	1
10154	-4.6	1110000001000100	3	2
10157	-4.6	1110000001000010	3	1
10158	-4.6	1110000001000010	3	1
10159	-4.6	1110000001100010	3	1
10160	-4.6	1110000000100100	3	2
10161	-4.6	1110000000100100	3	2
10168	-4.9	1110000000100101	4	1
10171	-4.6	1110000000100110	3	1
10174	-4.6	1110000001100100	3	2
10178	-4.9	1110000001000101	4	1
10179	-4.9	1110000001000011	4	1
10180	-4.6	1110000001000110	3	2
10185	-4.6	1110000000111010	3	2
10188	-4.6	1110000001011100	3	2
10191	-4.6	1110000001011010	3	2
10192	-4.6	1110000001100110	3	1
10202	-4.9	1110000001100101	4	1
10213	-5.2	1110000011111111	4	1
10250	-4.6	0000011100011000	4	2
10268	-4.9	0000011110000001	5	1
10270	-4.9	0000011110000001	5	1
10286	-4.9	0000011110000001	4	1
10303	-4.9	0000011110000101	4	1
10304	-4.9	0000011110000011	4	1
10308	-4.9	0000011110000101	5	1
10309	-4.9	0000011110000011	5	1
10434	-2.9	1000000110000001	4	1
10435	-2.9	1000000110000011	4	1
10474	-2.9	1000000110000101	4	1
10475	-2.9	1000000110000011	4	1
10484	-3.2	1000000110000001	4	1
10595	-2.9	1000000110000001	4	1
10617	-2.9	1000000110000101	4	1
10618	-2.9	1000000110000011	4	1
10627	-3.2	1000000110000001	4	1
10733	-2.9	1000000110000001	4	1
10747	-2.9	1000000110000101	4	1
10748	-2.9	1000000110000011	4	1
10757	-3.2	1000000110000001	4	1
10825	-4.3	0001100001011001	5	2
10832	-4.6	0001100000100001	3	2
10833	-4.6	0001100001000001	3	2
10834	-4.6	0001100001100001	3	2
10864	-4.6	0001100001011001	3	2
10865	-4.6	0001100001100101	3	2
10868	-4.6	0001100000011000	5	2
10869	-4.6	0001100000011000	5	2
10872	-4.6	0001100001100001	3	2
10873	-4.6	0001100010000001	3	2
10874	-4.6	0001100000100001	3	2
10875	-4.6	0001100001000001	3	2
10876	-4.6	0001100001100001	3	2
10890	-4.6	0001100010000101	3	2
10933	-3.2	1000001110000001	4	1
10941	-4.6	0001100001000101	3	2
10942	-4.6	0001100000100011	3	2
10955	-4.6	0001100000100101	3	2
10956	-4.6	0001100000100101	3	2
10970	-4.6	0001100001000101	3	2
10971	-4.6	0001100001000011	3	2
10975	-4.6	0001100001100011	3	2
10976	-4.6	0001100010100011	3	2
10977	-4.6	0001100001100011	3	2
10990	-4.6	0001100001011001	3	2
10991	-4.6	0001100010100101	3	2
10992	-4.6	0001100001100101	3	2
11002	-4.6	0001100001100111	3	2
11004	-4.6	0001100001111001	3	2
11007	-4.6	0001100000011000	5	2
11012	-4.6	0001100000100001	3	2
11013	-4.6	0001100001000001	3	2
11014	-4.6	0001100000100001	3	2
11015	-4.6	0001100001000001	3	2
11016	-4.6	0001100001100001	3	2
11061	-3.2	1000001110000001	4	1
11067	-4.6	0001100000100011	3	2
11077	-4.6	0001100000100101	3	2
11087	-4.6	0001100001000101	3	2
11088	-4.6	0001100001000011	3	2
11096	-4.6	0001100001100011	3	2
11105	-4.6	0001100001011001	3	2
11106	-4.6	0001100001011001	3	2
11107	-4.6	0001100001100101	3	2
11111	-4.6	0001100001011011	3	2
11121	-4.6	0001100001100111	3	2
11123	-4.6	0001100001111001	3	2
11130	-4.3	0001100010100110	4	2
11132	-4.6	0001100011100110	4	2
11134	-4.6	0001100000011000	4	2
11135	-4.6	0001100000011000	4	2
11275	-4.6	0001100000011000	4	2
11385	-4.6	0001100001100110	4	2
11395	-4.6	0001100001011001	5	2
11396	-4.6	0001100010100110	4	2
11400	-5.2	0001100000011000	4	2
11652	-4	00010010	0	0
11657	-4.3	1000010000100001	7	1
11668	-4.6	1000010000011010	3	1
11679	-4.6	1000010001011000	3	1
11681	-4.6	1000010000011100	3	1
11682	-4.6	1000010000011100	3	1
11683	-4.6	1000010000111000	3	1
11686	-4.6	1000010000111000	3	1
11702	-4.6	1000010000100010	3	1
11703	-4.6	1000010000100010	3	1
11704	-4.6	1000010001000100	3	1
11707	-4.6	1000010001000100	3	1
11709	-4.6	1000010001000010	3	1
11710	-4.6	1000010001100010	3	1
11711	-4.6	1000010001000010	3	1
11712	-4.6	1000010001100010	3	1
11713	-4.6	1000010000100100	3	1
11714	-4.6	1000010000100100	3	1
11720	-4.6	1000010001000110	3	1
11723	-4.6	1000010000100110	3	1
11724	-4.6	1000010000100110	3	1
11725	-4.6	1000010001100100	3	1
11728	-4.6	1000010001100100	3	1
11732	-4.6	1000010001000110	3	1
11736	-4.6	1000010000111010	3	1
11737	-4.6	1000010001011100	3	1
11739	-4.6	1000010001100110	3	1
11741	-4.6	1000010001011100	3	1
11743	-4.6	1000010001011010	3	1
11744	-4.6	1000010001100110	3	1
11759	-4.3	1000001001000001	7	1
11769	-4.6	1000001000011010	3	1
11780	-4.6	1000001001011000	3	1
11782	-4.6	1000001000011100	3	1
11783	-4.6	1000001000011100	3	1
11784	-4.6	1000001000111000	3	1
11787	-4.6	1000001000111000	3	1
11802	-4.6	0001100110000001	5	2
11803	-4.6	1000001000100010	3	1
11804	-4.6	1000001000100010	3	1
11805	-4.6	1000001001000100	3	1
11808	-4.6	1000001001000100	3	1
11810	-4.6	1000001001000010	3	1
11811	-4.6	1000001001100010	3	1
11812	-4.6	1000001001000010	3	1
11813	-4.6	1000001001100010	3	1
11814	-4.6	1000001000100100	3	1
11815	-4.6	1000001000100100	3	1
11821	-4.6	1000001001000110	3	1
11824	-4.6	1000001000100110	3	1
11825	-4.6	1000001000100110	3	1
11826	-4.6	1000001001100100	3	1
11829	-4.6	1000001001100100	3	1
11833	-4.6	1000001001000110	3	1
11837	-4.6	1000001000111010	3	1
11838	-4.6	1000001001011100	3	1
11840	-4.6	1000001001100110	3	1
11842	-4.6	1000001001011100	3	1
11844	-4.6	1000001001011010	3	1
11845	-4.6	1000001001100110	3	1
11857	-4.6	0001100110011001	5	2
11867	-4.6	0001100110000001	5	2
11868	-4.6	1000011000011100	3	1
11869	-4.6	1000011000111000	3	1
11870	-4.6	1000011000100010	3	1
11871	-4.6	1000011001000100	3	1
11872	-4.6	1000011001000010	3	1
11873	-4.6	1000011000100100	3	1
11878	-4.6	1001100001100110	5	2
11880	-4.6	0001100110000001	5	2
11889	-4.6	0001100110000101	5	2
11893	-4.6	1000011001000010	3	1
11895	-4.6	1000011000100100	3	1
11899	-4.3	1000000110000001	7	1
11904	-4.3	1000000110000100	3	1
11905	-4.3	1000000110000010	3	1
11906	-4.3	1000000110000110	3	1
11907	-4.3	1000000110000001	3	1
11918	-4.6	1000000110000100	3	1
11919	-4.6	1000000110000110	3	1
11946	-4.6	1000000101000010	3	1
11947	-4.6	1000000110100010	3	1
11948	-4.6	1000000100100100	3	1
11952	-4.6	1000000110100100	3	1
11965	-4.6	1000000101100110	3	1
11978	-5.2	1000000111111111	4	1
11979	-4.3	1000010000100001	7	1
11986	-4.6	1000010000011010	3	1
11993	-4.6	1000010001011000	3	1
12003	-4.6	1000010000011100	3	1
12008	-4.6	1000010000111000	3	1
12009	-4.9	1000010000100001	4	1
12010	-4.9	1000010001000001	4	1
12011	-4.9	1000010001100001	4	1
12028	-4.6	1000010000100010	3	1
12031	-4.6	1000010001000100	3	1
12034	-4.6	1000010001000010	3	1
12035	-4.6	1000010001000010	3	1
12036	-4.6	1000010001100010	3	1
12037	-4.6	1000010000100100	3	1
12038	-4.6	1000010000100100	3	1
12045	-4.9	1000010000100101	4	1
12048	-4.6	1000010000100110	3	1
12051	-4.6	1000010001100100	3	1
12055	-4.9	1000010001000101	4	1
12056	-4.9	1000010001000011	4	1
12057	-4.6	1000010001000110	3	1
12062	-4.6	1000010000111010	3	1
12065	-4.6	1000010001011100	3	1
12068	-4.6	1000010001011010	3	1
12069	-4.6	1000010001100110	3	1
12079	-4.9	1000010001100101	4	1
12090	-5.2	1000010011111111	4	1
12091	-4.3	1000001001000001	7	1
12097	-4.6	1000001000011010	3	1
12104	-4.6	1000001001011000	3	1
12114	-4.6	1000001000011100	3	1
12119	-4.6	1000001000111000	3	1
12120	-4.9	1000001000100001	4	1
12121	-4.9	1000001001000001	4	1
12122	-4.9	1000001001100001	4	1
12137	-4.6	0001100110000001	5	2
12139	-4.6	1000001000100010	3	1
12142	-4.6	1000001001000100	3	1
12145	-4.6	1000001001000010	3	1
12146	-4.6	1000001001000010	3	1
12147	-4.6	1000001001100010	3	1
12148	-4.6	1000001000100100	3	1
12149	-4.6	1000001000100100	3	1
12156	-4.9	1000001000100101	4	1
12159	-4.6	1000001000100110	3	1
12162	-4.6	1000001001100100	3	1
12166	-4.9	1000001001000101	4	1
12167	-4.9	1000001001000011	4	1
12168	-4.6	1000001001000110	3	1
12173	-4.6	1000001000111010	3	1
12176	-4.6	1000001001011100	3	1
12179	-4.6	1000001001011010	3	1
12180	-4.6	1000001001100110	3	1
12190	-4.9	1000001001100101	4	1
12199	-4.6	0001100110011001	5	2
12201	-5.2	1000001011111111	4	1
12202	-4.6	0001100110011000	5	2
12207	-4.6	1000011000011010	3	1
12210	-4.6	0001100110000001	5	2
12212	-4.6	0001100110000001	5	2
12224	-4.6	1000011000011100	3	1
12229	-4.6	1000011000111000	3	1
12230	-4.9	1000011000100001	4	1
12231	-4.9	1000011001000001	4	1
12232	-4.9	1000011001100001	4	1
12242	-4.6	0001100110000101	5	2
12243	-4.6	0001100110000011	5	2
12247	-4.9	0001100110000001	5	2
12249	-4.6	1000011000100010	3	1
12252	-4.6	1000011001000100	3	1
12255	-4.6	1000011001000010	3	1
12256	-4.6	1000011001000010	3	1
12258	-4.6	1000011000100100	3	1
12259	-4.6	1000011000100100	3	1
12266	-4.9	1000011000100101	4	1
12269	-4.6	1000011000100110	3	1
12276	-4.9	1000011001000101	4	1
12277	-4.9	1000011001000011	4	1
12278	-4.6	1000011001000110	3	1
12283	-4.6	1000011000111010	3	1
12291	-4.6	0001100110011001	5	2
12292	-4.6	0001100110011001	5	2
12297	-4.6	0001100110011101	5	2
12300	-4.9	1000011001100101	4	1
12303	-4.9	0001100110100101	5	2
12309	-4.9	0001100110011001	5	2
12325	-2.9	1010000110000001	4	1
12326	-2.9	1010000110000011	4	1
12365	-2.9	1010000110000101	4	1
12366	-2.9	1010000110000011	4	1
12375	-3.2	1010000110000001	4	1
12464	-2.9	1010000110000001	4	1
12500	-2.9	1010000110000001	4	1
12514	-2.9	1010000110000101	4	1
12515	-2.9	1010000110000011	4	1
12524	-3.2	1010000110000001	4	1
12610	-4.3	0010000110000100	4	2
12611	-4.3	0010000110000010	4	2
12612	-4.3	0010000110000110	4	2
12654	-4.3	0010000111000100	4	2
12670	-4.3	0010000111000010	4	2
12692	-4.3	0010000111000110	4	2
12737	-4.3	0100000110000100	4	2
12738	-4.3	0100000110000010	4	1
12739	-4.3	0100000110000110	4	1
12781	-4.3	0100000111000100	4	2
12797	-4.3	0100000111000010	4	1
12819	-4.3	0100000111000110	4	1
12853	-4.3	0110000110000100	4	2
12854	-4.3	0110000110000010	4	1
12855	-4.3	0110000110000110	4	2
12870	-4.3	0110000111000100	4	2
12879	-4.3	0110000111000010	4	1
12883	-4.3	0110000111000110	4	2
12893	-3.2	1000000110000001	4	1
12901	-3.2	1000000110000001	4	1
12902	-4.3	1000000110000100	5	1
12903	-4.3	1000000110000010	5	1
12904	-4.3	1000000110000110	5	1
12905	-4.6	1000000110000100	5	1
12906	-4.6	1000000110000010	5	1
12907	-4.6	1000000110000110	5	1
12908	-4.3	1000000111000100	5	1
12912	-4.6	1000000110011100	5	1
12913	-4.6	1000000111000110	5	1
12926	-4.6	1000010110000100	5	1
12927	-4.6	1000010110000010	5	1
12928	-4.6	1000010110000110	5	1
12936	-3.2	1100000110000001	4	1
12946	-4.6	0101100000011010	5	2
12986	-3.2	1010001110000001	4	1
12992	-4.6	0101100000100011	3	1
13002	-4.6	0101100000100101	3	2
13012	-4.6	0101100001000101	3	2
13013	-4.6	0101100001000011	3	1
13021	-4.6	0101100001100011	3	1
13030	-4.6	0101100001011001	3	2
13031	-4.6	0101100001011001	3	2
13032	-4.6	0101100001100101	3	2
13036	-4.6	0101100001011011	3	2
13046	-4.6	0101100001100111	3	2
13048	-4.6	0101100001111001	3	2
13051	-4	0010000110000100	5	2
13054	-4.3	0010000110000001	5	1
13059	-4.3	0010000110000001	5	1
13061	-4.3	0010000111000001	5	1
13065	-4.3	0010000110000101	3	2
13090	-4	0010000110000100	5	2
13093	-4.3	0010000110000101	5	2
13094	-4.3	0010000110000011	5	2
13098	-4.6	0010000110000001	5	1
13143	-4.3	0010000111000011	5	2
13147	-4.3	0010000111000011	5	2
13150	-4.3	0010000111000101	5	2
13165	-4.6	0010000110100101	5	2
13170	-4.6	0010000110011001	5	2
13173	-4	0100000110000010	5	1
13175	-4.3	0100000110000001	5	1
13180	-4.3	0100000110000001	5	1
13182	-4.3	0100000111000001	5	1
13186	-4.3	0100000110000101	3	1
13212	-4	0100000110000010	5	1
13214	-4.3	0100000110000101	5	1
13215	-4.3	0100000110000011	5	1
13219	-4.6	0100000110000001	5	1
13264	-4.3	0100000111000011	5	1
13268	-4.3	0100000111000011	5	1
13271	-4.3	0100000111000101	5	1
13286	-4.6	0100000110100101	5	1
13291	-4.6	0100000110011001	5	1
13294	-4.3	0110000110000001	5	1
13298	-4.3	0110000110000101	3	1
13328	-4.3	0110000111000011	5	1
13336	-4.3	1000000110000001	5	1
13338	-4.6	1000000110000100	5	1
13339	-4.6	1000000110000010	5	1
13340	-4.6	1000000110000110	5	1
13341	-4.3	1000000110000001	5	1
13347	-4.3	1000000110000101	3	1
13351	-4.6	1000000110000100	5	1
13352	-4.6	1000000110000110	5	1
13356	-3.2	1000000111000001	4	1
13359	-3.2	1000000111000001	4	1
13370	-3.2	1000000110000101	4	1
13371	-3.2	1000000110000011	4	1
13372	-4.3	1000000110000100	5	1
13373	-4.3	1000000110000010	5	1
13374	-4.3	1000000110000110	5	1
13377	-4.6	1000000110000100	5	1
13378	-4.6	1000000110000010	5	1
13379	-4.6	1000000110000110	5	1
13384	-4.3	1000000111000010	5	1
13387	-4.3	1000000111000010	5	1
13390	-4.3	1000000111000100	5	1
13391	-4.6	1000000111000100	5	1
13393	-4.6	1000000110100010	5	1
13394	-4.3	1000000111000100	5	1
13395	-4.6	1000000111000100	5	1
13405	-4.6	1000000110100100	5	1
13406	-4.3	1000000111000110	5	1
13410	-4.6	1000000110100100	5	1
13413	-4.6	1000000111000010	5	1
13415	-4.6	1000000110100010	5	1
13416	-4.6	1000000111000010	5	1
13420	-4.3	1000000111000110	5	1
13423	-4.6	1000000110011100	5	1
13424	-3.2	1000000111000101	4	1
13427	-4.6	1000000111000110	5	1
13433	-4.6	1000000111000110	5	1
13436	-4.6	1000000110011010	5	1
13438	-4.6	1000000110011010	5	1
13441	-4.6	1000000110100110	5	1
13446	-4.6	1000000110100110	5	1
13450	-4.6	1000000110011110	5	1
13451	-4.9	1000000111100110	5	1
13470	-4.6	0101100000011010	4	2
13564	-4.6	0101100001100110	4	2
13575	-4.6	0010000110000100	4	2
13576	-4.6	0010000110000010	4	2
13577	-4.6	0010000110000110	4	2
13592	-4.6	0010000111000100	4	2
13598	-4.6	0010000110100100	4	2
13600	-4.6	0010000110100010	4	2
13601	-4.6	0010000111000010	4	2
13604	-4.6	0010000111000011	5	2
13605	-4.6	0010000111000110	4	2
13606	-4.6	0010000110011001	5	2
13608	-4.6	0010000110100101	5	2
13609	-4.6	0010000110100110	4	2
13611	-4.6	1000010001100110	5	1
13616	-4.6	0100000110000100	4	2
13617	-4.6	0100000110000010	4	1
13618	-4.6	0100000110000110	4	1
13633	-4.6	0100000111000100	4	2
13639	-4.6	0100000110100100	4	2
13641	-4.6	0100000110100010	4	1
13642	-4.6	0100000111000010	4	1
13645	-4.6	0100000111000011	5	1
13646	-4.6	0100000111000110	4	1
13647	-4.6	0100000110011001	5	1
13649	-4.6	0100000110100101	5	1
13650	-4.6	0100000110100110	4	1
13652	-4.6	1000001001100110	5	1
13657	-4.6	0110000110000100	4	2
13658	-4.6	0110000110000010	4	1
13659	-4.6	0110000110000110	4	2
13674	-4.6	0110000111000100	4	2
13680	-4.6	0110000110100100	4	2
13682	-4.6	0110000110100010	4	1
13683	-4.6	0110000111000010	4	1
13685	-4.6	0110000111000011	5	1
13686	-4.6	0110000111000110	4	2
13687	-4.6	0110000110011001	5	2
13689	-4.6	0110000110100101	5	1
13690	-4.6	0110000110100110	4	2
13692	-4.3	1000000110000001	5	1
13703	-3.2	1000000110000001	4	1
13705	-4.3	1000000110000100	5	1
13706	-4.3	1000000110000010	5	1
13709	-3.2	1000000111000001	4	1
13717	-3.2	1000000110000101	4	1
13718	-3.2	1000000110000011	4	1
13719	-4.3	1000000110000100	5	1
13720	-4.3	1000000110000010	5	1
13721	-4.3	1000000110000110	5	1
13724	-4.6	1000000110000100	5	1
13725	-4.6	1000000110000010	5	1
13726	-4.6	1000000110000110	5	1
13732	-4.3	1000000111000010	5	1
13735	-4.3	1000000111000100	5	1
13736	-4.3	1000000111000100	5	1
13737	-4.6	1000000111000100	5	1
13748	-4.6	1000000110100100	5	1
13751	-4.6	1000000110100010	5	1
13752	-4.6	1000000111000010	5	1
13758	-4.3	1000000111000110	5	1
13762	-4.6	1000000110011100	5	1
13763	-3.2	1000000111000101	4	1
13770	-4.6	1000000111000110	5	1
13773	-4.6	1000000110011010	5	1
13782	-4.6	1000000110100110	5	1
13785	-4.6	1000000101100110	5	1
13787	-4.6	1000000110011110	5	1
13788	-4.9	1000000111100110	5	1
13792	-4.6	0001101001011000	4	2
13823	-4.6	1000010110000100	5	1
13824	-4.6	1000010110000010	5	1
13825	-4.6	1000010110000110	5	1
13891	-4.6	0001101001011000	5	2
13900	-3.2	1000001110000001	4	1
13902	-4.3	1000001110000100	5	1
13903	-4.3	1000001110000010	5	1
13914	-3.2	1000001110000101	4	1
13915	-3.2	1000001110000011	4	1
13916	-4.3	1000001110000100	5	1
13917	-4.3	1000001110000010	5	1
13918	-4.3	1000001110000110	5	1
13921	-4.6	1000001110000100	5	1
13922	-4.6	1000001110000010	5	1
13923	-4.6	1000001110000110	5	1
13930	-4.6	0001101000100011	3	2
13940	-4.6	0001101000100101	3	2
13950	-4.6	0001101001000101	3	2
13951	-4.6	0001101001000011	3	2
13968	-4.6	0001101001011001	3	2
13969	-4.6	0001101001011001	3	2
13974	-4.6	0001101001011011	3	2
14276	-4.3	1010000110000101	7	1
14280	-4.6	1010000110000100	3	2
14281	-4.6	1010000110000110	3	1
14308	-4.6	1010000101000010	3	1
14309	-4.6	1010000110100010	3	1
14310	-4.6	1010000100100100	3	2
14314	-4.6	1010000110100100	3	2
14327	-4.6	1010000101100110	3	1
14340	-5.2	1010000111111111	4	1
14341	-4.6	0010000110000100	4	2
14394	-4.6	0010000110100110	4	2
14401	-4.6	0010000101100110	4	2
14405	-4.6	0100000110000010	4	1
14457	-4.6	0100000110100110	4	1
14464	-4.6	0100000101100110	4	1
14468	-4.6	0110000110000110	4	2
14519	-4.6	0110000110100110	4	2
14526	-4.6	1101100001100110	5	2
14530	-4.6	0010000110000100	5	2
14574	-4.6	0010000110100011	3	2
14578	-4.6	0010000110100101	3	2
14579	-4.6	0010000110100101	5	2
14581	-4.6	0010000110100111	3	2
14591	-4.6	0110000110000110	5	2
14634	-4.6	0110000110100011	3	1
14638	-4.6	0110000110100101	3	1
14639	-4.6	0110000110100101	5	1
14641	-4.6	0110000110100111	3	2
14834	-4.9	0001101110000001	5	2
14886	-4.9	0001101110011001	5	2
14893	-2.9	1100000110000001	4	1
14915	-2.9	1100000110000101	4	1
14916	-2.9	1100000110000011	4	1
14925	-3.2	1100000110000001	4	1
15002	-2.9	1100000110000001	4	1
15016	-2.9	1100000110000101	4	1
15017	-2.9	1100000110000011	4	1
15026	-3.2	1100000110000001	4	1
15107	-4.3	0010000110000100	4	2
15108	-4.3	0010000110000010	4	2
15109	-4.3	0010000110000110	4	2
15140	-4.3	0010000111000100	4	2
15151	-4.3	0010000111000010	4	2
15215	-4.3	0100000110000100	4	2
15216	-4.3	0100000110000010	4	1
15217	-4.3	0100000110000110	4	1
15248	-4.3	0100000111000100	4	2
15259	-4.3	0100000111000010	4	1
15313	-4.3	0110000110000100	4	2
15314	-4.3	0110000110000010	4	1
15315	-4.3	0110000110000110	4	2
15324	-4.3	0110000111000100	4	2
15329	-4.3	0110000111000010	4	1
15336	-4.3	0011100001011001	5	2
15341	-3.2	1000000110000001	4	1
15346	-3.2	1000000110000101	4	1
15353	-4.6	1000000110000011	4	1
15354	-4.6	1000000110000100	4	1
15355	-4.6	1000000110000010	4	1
15356	-4.6	1000000110000110	4	1
15368	-3.2	1000000110000101	4	1
15369	-3.2	1000000110000011	4	1
15387	-4.6	1000000111000100	4	1
15397	-4.6	1000000110100010	4	1
15398	-4.6	1000000111000010	4	1
15400	-4.6	1000000110100100	4	1
15416	-4.6	1000000110011100	4	1
15424	-3.2	1000000111000011	4	1
15428	-3.2	1000000111000101	4	1
15431	-4.6	1000000110011010	4	1
15435	-4.6	1000000110100110	4	1
15440	-4.6	1000000110100110	4	1
15443	-4.9	1000000111100110	4	1
15446	-5.2	1000000111111111	4	1
15449	-4.6	0011100001011001	3	2
15450	-4.6	0011100001100101	3	2
15453	-4.6	0011100000011100	5	2
15476	-3.2	1100001110000001	4	1
15482	-4.6	0011100000100011	3	2
15492	-4.6	0011100000100101	3	2
15502	-4.6	0011100001000101	3	2
15503	-4.6	0011100001000011	3	2
15511	-4.6	0011100001100011	3	2
15520	-4.6	0011100001011001	3	2
15521	-4.6	0011100001011001	3	2
15522	-4.6	0011100001100101	3	2
15526	-4.6	0011100001011011	3	2
15536	-4.6	0011100001100111	3	2
15538	-4.6	0011100001111001	3	2
15541	-4	0010000110000100	5	2
15544	-4.3	0010000110000101	5	2
15551	-4.3	0010000110000011	3	2
15563	-4	0010000110000100	5	2
15566	-4.3	0010000110000101	5	2
15567	-4.3	0010000110000011	5	2
15571	-4.6	0010000110000001	5	1
15622	-4.3	0010000111000011	5	2
15626	-4.3	0010000111000101	5	2
15637	-4.6	0010000110100101	5	2
15642	-4.6	0010000110011001	5	2
15645	-4	0100000110000010	5	1
15647	-4.3	0100000110000101	5	1
15654	-4.3	0100000110000011	3	1
15667	-4	0100000110000010	5	1
15669	-4.3	0100000110000101	5	1
15670	-4.3	0100000110000011	5	1
15674	-4.6	0100000110000001	5	1
15725	-4.3	0100000111000011	5	1
15729	-4.3	0100000111000101	5	1
15740	-4.6	0100000110100101	5	1
15745	-4.6	0100000110011001	5	1
15748	-4.3	0110000110000101	5	1
15749	-4.3	0110000110000011	3	1
15778	-4.6	1010000110000100	5	2
15779	-4.6	1010000110000010	5	1
15780	-4.6	1010000110000110	5	1
15781	-4.3	1010000111000100	5	2
15783	-4.6	1010000110011100	5	2
15784	-4.6	1010000111000110	5	1
15787	-4.6	0001110001011001	3	2
15788	-4.6	0001110001100101	3	2
15791	-4.6	0011100000011100	4	2
15869	-4.6	0011100001100110	4	2
15877	-4.6	0010000110000100	4	2
15878	-4.6	0010000110000010	4	2
15879	-4.6	0010000110000110	4	2
15888	-4.6	0010000111000100	4	2
15892	-4.6	0010000110100010	4	2
15893	-4.6	0010000111000010	4	2
15894	-4.6	0010000110100100	4	2
15896	-4.6	0010000110011100	4	2
15897	-4.6	0010000110100101	5	2
15901	-4.6	0010000110011010	4	2
15902	-4.6	0010000110100110	4	2
15906	-4.6	0100000110000100	4	2
15907	-4.6	0100000110000010	4	1
15908	-4.6	0100000110000110	4	1
15917	-4.6	0100000111000100	4	2
15921	-4.6	0100000110100010	4	1
15922	-4.6	0100000111000010	4	1
15923	-4.6	0100000110100100	4	2
15925	-4.6	0100000110011100	4	1
15926	-4.6	0100000110100101	5	1
15929	-4.3	0001110001011001	5	2
15930	-4.6	0100000110011010	4	1
15931	-4.6	0100000110100110	4	1
15935	-4.6	0110000110000100	4	2
15936	-4.6	0110000110000010	4	1
15937	-4.6	0110000110000110	4	2
15946	-4.6	0110000111000100	4	2
15950	-4.6	0110000110100010	4	1
15951	-4.6	0110000111000010	4	1
15952	-4.6	0110000110100100	4	2
15954	-4.6	0110000110011100	4	2
15955	-4.6	0110000110100101	5	1
15958	-4.6	0110000110011010	4	2
15959	-4.6	0110000110100110	4	2
15961	-4.6	0001110000111000	4	2
16038	-4.6	0001110001100110	4	2
16045	-4.6	0001110000111000	5	2
16058	-3.2	1000001110000101	4	1
16059	-3.2	1000001110000011	4	1
16069	-4.6	0001110000100011	3	2
16079	-4.6	0001110000100101	3	2
16089	-4.6	0001110001000101	3	2
16090	-4.6	0001110001000011	3	2
16098	-4.6	0001110001100011	3	2
16107	-4.6	0001110001011001	3	2
16108	-4.6	0001110001011001	3	2
16109	-4.6	0001110001100101	3	2
16113	-4.6	0001110001011011	3	2
16123	-4.6	0001110001100111	3	2
16125	-4.6	0001110001111001	3	2
16128	-4.3	1100000110000011	7	1
16132	-4.6	1100000110000100	3	2
16133	-4.6	1100000110000110	3	1
16138	-4.6	1100000110100010	3	1
16140	-4.3	1100000111000100	3	2
16149	-4.6	1100000110100100	3	2
16157	-4.6	1100000110100110	3	1
16172	-5.2	1100000111111111	4	1
16173	-4.6	0010000110000100	4	2
16186	-4.3	0010000111000010	4	2
16203	-4.6	0010000111000110	4	2
16213	-4.6	0010000101100110	4	2
16217	-4.6	0100000110000010	4	1
16229	-4.3	0100000111000010	4	1
16246	-4.6	0100000111000110	4	1
16256	-4.6	0100000101100110	4	1
16260	-4.6	0110000110000110	4	2
16271	-4.3	0110000111000010	4	1
16288	-4.6	0110000111000110	4	2
16298	-4.6	1011100001100110	5	2
16302	-4.6	0010000110000100	5	2
16343	-4.6	0110000110000110	5	2
16402	-4.9	1000010000100011	4	1
16410	-4.9	1000010000100101	4	1
16421	-4.9	1000010001000101	4	1
16422	-4.9	1000010001000011	4	1
16427	-4.9	1000010001100011	4	1
16436	-4.9	1000010001011001	4	1
16438	-4.9	1000010001100101	4	1
16448	-4.9	1000010001100111	4	1
16449	-4.9	1000010001111001	4	1
16470	-4.9	1000001000100011	4	1
16478	-4.9	1000001000100101	4	1
16489	-4.9	1000001001000101	4	1
16490	-4.9	1000001001000011	4	1
16495	-4.9	1000001001100011	4	1
16504	-4.9	1000001001011001	4	1
16506	-4.9	1000001001100101	4	1
16516	-4.9	1000001001100111	4	1
16517	-4.9	1000001001111001	4	1
16533	-4.9	0001110110000001	5	2
16538	-4.9	1000011000100011	4	1
16546	-4.9	1000011000100101	4	1
16557	-4.9	1000011001000101	4	1
16558	-4.9	1000011001000011	4	1
16563	-4.9	1000011001100011	4	1
16572	-4.9	1000011001011001	4	1
16574	-4.9	1000011001100101	4	1
16584	-4.9	1000011001100111	4	1
16601	-3.2	1110000110000001	4	1
16897	-3.2	1010000110000101	4	1
16902	-3.2	1010000110000101	4	1
16903	-3.2	1010000110000011	4	1
16946	-3.2	1010000111000011	4	1
16949	-3.2	1010000111000101	4	1
16958	-4.6	1010000110100110	4	1
16964	-4.6	1010000110100110	4	1
16968	-4.9	1010000111100110	4	1
16971	-5.2	1010000111111111	4	1
16972	-3.2	1100000110000011	4	1
16976	-3.2	1100000110000101	4	1
16977	-3.2	1100000110000011	4	1
17020	-3.2	1100000111000011	4	1
17023	-3.2	1100000111000101	4	1
17032	-4.6	1100000110100110	4	1
17038	-4.6	1100000110100110	4	1
17042	-4.9	1100000111100110	4	1
17045	-5.2	1100000111111111	4	1
17046	-4	0010000110000100	5	2
17049	-4.3	0010000110000101	5	2
17050	-4.3	0010000110000011	5	2
17054	-4.6	0010000110000001	5	1
17093	-4.3	0010000111000011	5	2
17096	-4.3	0010000111000101	5	2
17110	-4.6	0010000110100101	5	2
17116	-4.6	0010000110011001	5	2
17119	-4	0100000110000010	5	1
17121	-4.3	0100000110000101	5	1
17122	-4.3	0100000110000011	5	1
17126	-4.6	0100000110000001	5	1
17165	-4.3	0100000111000011	5	1
17168	-4.3	0100000111000101	5	1
17182	-4.6	0100000110100101	5	1
17188	-4.6	0100000110011001	5	1
17191	-4	0110000110000110	5	2
17192	-4.3	0110000110000101	5	1
17193	-4.3	0110000110000011	5	1
17197	-4.6	0110000110000001	5	1
17236	-4.3	0110000111000011	5	1
17239	-4.3	0110000111000101	5	1
17253	-4.6	0110000110100101	5	1
17259	-4.6	0110000110011001	5	2
17262	-4.3	1010000110000101	5	1
17264	-4.6	1010000110000100	5	2
17265	-4.6	1010000110000010	5	1
17266	-4.6	1010000110000110	5	1
17272	-4.3	1010000111000010	5	1
17275	-4.3	1010000111000100	5	2
17276	-4.3	1010000111000100	5	2
17277	-4.6	1010000111000100	5	2
17288	-4.6	1010000110100100	5	2
17291	-4.6	1010000110100010	5	1
17292	-4.6	1010000111000010	5	1
17298	-4.3	1010000111000110	5	1
17302	-4.6	1010000110011100	5	2
17303	-3.2	1010000111000101	4	1
17310	-4.6	1010000111000110	5	1
17313	-4.6	1010000110011010	5	2
17322	-4.6	1010000110100110	5	1
17325	-4.6	1010000101100110	5	1
17327	-4.6	1010000110011110	5	1
17328	-4.9	1010000111100110	5	1
17332	-4.3	1100000110000011	5	1
17333	-4.6	1100000110000100	5	2
17334	-4.6	1100000110000010	5	1
17335	-4.6	1100000110000110	5	1
17341	-4.3	1100000111000010	5	1
17344	-4.3	1100000111000100	5	2
17345	-4.3	1100000111000100	5	2
17346	-4.6	1100000111000100	5	2
17357	-4.6	1100000110100100	5	2
17360	-4.6	1100000110100010	5	1
17361	-4.6	1100000111000010	5	1
17367	-4.3	1100000111000110	5	1
17371	-4.6	1100000110011100	5	2
17372	-3.2	1100000111000101	4	1
17379	-4.6	1100000111000110	5	1
17382	-4.6	1100000110011010	5	1
17391	-4.6	1100000110100110	5	1
17394	-4.6	1100000101100110	5	1
17396	-4.6	1100000110011110	5	1
17397	-4.9	1100000111100110	5	1
17401	-4.6	0010000110000100	5	2
17404	-4.9	0010000110000001	5	1
17442	-4.6	0010000110100011	5	2
17443	-4.6	0010000111000011	5	2
17446	-4.6	0010000111000101	5	2
17448	-4.6	0010000110011001	5	2
17449	-4.6	0010000110011001	5	2
17451	-4.6	0010000110100101	5	2
17452	-4.6	0010000110100101	5	2
17454	-4.6	0010000110011101	5	2
17455	-4.6	0010000110100110	4	2
17458	-4.6	0010000110100111	5	2
17460	-4.9	0010000110100101	5	2
17461	-4.6	0010000110100110	4	2
17466	-4.9	0010000110011001	5	2
17467	-4.9	0010000111100111	5	2
17469	-4.6	0100000110000010	5	1
17471	-4.9	0100000110000001	5	1
17509	-4.6	0100000110100011	5	1
17510	-4.6	0100000111000011	5	1
17513	-4.6	0100000111000101	5	1
17515	-4.6	0100000110011001	5	1
17516	-4.6	0100000110011001	5	1
17518	-4.6	0100000110100101	5	1
17519	-4.6	0100000110100101	5	1
17521	-4.6	0100000110011101	5	1
17522	-4.6	0100000110100110	4	1
17525	-4.6	0100000110100111	5	1
17527	-4.9	0100000110100101	5	1
17528	-4.6	0100000110100110	4	1
17533	-4.9	0100000110011001	5	1
17534	-4.9	0100000111100111	5	1
17536	-4.6	0110000110000110	5	2
17537	-4.9	0110000110000001	5	1
17575	-4.6	0110000110100011	5	1
17576	-4.6	0110000111000011	5	1
17579	-4.6	0110000111000101	5	1
17581	-4.6	0110000110011001	5	2
17582	-4.6	0110000110011001	5	2
17584	-4.6	0110000110100101	5	1
17585	-4.6	0110000110100101	5	1
17587	-4.6	0110000110011101	5	2
17588	-4.6	0110000110100110	4	2
17591	-4.6	0110000110100111	5	2
17593	-4.9	0110000110100101	5	1
17594	-4.6	0110000110100110	4	2
17599	-4.9	0110000110011001	5	2
17600	-4.9	0110000111100111	5	2
17602	-4.9	1000000110000001	5	1
17606	-4.6	1000000110100010	5	1
17607	-4.6	1000000111000010	5	1
17610	-4.6	1000000111000100	5	1
17611	-4.6	1000000111000100	5	1
17612	-4.9	1000000111000100	5	1
17619	-4.6	1000000110100100	5	1
17622	-4.6	1000000110100100	5	1
17623	-4.9	1000000110100100	5	1
17626	-4.9	1000000110100010	5	1
17627	-4.9	1000000111000010	5	1
17628	-4.6	1000000110011010	5	1
17629	-4.6	1000000110011100	5	1
17630	-4.6	1000000110100110	5	1
17633	-4.6	1000000111000110	5	1
17637	-4.9	1000000110011100	5	1
17642	-4.9	1000000111011100	5	1
17645	-4.9	1000000111000110	5	1
17648	-4.9	1000000110011010	5	1
17653	-4.9	1000000110100110	4	1
17654	-4.9	1000000111011010	5	1
17655	-4.9	1000000110111010	5	1
17657	-4.9	1000000110100110	5	1
17659	-4.9	1000000110100110	4	1
17660	-4.9	1000000101100110	5	1
17661	-4.9	1000000111100110	5	1
17662	-4.9	1000000110011110	5	1
17666	-5.5	1000000111111111	4	1
17772	-5.2	1110000111111111	4	1
17775	-4.6	0010000101100110	4	2
17780	-4.6	0100000101100110	4	1
17785	-4.6	0110000101100110	4	2
17823	-4.3	0010001010100110	4	2
17827	-4.3	0100010001011001	5	1
17828	-4.3	0010001010100110	4	2
17838	-4.6	0100010001011001	3	1
17839	-4.6	0100010001100101	3	1
17842	-4.6	0100010000100010	5	1
17846	-4.6	0100010000100011	3	1
17856	-4.6	0100010000100101	3	1
17866	-4.6	0100010001000101	3	1
17867	-4.6	0100010001000011	3	1
17875	-4.6	0100010001100011	3	1
17884	-4.6	0100010001011001	3	1
17885	-4.6	0100010001011001	3	1
17886	-4.6	0100010001100101	3	1
17890	-4.6	0100010001011011	3	1
17900	-4.6	0100010001100111	3	1
17902	-4.6	0100010001111001	3	1
17917	-4.6	0010001001011001	3	2
17918	-4.6	0010001001100101	3	2
17921	-4.6	0100010000100010	4	1
17976	-4.6	0100010001100110	4	1
17989	-4.6	0010001001000100	4	2
18043	-4.6	0010001001100110	4	2
18050	-4.6	0010001001000100	5	2
18051	-4.6	0010001000100011	3	2
18061	-4.6	0010001000100101	3	2
18071	-4.6	0010001001000101	3	2
18072	-4.6	0010001001000011	3	2
18080	-4.6	0010001001100011	3	2
18089	-4.6	0010001001011001	3	2
18090	-4.6	0010001001011001	3	2
18091	-4.6	0010001001100101	3	2
18095	-4.6	0010001001011011	3	2
18105	-4.6	0010001001100111	3	2
18110	-4.6	1010001001000010	3	1
18111	-4.6	1010001000100100	3	2
18114	-4.6	1010001001100110	3	1
18118	-4.3	1100010000100011	7	1
18120	-4.6	1100010001000010	3	1
18121	-4.6	1100010001000010	3	1
18122	-4.6	1100010001100010	3	1
18123	-4.6	1100010000100100	3	2
18124	-4.6	1100010000100100	3	2
18131	-4.9	1100010000100101	4	1
18134	-4.6	1100010000100110	3	1
18137	-4.6	1100010001100100	3	2
18141	-4.9	1100010001000101	4	1
18142	-4.9	1100010001000011	4	1
18143	-4.6	1100010001000110	3	1
18148	-4.6	1100010000111010	3	1
18151	-4.6	1100010001011100	3	1
18154	-4.6	1100010001011010	3	1
18155	-4.6	1100010001100110	3	1
18165	-4.9	1100010001100101	4	1
18176	-5.2	1100010011111111	4	1
18183	-4.6	0100001001011001	3	1
18184	-4.6	0100001001100101	3	1
18193	-4.6	1100010001100110	5	1
18276	-4.6	0100001001000010	5	1
18278	-4.6	0100001001000010	5	1
18285	-4.6	0100001000100101	3	1
18286	-4.6	0100001000100101	3	1
18300	-4.6	0100001001000101	3	1
18301	-4.6	0100001001000011	3	1
18305	-4.6	0100001001100011	3	1
18306	-4.6	0100001010100011	3	1
18307	-4.6	0100001001100011	3	1
18320	-4.6	0100001001011001	3	1
18321	-4.6	0100001010100101	3	1
18322	-4.6	0100001001100101	3	1
18332	-4.6	0100001001100111	3	1
18371	-4.6	0100001001000010	5	1
18378	-4.6	0100001000100101	3	1
18388	-4.6	0100001001000101	3	1
18389	-4.6	0100001001000011	3	1
18397	-4.6	0100001001100011	3	1
18406	-4.6	0100001001011001	3	1
18407	-4.6	0100001001011001	3	1
18408	-4.6	0100001001100101	3	1
18412	-4.6	0100001001011011	3	1
18422	-4.6	0100001001100111	3	1
18433	-4.6	0100011000100101	3	1
18443	-4.6	0100011001000101	3	1
18444	-4.6	0100011001000011	3	1
18473	-4.9	0010001110100101	5	2
18479	-4.9	0010001110011001	5	2
18492	-4.3	0100001010100110	4	1
18496	-4.3	0010010001011001	5	2
18497	-4.3	0100001010100110	4	1
18506	-4.6	0010010001011001	3	2
18507	-4.6	0010010001100101	3	2
18510	-4.6	0010010000100100	5	2
18511	-4.6	0010010000100100	5	2
18514	-4.6	0010010000100101	3	2
18515	-4.6	0010010000100101	3	2
18529	-4.6	0010010001000101	3	2
18530	-4.6	0010010001000011	3	2
18534	-4.6	0010010001100011	3	2
18535	-4.6	0010010010100011	3	2
18536	-4.6	0010010001100011	3	2
18549	-4.6	0010010001011001	3	2
18550	-4.6	0010010010100101	3	2
18551	-4.6	0010010001100101	3	2
18561	-4.6	0010010001100111	3	2
18563	-4.6	0010010001111001	3	2
18566	-4.6	0010010000100100	5	2
18570	-4.6	0010010000100101	3	2
18580	-4.6	0010010001000101	3	2
18581	-4.6	0010010001000011	3	2
18589	-4.6	0010010001100011	3	2
18598	-4.6	0010010001011001	3	2
18599	-4.6	0010010001011001	3	2
18600	-4.6	0010010001100101	3	2
18604	-4.6	0010010001011011	3	2
18614	-4.6	0010010001100111	3	2
18616	-4.6	0010010001111001	3	2
18619	-4.6	0010010000100100	4	2
18620	-4.6	0010010000100100	4	2
18676	-4.6	0010010000100100	4	2
18720	-4.6	0010010001100110	4	2
18728	-4.6	0010010001011001	5	2
18729	-4.6	0010010010100110	4	2
18733	-5.2	0010010000100100	4	2
18785	-4.6	1010010001100110	3	1
18788	-4.3	1010010000100101	7	1
18791	-4.9	1010010000100101	4	1
18794	-4.6	1010010000100110	3	1
18797	-4.6	1010010001100100	3	2
18801	-4.9	1010010001000101	4	1
18802	-4.9	1010010001000011	4	1
18803	-4.6	1010010001000110	3	1
18808	-4.6	1010010000111010	3	1
18811	-4.6	1010010001011100	3	2
18814	-4.6	1010010001011010	3	1
18815	-4.6	1010010001100110	3	1
18825	-4.9	1010010001100101	4	1
18836	-5.2	1010010011111111	4	1
18837	-4.6	0100001001000010	4	1
18843	-4.6	0100001001000010	4	1
18890	-4.6	1010010001100110	5	1
18984	-4.6	0110001001011001	3	2
19042	-4.9	1010010001000101	4	1
19043	-4.9	1010010001000011	4	1
19048	-4.9	1010010001100011	4	1
19057	-4.9	1010010001011001	4	1
19059	-4.9	1010010001100101	4	1
19069	-4.9	1010010001100111	4	1
19070	-4.9	1010010001111001	4	1
19072	-4.6	0100001001000010	4	1
19110	-4.6	0100001001100110	4	1
19152	-4.9	0010010110100101	5	2
19158	-4.9	0010010110011001	5	2
19177	-4.3	0110010001011001	5	1
19178	-4.3	0110001010100110	4	2
19182	-4.6	0110010001011001	3	1
19185	-4.3	0011110001011001	5	2
19187	-4.6	0110010000100110	5	1
19191	-4.6	0110010001000101	3	1
19192	-4.6	0110010001000011	3	1
19200	-4.6	0110010001100011	3	1
19209	-4.6	0110010001011001	3	1
19210	-4.6	0110010001011001	3	1
19211	-4.6	0110010001100101	3	1
19215	-4.6	0110010001011011	3	1
19225	-4.6	0110010001100111	3	1
19227	-4.6	0110010001111001	3	1
19231	-4.6	1010001001100110	5	1
19234	-4.6	1100001001100110	5	1
19235	-4.6	0110010000100110	4	2
19270	-4.6	0110010001100110	4	2
19278	-4.6	0100001001011001	5	1
19279	-4.6	0100001010100110	4	1
19315	-4.9	0100010110100101	5	1
19321	-4.9	0100010110011001	5	1
19325	-4.6	0010011001000101	3	2
19326	-4.6	0010011001000011	3	2
19355	-4.9	0100001110100101	5	1
19361	-4.9	0100001110011001	5	1
19364	-4.3	1010001001000101	7	1
19367	-4.9	1010001001000101	4	1
19368	-4.9	1010001001000011	4	1
19369	-4.6	1010001001000110	3	1
19374	-4.6	1010001000111010	3	1
19377	-4.6	1010001001011100	3	2
19380	-4.6	1010001001011010	3	1
19381	-4.6	1010001001100110	3	1
19391	-4.9	1010001001100101	4	1
19400	-4.6	0101100110011001	5	2
19402	-5.2	1010001011111111	4	1
19403	-4.3	1100001001000011	7	1
19405	-4.9	1100001001000101	4	1
19406	-4.9	1100001001000011	4	1
19407	-4.6	1100001001000110	3	1
19412	-4.6	1100001000111010	3	1
19415	-4.6	1100001001011100	3	1
19418	-4.6	1100001001011010	3	1
19419	-4.6	1100001001100110	3	1
19429	-4.9	1100001001100101	4	1
19438	-4.6	0011100110011001	5	2
19440	-5.2	1100001011111111	4	1
19441	-4.6	0110001001000110	4	2
19471	-4.6	0110001001100110	4	2
19481	-4.9	1010001001100011	4	1
19490	-4.9	1010001001011001	4	1
19492	-4.9	1010001001100101	4	1
19502	-4.9	1010001001100111	4	1
19503	-4.9	1010001001111001	4	1
19508	-4.9	1100001001100011	4	1
19517	-4.9	1100001001011001	4	1
19519	-4.9	1100001001100101	4	1
19529	-4.9	1100001001100111	4	1
19530	-4.9	1100001001111001	4	1
19532	-4.6	0110001001000110	5	2
19536	-4.6	0110001001100011	3	1
19545	-4.6	0110001001011001	3	2
19546	-4.6	0110001001011001	3	2
19547	-4.6	0110001001100101	3	1
19551	-4.6	0110001001011011	3	2
19561	-4.6	0110001001100111	3	2
19623	-5.2	0100001001000010	4	1
19673	-4	00010010	0	0
19674	-4.6	0011100110011100	4	2
19691	-4.6	0011100110011100	5	2
19692	-4.6	1100011000111010	3	1
19700	-4.6	0011100110011001	5	2
19701	-4.6	0011100110011001	5	2
19706	-4.6	0011100110011101	5	2
19709	-4.9	1100011001100101	4	1
19712	-4.9	0011100110100101	5	2
19718	-4.9	0011100110011001	5	2
19721	-4.6	0101110000111010	5	2
19729	-4.6	0101110001011001	3	2
19730	-4.6	0101110001011001	3	2
19731	-4.6	0101110001100101	3	1
19735	-4.6	0101110001011011	3	2
19745	-4.6	0101110001100111	3	2
19747	-4.6	0101110001111001	3	2
19752	-4.6	0011101001011001	3	2
19756	-4.6	0101110000111010	4	2
19777	-4.6	0101110001100110	4	2
19786	-4.6	0011101001011100	4	2
19813	-4.6	0011101001011100	5	2
19818	-4.6	0011101001011001	3	2
19819	-4.6	0011101001011001	3	2
19824	-4.6	0011101001011011	3	2
19851	-4.6	1101110001100110	5	2
19871	-4.9	0011101110011001	5	2
19873	-4.6	0011110000111100	4	2
19890	-4.6	0011110001100110	4	2
19897	-4.6	0011110001011001	5	2
19902	-4.6	0101101001011010	5	2
19904	-4.6	0101101001011001	3	2
19905	-4.6	0101101001011001	3	2
19910	-4.6	0101101001011011	3	2
19938	-4.9	0110001110100101	5	1
19944	-4.9	0110001110011001	5	2
19953	-4.6	1001100110011010	5	2
19962	-4.6	1001100110011110	5	2
19966	-4.6	1001100110011010	5	2
19973	-4.9	1001101001100101	4	1
19980	-4.6	1001100110011110	5	2
19984	-5.2	1001101011111111	4	1
19986	-4.6	1001101001100110	5	2
19987	-4.6	0101100110011010	4	2
20000	-4.6	0101100110011010	5	2
20004	-4.6	0101100110011101	5	2
20007	-4.9	1010011001100101	4	1
20010	-4.9	0101100110100101	5	2
20016	-4.9	0101100110011001	5	2
20024	-4.6	0101101001011010	4	2
20025	-4.6	0101101001011010	4	2
20040	-4.6	0101101001011010	4	2
20060	-5.2	0101101001011010	4	2
20083	-4.6	1011100110011110	5	2
20092	-4.9	0110010110100101	4	1
20101	-4.9	0110010110011001	4	1
20105	-4.9	1010010110100101	3	1
20112	-5.5	1010010111111111	4	1
20119	-4.9	0101101110011001	5	2
20126	-4.9	1010011001100111	4	1
20129	-4.6	0111101001011110	4	2
20141	-4.9	0110010110100101	5	1
20147	-4.9	0110010110011001	5	2
20150	-4.9	1010010110100101	5	1
20151	-4.9	1010010110100110	4	1
20152	-4.9	1010010101100110	5	1
20154	-4.9	1010010110011110	5	1
20158	-5.5	1010010111111111	4	1
20165	-4.6	0110010101100110	4	1
20169	-4.9	0110010110011001	4	1
20180	-4.9	0110011010011001	5	1
20184	-5.2	0110011001100110	4	2
20190	-4.6	0111100110011110	5	2
20192	-4.9	0111100110011001	5	2
20200	-4.9	1001100110011001	5	2
20202	-5.5	1001100111111111	4	2
20203	-5.2	0111111001111110	4	2
