883	-4.3	0000000001011001	2	2
890	-4.6	0000000000000001	4	2
905	-4.6	0000000000000101	4	2
910	-4.6	0000000000100001	4	2
911	-4.6	0000000001000001	4	2
912	-4.6	0000000001100001	4	2
942	-4.6	0000000001011001	4	2
943	-4.6	0000000001100101	4	2
946	-4.6	0000000000000000	4	2
947	-4.6	0000000000000000	4	2
950	-4.6	0000000000000001	4	2
951	-4.6	0000000000000001	4	2
973	-4.6	0000000000000101	4	2
974	-4.6	0000000000000011	4	2
975	-4.6	0000000000000011	4	2
987	-4.6	0000000000000101	4	2
994	-4.6	0000000000000111	4	2
1003	-4.6	0000000001100001	4	2
1004	-4.6	0000000010000001	4	2
1005	-4.6	0000000000100001	4	2
1006	-4.6	0000000001000001	4	2
1007	-4.6	0000000001100001	4	2
1021	-4.6	0000000010000101	4	2
1072	-4.6	0000000001000101	4	2
1073	-4.6	0000000000100011	4	2
1086	-4.6	0000000000100101	4	2
1087	-4.6	0000000000100101	4	2
1101	-4.6	0000000001000101	4	2
1102	-4.6	0000000001000011	4	2
1106	-4.6	0000000001100011	4	2
1107	-4.6	0000000010100011	4	2
1108	-4.6	0000000001100011	4	2
1121	-4.6	0000000001011001	4	2
1122	-4.6	0000000010100101	4	2
1123	-4.6	0000000001100101	4	2
1133	-4.6	0000000001100111	4	2
1135	-4.6	0000000001111001	4	2
1138	-4.6	0000000000000000	4	2
1142	-4.6	0000000000000001	4	2
1143	-4.6	0000000000000001	4	2
1144	-4.6	0000000000000001	4	2
1165	-4.6	0000000000000011	4	2
1166	-4.6	0000000000000011	4	2
1178	-4.6	0000000000000101	4	2
1179	-4.6	0000000000000101	4	2
1187	-4.6	0000000000000111	4	2
1198	-4.6	0000000000100001	4	2
1199	-4.6	0000000001000001	4	2
1200	-4.6	0000000000100001	4	2
1201	-4.6	0000000001000001	4	2
1202	-4.6	0000000001100001	4	2
1253	-4.6	0000000000100011	4	2
1263	-4.6	0000000000100101	4	2
1273	-4.6	0000000001000101	4	2
1274	-4.6	0000000001000011	4	2
1282	-4.6	0000000001100011	4	2
1291	-4.6	0000000001011001	4	2
1292	-4.6	0000000001011001	4	2
1293	-4.6	0000000001100101	4	2
1297	-4.6	0000000001011011	4	2
1307	-4.6	0000000001100111	4	2
1309	-4.6	0000000001111001	4	2
1314	-4.6	0000000011100000	3	2
1316	-4.3	0000000010100110	3	2
1317	-4.6	0000000011100110	3	2
1318	-4.9	0000000011111111	3	2
1324	-4.3	0000000010100000	3	2
1326	-4.6	0000000011100000	3	2
1329	-2.9	0000000000111001	3	2
1331	-4.3	0000000010100110	3	2
1333	-4.6	0000000011100110	3	2
1334	-4.9	0000000011111111	3	2
1335	-4.6	0000000000000000	3	2
1336	-4.6	0000000000000000	3	2
1529	-4.6	0000000000000000	3	2
1540	-4.9	0000000000000001	3	2
1557	-4.9	0000000000000011	3	2
1565	-4.3	0000000000100000	3	2
1570	-4.9	0000000000000101	3	2
1619	-4.9	0000000000100001	3	2
1620	-4.9	0000000001000001	3	2
1621	-4.9	0000000001100001	3	2
1655	-4.9	0000000000100101	3	2
1665	-4.9	0000000001000101	3	2
1666	-4.9	0000000001000011	3	2
1689	-4.9	0000000001100101	3	2
1709	-2.9	0000000000011001	4	2
1712	-4.3	0000000001011001	2	2
1717	-5.2	0000000000000000	5	2
1718	-4.9	0000000000000001	4	2
1719	-4.9	0000000000000001	4	2
1720	-4.9	0000000000000001	4	2
1741	-4.9	0000000000000011	4	2
1742	-4.9	0000000000000011	4	2
1752	-4.6	0000000000100000	3	2
1754	-4.9	0000000000000101	4	2
1755	-4.9	0000000000000101	4	2
1763	-4.9	0000000000000111	4	2
1774	-4.9	0000000000100001	4	2
1775	-4.9	0000000001000001	4	2
1776	-4.9	0000000000100001	4	2
1777	-4.9	0000000001000001	4	2
1778	-4.9	0000000001100001	4	2
1829	-4.9	0000000000100011	4	2
1839	-4.9	0000000000100101	4	2
1849	-4.9	0000000001000101	4	2
1850	-4.9	0000000001000011	4	2
1858	-4.9	0000000001100011	4	2
1867	-4.9	0000000001011001	4	2
1868	-4.9	0000000001011001	4	2
1869	-4.9	0000000001100101	4	2
1873	-4.9	0000000001011011	4	2
1883	-4.9	0000000001100111	4	2
1885	-4.9	0000000001111001	4	2
1901	-2.9	1000000001100110	4	1
1904	-3.2	1000000000000001	4	1
1913	-4.6	1000000000000010	4	1
1914	-4.6	1000000000000010	4	1
1915	-4.6	1000000001000000	4	2
1918	-4.6	1000000001000000	4	2
1921	-4.6	1000000000100000	4	1
1922	-4.6	1000000001100000	4	1
1923	-4.6	1000000000100000	4	1
1924	-4.6	1000000001100000	4	1
1927	-4.6	1000000000000100	4	1
1928	-4.6	1000000000000100	4	1
1933	-4.6	1000000000000110	4	1
1936	-4.6	1000000000000110	4	1
1941	-4.6	1000000000011000	4	2
1942	-4.6	1000000000011000	4	2
1945	-4.9	1000000000011000	4	2
1958	-4.6	1000000000011010	4	1
1969	-4.6	1000000001011000	4	1
1971	-4.6	1000000000011100	4	1
1972	-4.6	1000000000011100	4	1
1973	-4.6	1000000000111000	4	1
1976	-4.6	1000000000111000	4	1
1992	-4.6	1000000000100010	4	1
1993	-4.6	1000000000100010	4	1
1994	-4.6	1000000001000100	4	1
1997	-4.6	1000000001000100	4	1
1999	-4.6	1000000001000010	4	1
2000	-4.6	1000000001100010	4	1
2001	-4.6	1000000001000010	4	1
2002	-4.6	1000000001100010	4	1
2003	-4.6	1000000000100100	4	1
2004	-4.6	1000000000100100	4	1
2007	-4.9	1000000000100100	4	1
2010	-4.6	1000000001000110	4	1
2013	-4.6	1000000000100110	4	1
2014	-4.6	1000000000100110	4	1
2015	-4.6	1000000001100100	4	1
2018	-4.6	1000000001100100	4	1
2022	-4.6	1000000001000110	4	1
2023	-4.9	1000000001000010	4	1
2026	-4.6	1000000000111010	4	1
2027	-4.6	1000000001011100	4	1
2029	-4.6	1000000001100110	4	1
2031	-4.6	1000000001011100	4	1
2033	-4.6	1000000001011010	4	1
2034	-4.6	1000000001100110	4	1
2040	-4.9	1000000001011010	4	1
2044	-4.9	1000000001100110	4	1
2047	-4.9	1000000001111110	4	1
2048	-3.2	1000000000000001	4	1
2058	-4.6	1000000000000010	4	1
2062	-4.6	1000000001000000	4	2
2068	-4.6	1000000000100000	4	1
2069	-4.6	1000000001100000	4	1
2072	-4.6	1000000000000100	4	1
2080	-4.6	1000000000000110	4	1
2086	-4.6	1000000000011000	4	2
2087	-4.6	1000000000011000	4	2
2089	-4.9	1000000000011000	4	2
2098	-4.6	1000000000011010	4	1
2103	-4.6	1000000001011000	4	1
2110	-4.6	1000000000011100	4	1
2120	-4.6	1000000000111000	4	1
2137	-4.6	1000000000100010	4	1
2141	-4.6	1000000001000100	4	1
2145	-4.6	1000000001000010	4	1
2146	-4.6	1000000001000010	4	1
2147	-4.6	1000000001100010	4	1
2149	-4.6	1000000000100100	4	1
2150	-4.6	1000000000100100	4	1
2152	-4.9	1000000000100100	4	1
2158	-4.6	1000000000100110	4	1
2162	-4.6	1000000001100100	4	1
2166	-4.6	1000000001000110	4	1
2167	-4.9	1000000001000010	4	1
2169	-4.6	1000000000111010	4	1
2175	-4.6	1000000001011100	4	1
2177	-4.6	1000000001100110	4	1
2178	-4.6	1000000001011010	4	1
2179	-4.6	1000000001100110	4	1
2184	-4.9	1000000001011010	4	1
2188	-4.9	1000000001100110	4	1
2191	-4.9	1000000001111110	4	1
2192	-3.2	1000000000000001	4	1
2196	-4.9	1000000000000001	4	1
2207	-4.6	1000000000000010	4	1
2209	-4.3	1000000001000000	4	2
2211	-4.6	1000000001000000	4	2
2215	-4.9	1000000000000011	4	1
2217	-4.6	1000000000100000	4	1
2218	-4.6	1000000001100000	4	1
2219	-4.6	1000000011000000	4	2
2222	-4.6	1000000000000100	4	1
2233	-4.6	1000000000000110	4	1
2236	-4.9	1000000011100000	4	2
2240	-4.6	1000000000011000	4	2
2241	-4.6	1000000000011000	4	2
2244	-4.9	1000000000011000	4	2
2245	-2.9	1000000000011001	4	1
2255	-4.6	1000000000011010	4	1
2262	-4.6	1000000001011000	4	1
2264	-4.9	1000000000100001	4	1
2265	-4.9	1000000001000001	4	1
2266	-4.9	1000000001100001	4	1
2272	-4.6	1000000000011100	4	1
2277	-4.6	1000000000111000	4	1
2297	-4.6	1000000000100010	4	1
2300	-4.6	1000000001000100	4	1
2302	-4.9	1000000000100011	4	1
2303	-4.6	1000000001000010	4	1
2304	-4.6	1000000001000010	4	1
2305	-4.6	1000000001100010	4	1
2306	-4.6	1000000000100100	4	1
2307	-4.6	1000000000100100	4	1
2310	-4.9	1000000000100100	4	1
2313	-4.9	1000000000100101	4	1
2317	-4.6	1000000000100110	4	1
2320	-4.6	1000000001100100	4	1
2326	-4.6	1000000001000110	4	1
2327	-4.9	1000000001000101	4	1
2328	-4.9	1000000001000011	4	1
2329	-4.9	1000000001000010	4	1
2331	-4.6	1000000000111010	4	1
2334	-4.6	1000000001011100	4	1
2335	-4.9	1000000001100011	4	1
2337	-4.6	1000000001011010	4	1
2338	-4.6	1000000001100110	4	1
2344	-4.9	1000000001011010	4	1
2347	-4.9	1000000001100101	4	1
2353	-4.6	1000000001100110	4	1
2354	-4.9	1000000001100110	4	1
2356	-4.9	1000000011100110	4	1
2358	-4.9	1000000001111110	4	1
2359	-5.2	1000000011111111	4	1
2364	-4.3	0000000110000000	3	2
2424	-2.9	0000000110000001	3	2
2425	-2.9	0000000110000011	3	2
2442	-4.3	0000000110000100	3	2
2443	-4.3	0000000110000010	3	2
2444	-4.3	0000000110000110	3	2
2465	-2.9	0000000110000011	3	2
2602	-4.3	0000000110000001	4	2
2618	-4.3	0000000110000001	2	2
2623	-4.3	0000000110000001	2	2
2629	-4.3	0000000110000101	4	2
2657	-4.3	0000000110000101	2	2
2658	-4.3	0000000110000011	2	2
2662	-4.6	0000000110000001	2	2
2716	-4.3	0000000110011001	2	2
2717	-4.3	0000000110011001	2	2
2729	-4.6	0000000110100101	2	2
2734	-4.6	0000000110011001	2	2
2744	-4.3	1000000001000000	2	2
2754	-2.9	0000000110000001	4	2
2760	-4.6	0000000110000001	4	2
2762	-2.9	0000000110000011	4	2
2769	-4.3	0000000110000001	2	2
2773	-4.6	0000000110000101	4	2
2802	-4.6	0000000110100011	4	2
2805	-4.3	0000000110011001	2	2
2806	-4.6	0000000110100101	4	2
2809	-4.9	0000000110100101	4	2
2810	-4.3	1000000001100110	2	1
3067	-4.6	0000000110000000	3	2
3086	-4.3	0000000100100000	3	2
3100	-4.3	0000000110000100	3	2
3101	-4.3	0000000110000010	3	2
3102	-4.3	0000000110000110	3	2
3178	-4.6	0000000110000000	4	2
3208	-4.6	0000000110000001	4	2
3223	-4.6	0000000110000101	4	2
3271	-4.6	0000000110100011	4	2
3275	-4.6	0000000110100101	4	2
3278	-4.6	0000000110100111	4	2
3298	-4.9	1000000000000011	4	1
3307	-4.9	1000000000000101	4	1
3314	-4.9	1000000000000111	4	1
3319	-4.9	0000000110000001	4	2
3320	-4.9	1000000000100001	4	1
3321	-4.9	1000000001000001	4	1
3322	-4.9	1000000001100001	4	1
3332	-4.9	0000000110000101	4	2
3368	-4.9	1000000000100011	4	1
3376	-4.9	1000000000100101	4	1
3387	-4.9	1000000001000101	4	1
3388	-4.9	1000000001000011	4	1
3392	-4.9	0000000110100011	4	2
3393	-4.9	1000000001100011	4	1
3402	-4.9	1000000001011001	4	1
3403	-4.9	0000000110100101	4	2
3404	-4.9	1000000001100101	4	1
3412	-4.9	1000000001100110	4	1
3414	-4.9	1000000001100111	4	1
3415	-4.9	1000000001111001	4	1
3420	-4.3	0000000110000000	3	2
3494	-2.9	0000000110000001	3	2
3507	-4.3	0000000110000100	3	2
3508	-4.3	0000000110000010	3	2
3509	-4.3	0000000110000110	3	2
3517	-2.9	0000000110000011	3	2
3569	-4.3	0000000110011100	3	2
3584	-4.3	0000000110011010	3	2
3654	-4.3	0000000110000001	2	2
3659	-4.3	0000000110000001	2	2
3681	-4.3	0000000110000101	2	2
3688	-4.3	0000000110000011	4	2
3703	-4.3	0000000110000101	2	2
3704	-4.3	0000000110000011	2	2
3708	-4.6	0000000110000001	2	2
3765	-4.3	0000000110011001	2	2
3774	-4.6	0000000110100101	2	2
3779	-4.6	0000000110011001	2	2
3793	-2.9	1000000000100000	3	2
3796	-2.9	0000000110000001	4	2
3802	-4.3	0000000110000001	2	2
3814	-2.9	0000000110000011	4	2
3820	-4.3	0000000110000101	2	2
3821	-4.6	0000000110000011	4	2
3850	-4.6	0000000110000000	3	2
3863	-4.3	0000000100100000	3	2
3900	-4.3	0000000110000100	3	2
3901	-4.3	0000000110000010	3	2
3902	-4.3	0000000110000110	3	2
3903	-4.3	0000000110000001	3	2
3960	-4.9	1000000000000010	3	1
3962	-4.9	1000000001000000	3	2
3970	-4.9	1000000000000100	3	1
3971	-4.6	1000000000100000	3	2
3972	-4.9	1000000000100000	3	2
3975	-4.9	1000000001100000	3	1
3979	-4.9	1000000000000110	3	1
3983	-4.9	1000000000011000	3	2
3991	-4.9	1000000000011010	3	1
3993	-4.9	1000000001011000	3	2
4006	-4.9	1000000000011100	3	1
4007	-4.9	1000000000111000	3	2
4009	-4.9	0000000110000011	4	2
4031	-4.9	1000000000100010	3	1
4032	-4.9	1000000001000100	3	1
4040	-4.9	1000000000100100	3	1
4047	-4.9	1000000001000010	3	1
4048	-4.9	1000000001100010	3	1
4050	-4.9	1000000000100110	3	1
4051	-4.9	1000000001100100	3	1
4055	-4.9	1000000001000110	3	1
4061	-4.9	1000000000111010	3	1
4062	-4.9	1000000001011100	3	1
4065	-4.9	1000000000111100	3	1
4071	-4.9	1000000001011010	3	1
4075	-4.9	1000000001011110	3	1
4076	-4.9	1000000001100110	3	1
4077	-4.9	1000000001111010	3	1
4154	-2.9	0000000110000001	3	2
4169	-2.9	0000000110000011	3	2
4300	-4.3	0000000110000001	2	2
4302	-4.3	0000000110000001	2	2
4332	-4.3	0000000110000101	2	2
4333	-4.3	0000000110000011	2	2
4337	-4.6	0000000110000001	2	2
4381	-4.3	0000000110011001	2	2
4382	-4.3	0000000110011001	2	2
4393	-4.6	0000000110100101	2	2
4399	-4.6	0000000110011001	2	2
4402	-3.2	0000000110000000	3	2
4437	-2.9	0000000110000001	4	2
4438	-2.9	0000000110000001	4	2
4439	-2.9	0000000110000001	4	2
4445	-2.9	0000000100011001	4	2
4458	-4.3	0000000110000001	2	2
4460	-4.3	0000000110000001	2	2
4467	-2.9	0000000110000011	4	2
4468	-2.9	0000000110000011	4	2
4490	-4.3	0000000110000101	2	2
4491	-4.3	0000000110000011	2	2
4495	-4.6	0000000110000001	2	2
4539	-4.3	0000000110011001	2	2
4540	-4.3	0000000110011001	2	2
4551	-4.6	0000000110100101	2	2
4557	-4.6	0000000110011001	2	2
4773	-4.3	0000000100100000	3	2
4799	-4.6	0000000100100000	3	2
5352	-4.3	0100000001011001	2	1
5362	-4.6	0100000000000101	4	1
5367	-4.6	0100000000100001	4	1
5368	-4.6	0100000001000001	4	1
5369	-4.6	0100000001100001	4	1
5399	-4.6	0100000001011001	4	1
5400	-4.6	0100000001100101	4	1
5403	-4.6	0100000000000010	4	1
5409	-4.6	0100000000000011	4	1
5410	-4.6	0100000000000011	4	1
5422	-4.6	0100000000000101	4	1
5423	-4.6	0100000000000101	4	1
5431	-4.6	0100000000000111	4	1
5442	-4.6	0100000000100001	4	1
5443	-4.6	0100000001000001	4	1
5444	-4.6	0100000000100001	4	1
5445	-4.6	0100000001000001	4	1
5446	-4.6	0100000001100001	4	1
5497	-4.6	0100000000100011	4	1
5507	-4.6	0100000000100101	4	1
5517	-4.6	0100000001000101	4	1
5518	-4.6	0100000001000011	4	1
5526	-4.6	0100000001100011	4	1
5535	-4.6	0100000001011001	4	1
5536	-4.6	0100000001011001	4	1
5537	-4.6	0100000001100101	4	1
5541	-4.6	0100000001011011	4	1
5551	-4.6	0100000001100111	4	1
5553	-4.6	0100000001111001	4	1
5559	-4.3	0100000010100000	3	2
5561	-4.6	0100000011100000	3	2
5564	-2.9	0100000000111001	3	1
5566	-4.3	0100000010100110	3	1
5568	-4.6	0100000011100110	3	1
5569	-4.9	0100000011111111	3	1
5575	-4.6	0000001000000101	4	2
5580	-4.6	0000001000100001	4	2
5581	-4.6	0000001001000001	4	2
5582	-4.6	0000001001100001	4	2
5612	-4.6	0000001001011001	4	2
5613	-4.6	0000001001100101	4	2
5616	-4.6	0100000000000010	3	1
5624	-4.9	0100000000000011	3	1
5632	-4.3	0100000000100000	3	2
5637	-4.9	0100000000000101	3	1
5686	-4.9	0100000000100001	3	1
5687	-4.9	0100000001000001	3	1
5688	-4.9	0100000001100001	3	1
5722	-4.9	0100000000100101	3	1
5732	-4.9	0100000001000101	3	1
5733	-4.9	0100000001000011	3	1
5756	-4.9	0100000001100101	3	1
5777	-4.3	0000010001011001	2	1
5786	-4.3	0000001000000011	4	2
5787	-4.3	0000001000000011	2	2
5805	-4.3	0000001000000101	4	2
5806	-4.3	0000001000000101	2	2
5826	-4.3	0000001000011001	2	2
5828	-4.3	0000001010000001	4	2
5829	-4.3	0000001000100001	4	2
5830	-4.3	0000001001000001	4	2
5831	-4.3	0000001001100001	4	2
5838	-4.3	0000001000100001	2	2
5839	-4.3	0000001001000001	2	2
5840	-4.3	0000001010000001	2	1
5846	-4.3	0000001010000101	4	2
5864	-4.3	0000001010000011	4	2
5882	-4.3	0000001010000101	2	1
5883	-4.3	0000001010000011	2	1
5887	-4.6	0000001010000001	2	1
5908	-4.3	0000001000100011	4	2
5909	-4.3	0000001000100011	2	2
5923	-4.3	0000001000100101	4	2
5924	-4.3	0000001000100101	2	2
5941	-4.3	0000001001000101	2	2
5942	-4.3	0000001001000011	2	2
5947	-4.3	0000001001000101	4	2
5948	-4.3	0000001001000011	4	2
5961	-4.3	0000001001100011	4	2
5974	-4.3	0000001001011001	2	1
5976	-4.3	0000001001100101	4	2
5979	-4.3	0000001001100101	2	1
5988	-4.6	0000001010100101	2	1
5996	-4.6	0000001010011001	2	1
6000	-4.6	0000001001000000	3	2
6006	-4.9	0000001000000011	3	2
6014	-4.3	0000001000100000	3	2
6019	-4.9	0000001000000101	3	2
6068	-4.9	0000001000100001	3	2
6069	-4.9	0000001001000001	3	2
6070	-4.9	0000001001100001	3	2
6085	-4.6	0000010110000001	2	1
6104	-4.9	0000001000100101	3	2
6114	-4.9	0000001001000101	3	2
6115	-4.9	0000001001000011	3	2
6138	-4.9	0000001001100101	3	2
6147	-4.6	0000010110011001	2	1
6150	-4.6	0000001001000000	4	2
6152	-4.6	0000001000000011	4	2
6153	-4.6	0000001000000011	4	2
6165	-4.6	0000001000000101	4	2
6166	-4.6	0000001000000101	4	2
6174	-4.6	0000001000000111	4	2
6185	-4.6	0000001000100001	4	2
6186	-4.6	0000001001000001	4	2
6187	-4.6	0000001000100001	4	2
6188	-4.6	0000001001000001	4	2
6189	-4.6	0000001001100001	4	2
6234	-4.6	0000001110000001	2	1
6240	-4.6	0000001000100011	4	2
6250	-4.6	0000001000100101	4	2
6260	-4.6	0000001001000101	4	2
6261	-4.6	0000001001000011	4	2
6269	-4.6	0000001001100011	4	2
6278	-4.6	0000001001011001	4	2
6279	-4.6	0000001001011001	4	2
6280	-4.6	0000001001100101	4	2
6284	-4.6	0000001001011011	4	2
6294	-4.6	0000001001100111	4	2
6527	-2.9	1100000001100110	4	1
6532	-4.6	1010000000011000	4	2
6557	-4.6	1010000001000010	4	1
6558	-4.6	1010000000100100	4	2
6561	-4.6	1010000001100110	4	1
6564	-3.2	1100000000000011	4	1
6567	-4.6	1100000000100000	4	1
6568	-4.6	1100000001100000	4	1
6571	-4.6	1100000000000100	4	2
6579	-4.6	1100000000000110	4	1
6585	-4.6	1100000000011000	4	2
6586	-4.6	1100000000011000	4	2
6588	-4.9	1100000000011000	4	2
6601	-4.6	1100000000011010	4	1
6606	-4.6	1100000001011000	4	2
6613	-4.6	1100000000011100	4	2
6623	-4.6	1100000000111000	4	2
6640	-4.6	1100000000100010	4	1
6644	-4.6	1100000001000100	4	2
6648	-4.6	1100000001000010	4	1
6649	-4.6	1100000001000010	4	1
6650	-4.6	1100000001100010	4	1
6652	-4.6	1100000000100100	4	2
6653	-4.6	1100000000100100	4	2
6655	-4.9	1100000000100100	4	2
6662	-4.6	1100000000100110	4	1
6666	-4.6	1100000001100100	4	2
6670	-4.6	1100000001000110	4	1
6671	-4.9	1100000001000010	4	1
6673	-4.6	1100000000111010	4	1
6679	-4.6	1100000001011100	4	1
6681	-4.6	1100000001100110	4	1
6682	-4.6	1100000001011010	4	1
6683	-4.6	1100000001100110	4	1
6689	-4.9	1100000001011010	4	1
6693	-4.9	1100000001100110	4	1
6696	-4.9	1100000001111110	4	1
6697	-3.2	1100000000000011	4	1
6698	-4.9	1100000000000011	4	1
6700	-4.6	1100000000100000	4	1
6701	-4.6	1100000001100000	4	1
6702	-4.6	1100000011000000	4	2
6705	-4.6	1100000000000100	4	2
6716	-4.6	1100000000000110	4	1
6719	-4.9	1100000011100000	4	2
6723	-4.6	1100000000011000	4	2
6724	-4.6	1100000000011000	4	2
6727	-4.9	1100000000011000	4	2
6728	-2.9	1100000000011001	4	1
6738	-4.6	1100000000011010	4	1
6745	-4.6	1100000001011000	4	2
6747	-4.9	1100000000100001	4	1
6748	-4.9	1100000001000001	4	1
6749	-4.9	1100000001100001	4	1
6755	-4.6	1100000000011100	4	2
6760	-4.6	1100000000111000	4	2
6780	-4.6	1100000000100010	4	1
6783	-4.6	1100000001000100	4	2
6785	-4.9	1100000000100011	4	1
6786	-4.6	1100000001000010	4	1
6787	-4.6	1100000001000010	4	1
6788	-4.6	1100000001100010	4	1
6789	-4.6	1100000000100100	4	2
6790	-4.6	1100000000100100	4	2
6793	-4.9	1100000000100100	4	2
6796	-4.9	1100000000100101	4	1
6800	-4.6	1100000000100110	4	1
6803	-4.6	1100000001100100	4	2
6809	-4.6	1100000001000110	4	1
6810	-4.9	1100000001000101	4	1
6811	-4.9	1100000001000011	4	1
6812	-4.9	1100000001000010	4	1
6814	-4.6	1100000000111010	4	1
6817	-4.6	1100000001011100	4	1
6818	-4.9	1100000001100011	4	1
6820	-4.6	1100000001011010	4	1
6821	-4.6	1100000001100110	4	1
6827	-4.9	1100000001011010	4	1
6830	-4.9	1100000001100101	4	1
6836	-4.6	1100000001100110	4	1
6837	-4.9	1100000001100110	4	1
6839	-4.9	1100000011100110	4	1
6841	-4.9	1100000001111110	4	1
6842	-5.2	1100000011111111	4	1
6845	-4.6	0000010000000101	4	1
6850	-4.6	0000010000100001	4	1
6851	-4.6	0000010001000001	4	1
6852	-4.6	0000010001100001	4	1
6882	-4.6	0000010001011001	4	1
6883	-4.6	0000010001100101	4	1
6888	-4.6	0000011000000101	4	1
6895	-4.6	0000011000100001	4	1
6896	-4.6	0000011001000001	4	1
6913	-4.6	0000011001011001	4	1
6915	-4.3	1100000001100110	2	1
6924	-4.9	1100000000000101	4	1
6931	-4.9	1100000000000111	4	1
6936	-4.9	0000001110000001	4	2
6937	-4.9	1100000000100001	4	1
6938	-4.9	1100000001000001	4	1
6939	-4.9	1100000001100001	4	1
6949	-4.9	0000001110000101	4	2
6985	-4.9	1100000000100011	4	1
6993	-4.9	1100000000100101	4	1
7004	-4.9	1100000001000101	4	1
7005	-4.9	1100000001000011	4	1
7009	-4.9	0000001110100011	4	2
7010	-4.9	1100000001100011	4	1
7019	-4.9	1100000001011001	4	1
7020	-4.9	0000001110100101	4	2
7021	-4.9	1100000001100101	4	1
7029	-4.9	1100000001100110	4	1
7031	-4.9	1100000001100111	4	1
7032	-4.9	1100000001111001	4	1
7034	-2.9	1100000000100000	3	2
7043	-4.3	0000001100100000	3	2
7055	-4.6	0000010110000001	4	1
7070	-4.6	0000010110000101	4	1
7139	-4.9	1100000000000100	3	2
7140	-4.6	1100000000100000	3	2
7141	-4.9	1100000000100000	3	2
7144	-4.9	1100000001100000	3	1
7148	-4.9	1100000000000110	3	1
7152	-4.9	1100000000011000	3	2
7160	-4.9	1100000000011010	3	1
7162	-4.9	1100000001011000	3	2
7175	-4.9	1100000000011100	3	2
7176	-4.9	1100000000111000	3	2
7178	-4.9	0000001110000011	4	2
7200	-4.9	1100000000100010	3	1
7201	-4.9	1100000001000100	3	2
7209	-4.9	1100000000100100	3	2
7216	-4.9	1100000001000010	3	1
7217	-4.9	1100000001100010	3	1
7219	-4.9	1100000000100110	3	1
7220	-4.9	1100000001100100	3	2
7224	-4.9	1100000001000110	3	1
7230	-4.9	1100000000111010	3	1
7231	-4.9	1100000001011100	3	2
7234	-4.9	1100000000111100	3	2
7240	-4.9	1100000001011010	3	1
7244	-4.9	1100000001011110	3	1
7245	-4.9	1100000001100110	3	1
7246	-4.9	1100000001111010	3	1
7252	-4.6	0000010000100000	4	1
7261	-4.6	0000010000000101	4	1
7262	-4.6	0000010000000101	4	1
7270	-4.6	0000010000000111	4	1
7281	-4.6	0000010000100001	4	1
7282	-4.6	0000010001000001	4	1
7283	-4.6	0000010000100001	4	1
7284	-4.6	0000010001000001	4	1
7285	-4.6	0000010001100001	4	1
7336	-4.6	0000010000100011	4	1
7346	-4.6	0000010000100101	4	1
7356	-4.6	0000010001000101	4	1
7357	-4.6	0000010001000011	4	1
7365	-4.6	0000010001100011	4	1
7374	-4.6	0000010001011001	4	1
7375	-4.6	0000010001011001	4	1
7376	-4.6	0000010001100101	4	1
7380	-4.6	0000010001011011	4	1
7390	-4.6	0000010001100111	4	1
7392	-4.6	0000010001111001	4	1
7395	-4.6	0000011001100000	4	1
7403	-4.6	0000011000000101	4	1
7404	-4.6	0000011000000101	4	1
7412	-4.6	0000011000000111	4	1
7423	-4.6	0000011000100001	4	1
7424	-4.6	0000011001000001	4	1
7425	-4.6	0000011000100001	4	1
7426	-4.6	0000011001000001	4	1
7427	-4.6	0000011001100001	4	1
7472	-4.6	0000001110000001	2	2
7478	-4.6	0000011000100011	4	1
7488	-4.6	0000011000100101	4	1
7498	-4.6	0000011001000101	4	1
7499	-4.6	0000011001000011	4	1
7507	-4.6	0000011001100011	4	1
7516	-4.6	0000011001011001	4	1
7517	-4.6	0000011001011001	4	1
7518	-4.6	0000011001100101	4	1
7522	-4.6	0000011001011011	4	1
7532	-4.6	0000011001100111	4	1
7538	-4.3	0000001100100000	3	2
7559	-4.6	0000001100000101	4	2
7567	-4.6	0000001100000111	4	2
7582	-4.6	0000001110000001	4	2
7583	-4.6	0000001100100001	4	2
7584	-4.6	0000001101000001	4	2
7602	-4.6	0000001110000101	4	2
7619	-4.6	0000001110000011	4	2
7642	-4.6	0000001110000111	4	2
7661	-4.6	0000001100100011	4	2
7677	-4.6	0000001100100101	4	2
7694	-4.6	0000001101000101	4	2
7695	-4.6	0000001101000011	4	2
7736	-4.6	0000001100100000	3	2
8055	-4.3	0010000001011001	2	2
8061	-4.6	0010000000000101	4	2
8066	-4.6	0010000000100001	4	1
8067	-4.6	0010000001000001	4	1
8068	-4.6	0010000001100001	4	1
8098	-4.6	0010000001011001	4	2
8099	-4.6	0010000001100101	4	2
8102	-4.6	0010000000000100	4	2
8106	-4.6	0010000000000101	4	2
8107	-4.6	0010000000000101	4	2
8115	-4.6	0010000000000111	4	2
8126	-4.6	0010000000100001	4	1
8127	-4.6	0010000001000001	4	1
8128	-4.6	0010000000100001	4	1
8129	-4.6	0010000001000001	4	1
8130	-4.6	0010000001100001	4	1
8181	-4.6	0010000000100011	4	2
8191	-4.6	0010000000100101	4	2
8201	-4.6	0010000001000101	4	2
8202	-4.6	0010000001000011	4	2
8210	-4.6	0010000001100011	4	2
8219	-4.6	0010000001011001	4	2
8220	-4.6	0010000001011001	4	2
8221	-4.6	0010000001100101	4	2
8225	-4.6	0010000001011011	4	2
8235	-4.6	0010000001100111	4	2
8237	-4.6	0010000001111001	4	2
8241	-4.3	0010000010100000	3	2
8243	-4.6	0010000011100000	3	2
8246	-2.9	0010000000111001	3	2
8248	-4.3	0010000010100110	3	2
8250	-4.6	0010000011100110	3	2
8251	-4.9	0010000011111111	3	2
8252	-4.6	0010000000000100	3	2
8253	-4.3	0010000000100000	3	2
8258	-4.9	0010000000000101	3	2
8307	-4.9	0010000000100001	3	1
8308	-4.9	0010000001000001	3	1
8309	-4.9	0010000001100001	3	1
8343	-4.9	0010000000100101	3	2
8353	-4.9	0010000001000101	3	2
8354	-4.9	0010000001000011	3	2
8377	-4.9	0010000001100101	3	2
8390	-4.3	0000010000100000	3	2
8394	-4.3	0000010010100000	3	1
8396	-4.6	0000010000000101	3	2
8397	-4.3	0000010001100000	3	2
8398	-4.6	0000010010100000	3	2
8402	-4.3	0000010000000110	3	2
8404	-4.6	0000010011100000	3	1
8409	-4.3	0000010000011000	3	2
8411	-4.6	0000010000011000	3	2
8414	-2.9	0000010000011001	3	2
8419	-4.6	0000010010011000	3	2
8424	-4.3	0000010000011010	3	2
8428	-4.3	0000010001011000	3	2
8434	-4.3	0000010010000100	3	2
8435	-4.3	0000010010000010	3	2
8446	-4.3	0000010000011100	3	2
8447	-2.9	0000010000100001	3	2
8448	-2.9	0000010001000001	3	1
8449	-4.3	0000010000111000	3	2
8452	-4.3	0000010010000100	3	2
8453	-4.3	0000010010000010	3	2
8457	-4.6	0000010000100001	3	2
8458	-4.6	0000010001000001	3	2
8459	-4.6	0000010001100001	3	2
8465	-2.9	0000010010000011	3	1
8478	-4.3	0000010010000100	3	2
8479	-4.3	0000010010000010	3	2
8480	-4.3	0000010010000110	3	2
8481	-4.6	0000010010000111	3	2
8484	-4.6	0000010010000100	3	2
8485	-4.6	0000010010000010	3	2
8486	-4.6	0000010010000110	3	2
8487	-4.9	0000010010000001	3	2
8491	-4.3	0000010000100010	3	2
8493	-4.3	0000010001000100	3	2
8497	-4.3	0000010011000100	3	1
8499	-2.9	0000010000100011	3	2
8500	-4.3	0000010011000100	3	1
8503	-4.3	0000010011000100	3	1
8504	-4.6	0000010011000100	3	2
8507	-4.3	0000010000100100	3	2
8509	-4.6	0000010000100100	3	2
8513	-4.3	0000010011000010	3	1
8517	-4.3	0000010011000010	3	1
8518	-4.6	0000010000100101	3	2
8519	-4.3	0000010001000010	3	2
8520	-4.3	0000010001100010	3	2
8522	-4.3	0000010011000010	3	1
8523	-4.6	0000010010100100	3	2
8526	-2.9	0000010001000011	3	1
8530	-4.3	0000010000100110	3	2
8532	-4.3	0000010001100100	3	2
8536	-4.3	0000010001000110	3	2
8537	-4.6	0000010001000101	3	2
8538	-4.6	0000010001000011	3	2
8542	-4.6	0000010001000010	3	2
8543	-4.6	0000010010100010	3	2
8544	-4.6	0000010011000010	3	2
8546	-2.9	0000010000111001	3	1
8547	-4.3	0000010010011100	3	2
8550	-4.3	0000010000111010	3	2
8551	-4.3	0000010001011100	3	2
8555	-4.3	0000010000111100	3	2
8559	-4.6	0000010011000110	3	2
8562	-4.3	0000010010011010	3	2
8564	-4.3	0000010010011010	3	2
8565	-4.3	0000010001011010	3	2
8567	-4.6	0000010001011010	3	2
8572	-4.6	0000010001100101	3	2
8574	-4.3	0000010001100110	3	2
8577	-4.3	0000010010100110	3	1
8578	-4.6	0000010010100110	3	2
8580	-4.6	0000010001100110	3	2
8582	-4.6	0000010011100110	3	1
8584	-4.6	0000010001111110	3	2
8585	-4.9	0000010011100111	3	2
8586	-4.9	0000010011111111	3	1
8587	-4.6	0000010000100000	3	2
8591	-4.9	0000010000000101	3	2
8640	-4.9	0000010000100001	3	2
8641	-4.9	0000010001000001	3	2
8642	-4.9	0000010001100001	3	2
8676	-4.9	0000010000100101	3	2
8686	-4.9	0000010001000101	3	2
8687	-4.9	0000010001000011	3	2
8710	-4.9	0000010001100101	3	2
8783	-4.6	1010000000000110	4	1
8786	-4.6	1010000000000110	4	1
8791	-4.6	1010000000011000	4	2
8792	-4.6	1010000000011000	4	2
8795	-4.9	1010000000011000	4	2
8810	-4.6	1010000000011010	4	2
8821	-4.6	1010000001011000	4	2
8823	-4.6	1010000000011100	4	2
8824	-4.6	1010000000011100	4	2
8825	-4.6	1010000000111000	4	2
8828	-4.6	1010000000111000	4	2
8844	-4.6	1010000000100010	4	1
8845	-4.6	1010000000100010	4	1
8846	-4.6	1010000001000100	4	2
8849	-4.6	1010000001000100	4	2
8852	-4.6	1010000001000010	4	1
8853	-4.6	1010000001100010	4	1
8854	-4.6	1010000001000010	4	1
8855	-4.6	1010000001100010	4	1
8856	-4.6	1010000000100100	4	2
8857	-4.6	1010000000100100	4	2
8860	-4.9	1010000000100100	4	2
8863	-4.6	1010000001000110	4	1
8866	-4.6	1010000000100110	4	1
8867	-4.6	1010000000100110	4	1
8868	-4.6	1010000001100100	4	2
8871	-4.6	1010000001100100	4	2
8875	-4.6	1010000001000110	4	1
8876	-4.9	1010000001000010	4	1
8879	-4.6	1010000000111010	4	1
8880	-4.6	1010000001011100	4	2
8882	-4.6	1010000001100110	4	1
8884	-4.6	1010000001011100	4	2
8886	-4.6	1010000001011010	4	1
8887	-4.6	1010000001100110	4	1
8893	-4.9	1010000001011010	4	1
8897	-4.9	1010000001100110	4	1
8900	-4.9	1010000001111110	4	1
8907	-4.6	1010000000000110	4	1
8910	-4.9	1010000011100000	4	2
8914	-4.6	1010000000011000	4	2
8915	-4.6	1010000000011000	4	2
8918	-4.9	1010000000011000	4	2
8929	-4.6	1010000000011010	4	2
8936	-4.6	1010000001011000	4	2
8938	-4.9	1010000000100001	4	1
8939	-4.9	1010000001000001	4	1
8940	-4.9	1010000001100001	4	1
8946	-4.6	1010000000011100	4	2
8951	-4.6	1010000000111000	4	2
8971	-4.6	1010000000100010	4	1
8974	-4.6	1010000001000100	4	2
8976	-4.9	1010000000100011	4	1
8977	-4.6	1010000001000010	4	1
8978	-4.6	1010000001000010	4	1
8979	-4.6	1010000001100010	4	1
8980	-4.6	1010000000100100	4	2
8981	-4.6	1010000000100100	4	2
8984	-4.9	1010000000100100	4	2
8987	-4.9	1010000000100101	4	1
8991	-4.6	1010000000100110	4	1
8994	-4.6	1010000001100100	4	2
9000	-4.6	1010000001000110	4	1
9001	-4.9	1010000001000101	4	1
9002	-4.9	1010000001000011	4	1
9003	-4.9	1010000001000010	4	1
9005	-4.6	1010000000111010	4	1
9008	-4.6	1010000001011100	4	2
9009	-4.9	1010000001100011	4	1
9011	-4.6	1010000001011010	4	1
9012	-4.6	1010000001100110	4	1
9018	-4.9	1010000001011010	4	1
9021	-4.9	1010000001100101	4	1
9027	-4.6	1010000001100110	4	1
9028	-4.9	1010000001100110	4	1
9030	-4.9	1010000011100110	4	1
9032	-4.9	1010000001111110	4	1
9033	-5.2	1010000011111111	4	1
9037	-4.3	1010000001100110	2	1
9055	-4.3	0000010100011000	3	2
9142	-4.9	0000010110000111	3	2
9251	-4.6	0110000000100001	4	1
9252	-4.6	0110000001000001	4	1
9269	-4.6	0110000001011001	4	2
9272	-4.9	1010000001100000	3	1
9276	-4.9	1010000000000110	3	1
9280	-4.9	1010000000011000	3	2
9288	-4.9	1010000000011010	3	2
9290	-4.9	1010000001011000	3	2
9303	-4.9	1010000000011100	3	2
9304	-4.9	1010000000111000	3	2
9306	-4.9	0000010110000011	4	2
9328	-4.9	1010000000100010	3	1
9329	-4.9	1010000001000100	3	2
9337	-4.9	1010000000100100	3	2
9344	-4.9	1010000001000010	3	1
9345	-4.9	1010000001100010	3	1
9347	-4.9	1010000000100110	3	1
9348	-4.9	1010000001100100	3	2
9352	-4.9	1010000001000110	3	1
9358	-4.9	1010000000111010	3	2
9359	-4.9	1010000001011100	3	2
9362	-4.9	1010000000111100	3	2
9368	-4.9	1010000001011010	3	2
9372	-4.9	1010000001011110	3	1
9373	-4.9	1010000001100110	3	1
9374	-4.9	1010000001111010	3	1
9380	-4.6	0000011001100000	3	1
9428	-4.9	0000011000100001	3	1
9429	-4.9	0000011001000001	3	1
9430	-4.9	0000011001100001	3	1
9445	-4.6	0000010110000001	2	2
9464	-4.9	0000011000100101	3	1
9474	-4.9	0000011001000101	3	1
9475	-4.9	0000011001000011	3	1
9498	-4.9	0000011001100101	3	1
9507	-4.6	0000010110011001	2	2
9835	-4.6	0110000000000110	4	2
9837	-4.6	0110000000000111	4	2
9848	-4.6	0110000000100001	4	1
9849	-4.6	0110000001000001	4	1
9850	-4.6	0110000000100001	4	1
9851	-4.6	0110000001000001	4	1
9852	-4.6	0110000001100001	4	1
9903	-4.6	0110000000100011	4	1
9913	-4.6	0110000000100101	4	1
9923	-4.6	0110000001000101	4	1
9924	-4.6	0110000001000011	4	1
9932	-4.6	0110000001100011	4	1
9941	-4.6	0110000001011001	4	2
9942	-4.6	0110000001011001	4	2
9943	-4.6	0110000001100101	4	1
9947	-4.6	0110000001011011	4	2
9957	-4.6	0110000001100111	4	2
9959	-4.6	0110000001111001	4	2
9962	-4.6	0110000000000110	3	2
10006	-4.9	0110000000100001	3	1
10007	-4.9	0110000001000001	3	1
10008	-4.9	0110000001100001	3	1
10042	-4.9	0110000000100101	3	1
10052	-4.9	0110000001000101	3	1
10053	-4.9	0110000001000011	3	1
10076	-4.9	0110000001100101	3	1
10089	-4.9	0000011100000111	4	2
10093	-4.6	1110000000011000	4	2
10094	-4.6	1110000000011000	4	2
10097	-4.9	1110000000011000	4	2
10109	-4.6	1110000000011010	4	2
10116	-4.6	1110000001011000	4	2
10118	-4.9	1110000000100001	4	1
10119	-4.9	1110000001000001	4	1
10120	-4.9	1110000001100001	4	1
10126	-4.6	1110000000011100	4	2
10131	-4.6	1110000000111000	4	2
10151	-4.6	1110000000100010	4	1
10154	-4.6	1110000001000100	4	2
10156	-4.9	1110000000100011	4	1
10157	-4.6	1110000001000010	4	1
10158	-4.6	1110000001000010	4	1
10159	-4.6	1110000001100010	4	1
10160	-4.6	1110000000100100	4	2
10161	-4.6	1110000000100100	4	2
10164	-4.9	1110000000100100	4	2
10167	-4.9	1110000000100101	4	1
10171	-4.6	1110000000100110	4	1
10174	-4.6	1110000001100100	4	2
10180	-4.6	1110000001000110	4	2
10181	-4.9	1110000001000101	4	1
10182	-4.9	1110000001000011	4	1
10183	-4.9	1110000001000010	4	1
10185	-4.6	1110000000111010	4	2
10188	-4.6	1110000001011100	4	2
10189	-4.9	1110000001100011	4	1
10191	-4.6	1110000001011010	4	2
10192	-4.6	1110000001100110	4	1
10198	-4.9	1110000001011010	4	2
10201	-4.9	1110000001100101	4	1
10207	-4.6	1110000001100110	4	2
10208	-4.9	1110000001100110	4	2
10210	-4.9	1110000011100110	4	2
10212	-4.9	1110000001111110	4	1
10213	-5.2	1110000011111111	4	1
10215	-4.9	0000011110000001	4	2
10219	-4.9	0000011110000101	4	2
10225	-4.9	0000011110000011	4	2
10250	-4.6	0000011100011000	3	2
10256	-4.9	0000011110000001	4	2
10257	-4.9	0000011100100001	4	2
10258	-4.9	0000011101000001	4	2
10276	-4.9	0000011110000101	4	2
10293	-4.9	0000011110000011	4	2
10316	-4.9	0000011110000111	4	2
10335	-4.9	0000011100100011	4	2
10351	-4.9	0000011100100101	4	2
10368	-4.9	0000011101000101	4	2
10369	-4.9	0000011101000011	4	2
10424	-2.9	1000000110000001	4	1
10442	-2.9	1000000110000100	4	1
10443	-2.9	1000000110000010	4	1
10444	-2.9	1000000110000110	4	1
10481	-2.9	1000000110000100	4	1
10482	-2.9	1000000110000010	4	1
10483	-2.9	1000000110000110	4	1
10602	-2.9	1000000110000100	4	1
10603	-2.9	1000000110000010	4	1
10604	-2.9	1000000110000110	4	1
10607	-2.9	1000000110000011	4	1
10624	-2.9	1000000110000100	4	1
10625	-2.9	1000000110000010	4	1
10626	-2.9	1000000110000110	4	1
10754	-2.9	1000000110000100	4	1
10755	-2.9	1000000110000010	4	1
10756	-2.9	1000000110000110	4	1
10825	-4.3	0001100001011001	2	2
10832	-4.6	0001100000100001	4	2
10833	-4.6	0001100001000001	4	2
10834	-4.6	0001100001100001	4	2
10864	-4.6	0001100001011001	4	2
10865	-4.6	0001100001100101	4	2
10868	-4.6	0001100000011000	4	2
10869	-4.6	0001100000011000	4	2
10872	-4.6	0001100001100001	4	2
10873	-4.6	0001100010000001	4	2
10874	-4.6	0001100000100001	4	2
10875	-4.6	0001100001000001	4	2
10876	-4.6	0001100001100001	4	2
10890	-4.6	0001100010000101	4	2
10941	-4.6	0001100001000101	4	2
10942	-4.6	0001100000100011	4	2
10955	-4.6	0001100000100101	4	2
10956	-4.6	0001100000100101	4	2
10970	-4.6	0001100001000101	4	2
10971	-4.6	0001100001000011	4	2
10975	-4.6	0001100001100011	4	2
10976	-4.6	0001100010100011	4	2
10977	-4.6	0001100001100011	4	2
10990	-4.6	0001100001011001	4	2
10991	-4.6	0001100010100101	4	2
10992	-4.6	0001100001100101	4	2
11002	-4.6	0001100001100111	4	2
11004	-4.6	0001100001111001	4	2
11007	-4.6	0001100000011000	4	2
11012	-4.6	0001100000100001	4	2
11013	-4.6	0001100001000001	4	2
11014	-4.6	0001100000100001	4	2
11015	-4.6	0001100001000001	4	2
11016	-4.6	0001100001100001	4	2
11067	-4.6	0001100000100011	4	2
11077	-4.6	0001100000100101	4	2
11087	-4.6	0001100001000101	4	2
11088	-4.6	0001100001000011	4	2
11096	-4.6	0001100001100011	4	2
11105	-4.6	0001100001011001	4	2
11106	-4.6	0001100001011001	4	2
11107	-4.6	0001100001100101	4	2
11111	-4.6	0001100001011011	4	2
11121	-4.6	0001100001100111	4	2
11123	-4.6	0001100001111001	4	2
11128	-2.9	0001100000111001	3	2
11130	-4.3	0001100010100110	3	2
11132	-4.6	0001100011100110	3	2
11133	-4.9	0001100011111111	3	2
11134	-4.6	0001100000011000	3	2
11135	-4.6	0001100000011000	3	2
11275	-4.6	0001100000011000	3	2
11310	-4.9	0001100000100001	3	2
11311	-4.9	0001100001000001	3	2
11312	-4.9	0001100001100001	3	2
11346	-4.9	0001100000100101	3	2
11356	-4.9	0001100001000101	3	2
11357	-4.9	0001100001000011	3	2
11380	-4.9	0001100001100101	3	2
11392	-2.9	0001100000011001	4	2
11395	-4.3	0001100001011001	2	2
11400	-5.2	0001100000011000	5	2
11402	-4.9	0001100000100001	4	2
11403	-4.9	0001100001000001	4	2
11404	-4.9	0001100000100001	4	2
11405	-4.9	0001100001000001	4	2
11406	-4.9	0001100001100001	4	2
11457	-4.9	0001100000100011	4	2
11467	-4.9	0001100000100101	4	2
11477	-4.9	0001100001000101	4	2
11478	-4.9	0001100001000011	4	2
11486	-4.9	0001100001100011	4	2
11495	-4.9	0001100001011001	4	2
11496	-4.9	0001100001011001	4	2
11497	-4.9	0001100001100101	4	2
11501	-4.9	0001100001011011	4	2
11511	-4.9	0001100001100111	4	2
11513	-4.9	0001100001111001	4	2
11530	-2.9	1001100000100001	4	1
11531	-2.9	1001100001000001	4	1
11578	-2.9	1001100010000100	4	2
11579	-2.9	1001100010000010	4	1
11580	-2.9	1001100010000110	4	2
11591	-2.9	1001100000100011	4	1
11601	-2.9	1001100000100100	4	2
11621	-2.9	1001100001000010	4	1
11625	-2.9	1001100001000011	4	1
11637	-2.9	1001100000111100	4	2
11652	-2.9	1001100001100110	4	2
11657	-3.2	1000010000100001	4	1
11668	-4.6	1000010000011010	4	1
11679	-4.6	1000010001011000	4	1
11681	-4.6	1000010000011100	4	1
11682	-4.6	1000010000011100	4	1
11683	-4.6	1000010000111000	4	1
11686	-4.6	1000010000111000	4	1
11702	-4.6	1000010000100010	4	1
11703	-4.6	1000010000100010	4	1
11704	-4.6	1000010001000100	4	1
11707	-4.6	1000010001000100	4	1
11709	-4.6	1000010001000010	4	1
11710	-4.6	1000010001100010	4	1
11711	-4.6	1000010001000010	4	1
11712	-4.6	1000010001100010	4	1
11713	-4.6	1000010000100100	4	1
11714	-4.6	1000010000100100	4	1
11717	-4.9	1000010000100100	4	1
11720	-4.6	1000010001000110	4	1
11723	-4.6	1000010000100110	4	1
11724	-4.6	1000010000100110	4	1
11725	-4.6	1000010001100100	4	1
11728	-4.6	1000010001100100	4	1
11732	-4.6	1000010001000110	4	1
11733	-4.9	1000010001000010	4	1
11736	-4.6	1000010000111010	4	1
11737	-4.6	1000010001011100	4	1
11739	-4.6	1000010001100110	4	1
11741	-4.6	1000010001011100	4	1
11743	-4.6	1000010001011010	4	1
11744	-4.6	1000010001100110	4	1
11750	-4.9	1000010001011010	4	1
11754	-4.9	1000010001100110	4	1
11757	-4.9	1000010001111110	4	1
11759	-3.2	1000001001000001	4	1
11769	-4.6	1000001000011010	4	1
11773	-4.3	0001100110000001	2	2
11778	-4.3	0001100110000001	2	2
11780	-4.6	1000001001011000	4	1
11782	-4.6	1000001000011100	4	1
11783	-4.6	1000001000011100	4	1
11784	-4.6	1000001000111000	4	1
11787	-4.6	1000001000111000	4	1
11797	-4.3	0001100110000101	2	2
11798	-4.3	0001100110000011	2	2
11802	-4.6	0001100110000001	2	2
11803	-4.6	1000001000100010	4	1
11804	-4.6	1000001000100010	4	1
11805	-4.6	1000001001000100	4	1
11808	-4.6	1000001001000100	4	1
11810	-4.6	1000001001000010	4	1
11811	-4.6	1000001001100010	4	1
11812	-4.6	1000001001000010	4	1
11813	-4.6	1000001001100010	4	1
11814	-4.6	1000001000100100	4	1
11815	-4.6	1000001000100100	4	1
11818	-4.9	1000001000100100	4	1
11821	-4.6	1000001001000110	4	1
11824	-4.6	1000001000100110	4	1
11825	-4.6	1000001000100110	4	1
11826	-4.6	1000001001100100	4	1
11829	-4.6	1000001001100100	4	1
11833	-4.6	1000001001000110	4	1
11834	-4.9	1000001001000010	4	1
11837	-4.6	1000001000111010	4	1
11838	-4.6	1000001001011100	4	1
11840	-4.6	1000001001100110	4	1
11842	-4.6	1000001001011100	4	1
11844	-4.6	1000001001011010	4	1
11845	-4.6	1000001001100110	4	1
11846	-4.3	0001100110011001	2	2
11851	-4.9	1000001001011010	4	1
11854	-4.6	0001100110100101	2	2
11855	-4.9	1000001001100110	4	1
11857	-4.6	0001100110011001	2	2
11858	-4.9	1000001001111110	4	1
11867	-4.3	0001100110000001	2	2
11868	-4.6	1000011000011100	4	1
11869	-4.6	1000011000111000	4	1
11870	-4.6	1000011000100010	4	1
11871	-4.6	1000011001000100	4	1
11872	-4.6	1000011001000010	4	1
11873	-4.6	1000011000100100	4	1
11876	-4.6	1000011001011100	4	1
11878	-4.3	1001100001100110	2	2
11880	-4.3	0001100110000001	2	2
11889	-4.3	0001100110000101	2	2
11893	-4.6	1000011001000010	4	1
11895	-4.6	1000011000100100	4	1
11899	-3.2	1000000110000001	4	1
11904	-4.3	1000000110000100	4	1
11905	-4.3	1000000110000010	4	1
11906	-4.3	1000000110000110	4	1
11907	-4.6	1000000110000001	4	1
11908	-4.6	1000000110000100	4	1
11909	-4.6	1000000110000010	4	1
11910	-4.6	1000000110000110	4	1
11918	-4.6	1000000110000100	4	1
11919	-4.6	1000000110000110	4	1
11920	-4.9	1000000110000100	4	1
11921	-4.9	1000000110000010	4	1
11922	-4.9	1000000110000110	4	1
11945	-4.9	1000000111000100	4	1
11946	-4.6	1000000101000010	4	1
11947	-4.6	1000000110100010	4	1
11948	-4.6	1000000100100100	4	1
11952	-4.6	1000000110100100	4	1
11953	-4.9	1000000110100100	4	1
11959	-4.9	1000000110100010	4	1
11960	-4.9	1000000111000010	4	1
11961	-4.9	1000000111100010	4	1
11964	-4.9	1000000111000110	4	1
11965	-4.6	1000000101100110	4	1
11967	-4.6	1000000110100101	4	1
11968	-4.6	1000000110100110	4	1
11971	-4.9	1000000110100101	4	1
11972	-4.9	1000000110100110	4	1
11975	-4.6	1000000101100110	4	1
11976	-4.9	1000000111100110	4	1
11977	-4.9	1000000111100110	4	1
11978	-5.2	1000000111111111	4	1
11979	-3.2	1000010000100001	4	1
11986	-4.6	1000010000011010	4	1
11993	-4.6	1000010001011000	4	1
11995	-4.9	1000010000100001	4	1
11996	-4.9	1000010001000001	4	1
11997	-4.9	1000010001100001	4	1
12003	-4.6	1000010000011100	4	1
12008	-4.6	1000010000111000	4	1
12028	-4.6	1000010000100010	4	1
12031	-4.6	1000010001000100	4	1
12033	-4.9	1000010000100011	4	1
12034	-4.6	1000010001000010	4	1
12035	-4.6	1000010001000010	4	1
12036	-4.6	1000010001100010	4	1
12037	-4.6	1000010000100100	4	1
12038	-4.6	1000010000100100	4	1
12041	-4.9	1000010000100100	4	1
12044	-4.9	1000010000100101	4	1
12048	-4.6	1000010000100110	4	1
12051	-4.6	1000010001100100	4	1
12057	-4.6	1000010001000110	4	1
12058	-4.9	1000010001000101	4	1
12059	-4.9	1000010001000011	4	1
12060	-4.9	1000010001000010	4	1
12062	-4.6	1000010000111010	4	1
12065	-4.6	1000010001011100	4	1
12066	-4.9	1000010001100011	4	1
12068	-4.6	1000010001011010	4	1
12069	-4.6	1000010001100110	4	1
12075	-4.9	1000010001011010	4	1
12078	-4.9	1000010001100101	4	1
12084	-4.6	1000010001100110	4	1
12085	-4.9	1000010001100110	4	1
12087	-4.9	1000010011100110	4	1
12089	-4.9	1000010001111110	4	1
12090	-5.2	1000010011111111	4	1
12091	-3.2	1000001001000001	4	1
12097	-4.6	1000001000011010	4	1
12100	-4.3	0001100110000001	2	2
12102	-4.3	0001100110000001	2	2
12104	-4.6	1000001001011000	4	1
12106	-4.9	1000001000100001	4	1
12107	-4.9	1000001001000001	4	1
12108	-4.9	1000001001100001	4	1
12114	-4.6	1000001000011100	4	1
12119	-4.6	1000001000111000	4	1
12132	-4.3	0001100110000101	2	2
12133	-4.3	0001100110000011	2	2
12137	-4.6	0001100110000001	2	2
12139	-4.6	1000001000100010	4	1
12142	-4.6	1000001001000100	4	1
12144	-4.9	1000001000100011	4	1
12145	-4.6	1000001001000010	4	1
12146	-4.6	1000001001000010	4	1
12147	-4.6	1000001001100010	4	1
12148	-4.6	1000001000100100	4	1
12149	-4.6	1000001000100100	4	1
12152	-4.9	1000001000100100	4	1
12155	-4.9	1000001000100101	4	1
12159	-4.6	1000001000100110	4	1
12162	-4.6	1000001001100100	4	1
12168	-4.6	1000001001000110	4	1
12169	-4.9	1000001001000101	4	1
12170	-4.9	1000001001000011	4	1
12171	-4.9	1000001001000010	4	1
12173	-4.6	1000001000111010	4	1
12176	-4.6	1000001001011100	4	1
12177	-4.9	1000001001100011	4	1
12179	-4.6	1000001001011010	4	1
12180	-4.6	1000001001100110	4	1
12181	-4.3	0001100110011001	2	2
12182	-4.3	0001100110011001	2	2
12186	-4.9	1000001001011010	4	1
12189	-4.9	1000001001100101	4	1
12193	-4.6	0001100110100101	2	2
12195	-4.6	1000001001100110	4	1
12196	-4.9	1000001001100110	4	1
12198	-4.9	1000001011100110	4	1
12199	-4.6	0001100110011001	2	2
12200	-4.9	1000001001111110	4	1
12201	-5.2	1000001011111111	4	1
12207	-4.6	1000011000011010	4	1
12210	-4.3	0001100110000001	2	2
12212	-4.3	0001100110000001	2	2
12214	-4.6	1000011001011000	4	1
12216	-4.9	1000011000100001	4	1
12217	-4.9	1000011001000001	4	1
12218	-4.9	1000011001100001	4	1
12224	-4.6	1000011000011100	4	1
12229	-4.6	1000011000111000	4	1
12242	-4.3	0001100110000101	2	2
12243	-4.3	0001100110000011	2	2
12247	-4.6	0001100110000001	2	2
12249	-4.6	1000011000100010	4	1
12252	-4.6	1000011001000100	4	1
12254	-4.9	1000011000100011	4	1
12255	-4.6	1000011001000010	4	1
12256	-4.6	1000011001000010	4	1
12257	-4.6	1000011001100010	4	1
12258	-4.6	1000011000100100	4	1
12259	-4.6	1000011000100100	4	1
12262	-4.9	1000011000100100	4	1
12265	-4.9	1000011000100101	4	1
12269	-4.6	1000011000100110	4	1
12272	-4.6	1000011001100100	4	1
12278	-4.6	1000011001000110	4	1
12279	-4.9	1000011001000101	4	1
12280	-4.9	1000011001000011	4	1
12281	-4.9	1000011001000010	4	1
12283	-4.6	1000011000111010	4	1
12286	-4.6	1000011001011100	4	1
12287	-4.9	1000011001100011	4	1
12289	-4.6	1000011001011010	4	1
12290	-4.6	1000011001100110	4	1
12291	-4.3	0001100110011001	2	2
12292	-4.3	0001100110011001	2	2
12296	-4.9	1000011001011010	4	1
12299	-4.9	1000011001100101	4	1
12303	-4.6	0001100110100101	2	2
12305	-4.6	1000011001100110	4	1
12306	-4.9	1000011001100110	4	1
12309	-4.6	0001100110011001	2	2
12310	-4.9	1000011001111110	4	1
12457	-2.9	1100000110000100	4	2
12458	-2.9	1100000110000010	4	1
12459	-2.9	1100000110000110	4	1
12592	-2.9	0010000110000001	3	1
12593	-2.9	0010000110000011	3	2
12610	-4.3	0010000110000100	3	2
12611	-4.3	0010000110000010	3	2
12612	-4.3	0010000110000110	3	2
12633	-2.9	0010000110000011	3	2
12719	-2.9	0100000110000001	3	1
12720	-2.9	0100000110000011	3	1
12737	-4.3	0100000110000100	3	2
12738	-4.3	0100000110000010	3	1
12739	-4.3	0100000110000110	3	1
12760	-2.9	0100000110000011	3	1
12844	-2.9	0110000110000001	3	1
12845	-2.9	0110000110000011	3	1
12853	-4.3	0110000110000100	3	2
12854	-4.3	0110000110000010	3	1
12855	-4.3	0110000110000110	3	2
12902	-4.3	1000000110000100	2	1
12903	-4.3	1000000110000010	2	1
12904	-4.3	1000000110000110	2	1
12905	-4.3	1000000110000100	2	1
12906	-4.3	1000000110000010	2	1
12907	-4.3	1000000110000110	2	1
12912	-4.3	1000000110011100	2	1
12946	-4.6	0101100000011010	4	2
12992	-4.6	0101100000100011	4	1
13002	-4.6	0101100000100101	4	2
13012	-4.6	0101100001000101	4	2
13013	-4.6	0101100001000011	4	1
13021	-4.6	0101100001100011	4	1
13030	-4.6	0101100001011001	4	2
13031	-4.6	0101100001011001	4	2
13032	-4.6	0101100001100101	4	2
13036	-4.6	0101100001011011	4	2
13046	-4.6	0101100001100111	4	2
13048	-4.6	0101100001111001	4	2
13054	-4.3	0010000110000001	2	1
13059	-4.3	0010000110000001	2	1
13065	-4.3	0010000110000101	4	2
13093	-4.3	0010000110000101	2	2
13094	-4.3	0010000110000011	2	2
13098	-4.6	0010000110000001	2	1
13152	-4.3	0010000110011001	2	2
13153	-4.3	0010000110011001	2	2
13165	-4.6	0010000110100101	2	2
13170	-4.6	0010000110011001	2	2
13175	-4.3	0100000110000001	2	1
13180	-4.3	0100000110000001	2	1
13186	-4.3	0100000110000101	4	1
13214	-4.3	0100000110000101	2	1
13215	-4.3	0100000110000011	2	1
13219	-4.6	0100000110000001	2	1
13273	-4.3	0100000110011001	2	1
13274	-4.3	0100000110011001	2	1
13286	-4.6	0100000110100101	2	1
13291	-4.6	0100000110011001	2	1
13294	-4.3	0110000110000001	2	1
13298	-4.3	0110000110000101	4	1
13330	-4.3	0110000110011001	2	2
13336	-4.3	1000000110000001	2	1
13338	-4.3	1000000110000100	2	1
13339	-4.3	1000000110000010	2	1
13340	-4.3	1000000110000110	2	1
13341	-4.3	1000000110000001	2	1
13347	-4.6	1000000110000101	4	1
13372	-4.3	1000000110000100	2	1
13373	-4.3	1000000110000010	2	1
13374	-4.3	1000000110000110	2	1
13377	-4.3	1000000110000100	2	1
13378	-4.3	1000000110000010	2	1
13379	-4.3	1000000110000110	2	1
13380	-4.6	1000000110000001	2	1
13401	-4.3	1000000110011100	2	1
13417	-4.3	1000000110011010	2	1
13418	-4.3	1000000110011100	2	1
13422	-4.6	1000000110100011	4	1
13423	-4.3	1000000110011100	2	1
13436	-4.3	1000000110011010	2	1
13437	-4.6	1000000110100101	4	1
13438	-4.3	1000000110011010	2	1
13444	-4.9	1000000110100101	4	1
13447	-4.6	1000000110100101	2	1
13452	-4.6	1000000110011001	2	1
13454	-5.2	1000000111111111	4	1
13470	-4.6	0101100000011010	3	2
13489	-4.9	0101100000100001	3	1
13490	-4.9	0101100001000001	3	1
13491	-4.9	0101100001100001	3	1
13525	-4.9	0101100000100101	3	2
13535	-4.9	0101100001000101	3	2
13536	-4.9	0101100001000011	3	1
13559	-4.9	0101100001100101	3	2
13574	-4.6	0010000110000101	4	2
13603	-4.6	0010000110100011	4	2
13606	-4.3	0010000110011001	2	2
13607	-4.6	0010000110100101	4	2
13610	-4.9	0010000110100101	4	2
13611	-4.3	1000010001100110	2	1
13615	-4.6	0100000110000101	4	1
13644	-4.6	0100000110100011	4	1
13647	-4.3	0100000110011001	2	1
13648	-4.6	0100000110100101	4	1
13651	-4.9	0100000110100101	4	1
13652	-4.3	1000001001100110	2	1
13656	-4.6	0110000110000101	4	1
13684	-4.6	0110000110100011	4	1
13687	-4.3	0110000110011001	2	2
13688	-4.6	0110000110100101	4	1
13691	-4.9	0110000110100101	4	1
13692	-4.3	1000000110000001	2	1
13705	-4.3	1000000110000100	2	1
13706	-4.3	1000000110000010	2	1
13719	-4.3	1000000110000100	2	1
13720	-4.3	1000000110000010	2	1
13721	-4.3	1000000110000110	2	1
13724	-4.3	1000000110000100	2	1
13725	-4.3	1000000110000010	2	1
13726	-4.3	1000000110000110	2	1
13727	-4.6	1000000110000001	2	1
13753	-4.3	1000000110011010	2	1
13754	-4.3	1000000110011100	2	1
13762	-4.3	1000000110011100	2	1
13773	-4.3	1000000110011010	2	1
13783	-4.6	1000000110100101	2	1
13789	-4.6	1000000110011001	2	1
13791	-5.2	1000000111111111	4	1
13792	-4.6	0001101001011000	3	2
13809	-4.9	0001101000100001	3	2
13810	-4.9	0001101001000001	3	2
13811	-4.9	0001101001100001	3	2
13826	-4.6	1000010110000001	2	1
13845	-4.9	0001101000100101	3	2
13855	-4.9	0001101001000101	3	2
13856	-4.9	0001101001000011	3	2
13879	-4.9	0001101001100101	3	2
13888	-4.6	1000010110011001	2	1
13891	-4.6	0001101001011000	4	2
13924	-4.6	1000001110000001	2	1
13930	-4.6	0001101000100011	4	2
13940	-4.6	0001101000100101	4	2
13950	-4.6	0001101001000101	4	2
13951	-4.6	0001101001000011	4	2
13959	-4.6	0001101001100011	4	2
13968	-4.6	0001101001011001	4	2
13969	-4.6	0001101001011001	4	2
13970	-4.6	0001101001100101	4	2
13974	-4.6	0001101001011011	4	2
13984	-4.6	0001101001100111	4	2
14280	-4.6	1010000110000100	4	2
14281	-4.6	1010000110000110	4	1
14282	-4.9	1010000110000100	4	2
14283	-4.9	1010000110000010	4	1
14284	-4.9	1010000110000110	4	1
14307	-4.9	1010000111000100	4	2
14308	-4.6	1010000101000010	4	1
14309	-4.6	1010000110100010	4	1
14310	-4.6	1010000100100100	4	2
14314	-4.6	1010000110100100	4	2
14315	-4.9	1010000110100100	4	2
14321	-4.9	1010000110100010	4	1
14322	-4.9	1010000111000010	4	1
14323	-4.9	1010000111100010	4	1
14326	-4.9	1010000111000110	4	1
14327	-4.6	1010000101100110	4	1
14329	-4.6	1010000110100101	4	1
14330	-4.6	1010000110100110	4	1
14333	-4.9	1010000110100101	4	1
14334	-4.9	1010000110100110	4	1
14337	-4.6	1010000101100110	4	1
14338	-4.9	1010000111100110	4	1
14339	-4.9	1010000111100110	4	1
14340	-5.2	1010000111111111	4	1
14341	-4.6	0010000110000100	3	2
14405	-4.6	0100000110000010	3	1
14468	-4.6	0110000110000110	3	2
14530	-4.6	0010000110000100	4	2
14574	-4.6	0010000110100011	4	2
14578	-4.6	0010000110100101	4	2
14581	-4.6	0010000110100111	4	2
14591	-4.6	0110000110000110	4	2
14634	-4.6	0110000110100011	4	1
14638	-4.6	0110000110100101	4	1
14641	-4.6	0110000110100111	4	2
14681	-4.9	1000010000100011	4	1
14689	-4.9	1000010000100101	4	1
14700	-4.9	1000010001000101	4	1
14701	-4.9	1000010001000011	4	1
14705	-4.9	0010000110100011	4	2
14706	-4.9	1000010001100011	4	1
14715	-4.9	1000010001011001	4	1
14716	-4.9	0010000110100101	4	2
14717	-4.9	1000010001100101	4	1
14725	-4.9	1000010001100110	4	1
14727	-4.9	1000010001100111	4	1
14728	-4.9	1000010001111001	4	1
14760	-4.9	1000001000100011	4	1
14768	-4.9	1000001000100101	4	1
14779	-4.9	1000001001000101	4	1
14780	-4.9	1000001001000011	4	1
14784	-4.9	0100000110100011	4	1
14785	-4.9	1000001001100011	4	1
14794	-4.9	1000001001011001	4	1
14795	-4.9	0100000110100101	4	1
14796	-4.9	1000001001100101	4	1
14804	-4.9	1000001001100110	4	1
14806	-4.9	1000001001100111	4	1
14807	-4.9	1000001001111001	4	1
14839	-4.9	1000011000100011	4	1
14847	-4.9	1000011000100101	4	1
14858	-4.9	1000011001000101	4	1
14859	-4.9	1000011001000011	4	1
14863	-4.9	0110000110100011	4	1
14864	-4.9	1000011001100011	4	1
14873	-4.9	1000011001011001	4	1
14874	-4.9	0110000110100101	4	1
14875	-4.9	1000011001100101	4	1
14883	-4.9	1000011001100110	4	1
14885	-4.9	1000011001100111	4	1
14886	-4.9	1000011001111001	4	1
14900	-2.9	1100000110000100	4	2
14901	-2.9	1100000110000010	4	1
14902	-2.9	1100000110000110	4	1
14905	-2.9	1100000110000011	4	1
14922	-2.9	1100000110000100	4	2
14923	-2.9	1100000110000010	4	1
14924	-2.9	1100000110000110	4	1
15023	-2.9	1100000110000100	4	2
15024	-2.9	1100000110000010	4	1
15025	-2.9	1100000110000110	4	1
15094	-2.9	0010000110000001	3	1
15107	-4.3	0010000110000100	3	2
15108	-4.3	0010000110000010	3	2
15109	-4.3	0010000110000110	3	2
15117	-2.9	0010000110000011	3	2
15169	-4.3	0010000110011100	3	2
15184	-4.3	0010000110011010	3	2
15202	-2.9	0100000110000001	3	1
15215	-4.3	0100000110000100	3	2
15216	-4.3	0100000110000010	3	1
15217	-4.3	0100000110000110	3	1
15225	-2.9	0100000110000011	3	1
15277	-4.3	0100000110011100	3	1
15292	-4.3	0100000110011010	3	1
15308	-2.9	0110000110000001	3	1
15313	-4.3	0110000110000100	3	2
15314	-4.3	0110000110000010	3	1
15315	-4.3	0110000110000110	3	2
15332	-4.3	0110000110011100	3	2
15336	-4.3	0011100001011001	2	2
15337	-4.3	0110000110011010	3	2
15341	-2.9	1000000110000001	3	1
15353	-3.2	1000000110000011	4	1
15354	-4.3	1000000110000100	3	1
15355	-4.3	1000000110000010	3	1
15356	-4.3	1000000110000110	3	1
15360	-2.9	1000000110000100	3	1
15361	-2.9	1000000110000010	3	1
15362	-2.9	1000000110000110	3	1
15416	-4.3	1000000110011100	3	1
15431	-4.3	1000000110011010	3	1
15449	-4.6	0011100001011001	4	2
15450	-4.6	0011100001100101	4	2
15453	-4.6	0011100000011100	4	2
15482	-4.6	0011100000100011	4	2
15492	-4.6	0011100000100101	4	2
15502	-4.6	0011100001000101	4	2
15503	-4.6	0011100001000011	4	2
15511	-4.6	0011100001100011	4	2
15520	-4.6	0011100001011001	4	2
15521	-4.6	0011100001011001	4	2
15522	-4.6	0011100001100101	4	2
15526	-4.6	0011100001011011	4	2
15536	-4.6	0011100001100111	4	2
15538	-4.6	0011100001111001	4	2
15544	-4.3	0010000110000101	2	2
15551	-4.3	0010000110000011	4	2
15566	-4.3	0010000110000101	2	2
15567	-4.3	0010000110000011	2	2
15571	-4.6	0010000110000001	2	1
15628	-4.3	0010000110011001	2	2
15637	-4.6	0010000110100101	2	2
15642	-4.6	0010000110011001	2	2
15647	-4.3	0100000110000101	2	1
15654	-4.3	0100000110000011	4	1
15669	-4.3	0100000110000101	2	1
15670	-4.3	0100000110000011	2	1
15674	-4.6	0100000110000001	2	1
15731	-4.3	0100000110011001	2	1
15740	-4.6	0100000110100101	2	1
15745	-4.6	0100000110011001	2	1
15748	-4.3	0110000110000101	2	1
15749	-4.3	0110000110000011	4	1
15778	-4.3	1010000110000100	2	2
15779	-4.3	1010000110000010	2	1
15780	-4.3	1010000110000110	2	1
15783	-4.3	1010000110011100	2	2
15787	-4.6	0001110001011001	4	2
15788	-4.6	0001110001100101	4	2
15791	-4.6	0011100000011100	3	2
15794	-4.9	0011100000100001	3	1
15795	-4.9	0011100001000001	3	1
15796	-4.9	0011100001100001	3	1
15830	-4.9	0011100000100101	3	2
15840	-4.9	0011100001000101	3	2
15841	-4.9	0011100001000011	3	2
15864	-4.9	0011100001100101	3	2
15876	-4.6	0010000110000011	4	2
15905	-4.6	0100000110000011	4	1
15929	-4.3	0001110001011001	2	2
15934	-4.6	0110000110000011	4	1
15961	-4.6	0001110000111000	3	2
15963	-4.9	0001110000100001	3	2
15964	-4.9	0001110001000001	3	2
15965	-4.9	0001110001100001	3	2
15999	-4.9	0001110000100101	3	2
16009	-4.9	0001110001000101	3	2
16010	-4.9	0001110001000011	3	2
16033	-4.9	0001110001100101	3	2
16045	-4.6	0001110000111000	4	2
16069	-4.6	0001110000100011	4	2
16079	-4.6	0001110000100101	4	2
16089	-4.6	0001110001000101	4	2
16090	-4.6	0001110001000011	4	2
16098	-4.6	0001110001100011	4	2
16107	-4.6	0001110001011001	4	2
16108	-4.6	0001110001011001	4	2
16109	-4.6	0001110001100101	4	2
16113	-4.6	0001110001011011	4	2
16123	-4.6	0001110001100111	4	2
16125	-4.6	0001110001111001	4	2
16128	-3.2	1100000110000011	4	1
16132	-4.6	1100000110000100	4	2
16133	-4.6	1100000110000110	4	1
16134	-4.9	1100000110000100	4	2
16135	-4.9	1100000110000010	4	1
16136	-4.9	1100000110000110	4	1
16138	-4.6	1100000110100010	4	1
16149	-4.6	1100000110100100	4	2
16150	-4.9	1100000110100100	4	2
16151	-4.9	1100000110100010	4	1
16152	-4.9	1100000111000010	4	1
16155	-4.9	1100000111100100	4	2
16157	-4.6	1100000110100110	4	1
16159	-4.6	1100000111000110	4	1
16167	-4.9	1100000110100110	4	1
16169	-4.6	1100000101100110	4	1
16170	-4.9	1100000111100110	4	1
16171	-4.9	1100000111100110	4	1
16172	-5.2	1100000111111111	4	1
16173	-4.6	0010000110000100	3	2
16217	-4.6	0100000110000010	3	1
16260	-4.6	0110000110000110	3	2
16302	-4.6	0010000110000100	4	2
16343	-4.6	0110000110000110	4	2
16399	-4.9	1000010000100010	3	1
16400	-4.9	1000010001000100	3	1
16408	-4.9	1000010000100100	3	1
16415	-4.9	1000010001000010	3	1
16416	-4.9	1000010001100010	3	1
16418	-4.9	1000010000100110	3	1
16419	-4.9	1000010001100100	3	1
16423	-4.9	1000010001000110	3	1
16429	-4.9	1000010000111010	3	1
16430	-4.9	1000010001011100	3	1
16433	-4.9	1000010000111100	3	1
16439	-4.9	1000010001011010	3	1
16443	-4.9	1000010001011110	3	1
16444	-4.9	1000010001100110	3	1
16445	-4.9	1000010001111010	3	1
16467	-4.9	1000001000100010	3	1
16468	-4.9	1000001001000100	3	1
16476	-4.9	1000001000100100	3	1
16483	-4.9	1000001001000010	3	1
16484	-4.9	1000001001100010	3	1
16486	-4.9	1000001000100110	3	1
16487	-4.9	1000001001100100	3	1
16491	-4.9	1000001001000110	3	1
16497	-4.9	1000001000111010	3	1
16498	-4.9	1000001001011100	3	1
16501	-4.9	1000001000111100	3	1
16507	-4.9	1000001001011010	3	1
16511	-4.9	1000001001011110	3	1
16512	-4.9	1000001001100110	3	1
16513	-4.9	1000001001111010	3	1
16535	-4.9	1000011000100010	3	1
16536	-4.9	1000011001000100	3	1
16544	-4.9	1000011000100100	3	1
16551	-4.9	1000011001000010	3	1
16552	-4.9	1000011001100010	3	1
16554	-4.9	1000011000100110	3	1
16555	-4.9	1000011001100100	3	1
16559	-4.9	1000011001000110	3	1
16565	-4.9	1000011000111010	3	1
16566	-4.9	1000011001011100	3	1
16569	-4.9	1000011000111100	3	1
16575	-4.9	1000011001011010	3	1
16579	-4.9	1000011001011110	3	1
16580	-4.9	1000011001100110	3	1
16581	-4.9	1000011001111010	3	1
16670	-2.9	0010000110000011	3	2
16747	-2.9	0100000110000011	3	1
16823	-2.9	0110000110000011	3	1
16972	-2.9	1100000110000011	3	1
17049	-4.3	0010000110000101	2	2
17050	-4.3	0010000110000011	2	2
17054	-4.6	0010000110000001	2	1
17098	-4.3	0010000110011001	2	2
17099	-4.3	0010000110011001	2	2
17110	-4.6	0010000110100101	2	2
17116	-4.6	0010000110011001	2	2
17121	-4.3	0100000110000101	2	1
17122	-4.3	0100000110000011	2	1
17126	-4.6	0100000110000001	2	1
17170	-4.3	0100000110011001	2	1
17171	-4.3	0100000110011001	2	1
17182	-4.6	0100000110100101	2	1
17188	-4.6	0100000110011001	2	1
17192	-4.3	0110000110000101	2	1
17193	-4.3	0110000110000011	2	1
17197	-4.6	0110000110000001	2	1
17241	-4.3	0110000110011001	2	2
17242	-4.3	0110000110011001	2	2
17253	-4.6	0110000110100101	2	1
17259	-4.6	0110000110011001	2	2
17262	-4.3	1010000110000101	2	1
17264	-4.3	1010000110000100	2	2
17265	-4.3	1010000110000010	2	1
17266	-4.3	1010000110000110	2	1
17267	-4.6	1010000110000001	2	1
17293	-4.3	1010000110011010	2	2
17294	-4.3	1010000110011100	2	2
17302	-4.3	1010000110011100	2	2
17313	-4.3	1010000110011010	2	2
17323	-4.6	1010000110100101	2	1
17329	-4.6	1010000110011001	2	1
17331	-5.2	1010000111111111	4	1
17332	-4.3	1100000110000011	2	1
17333	-4.3	1100000110000100	2	2
17334	-4.3	1100000110000010	2	1
17335	-4.3	1100000110000110	2	1
17336	-4.6	1100000110000001	2	1
17362	-4.3	1100000110011010	2	1
17363	-4.3	1100000110011100	2	2
17371	-4.3	1100000110011100	2	2
17382	-4.3	1100000110011010	2	1
17392	-4.6	1100000110100101	2	1
17398	-4.6	1100000110011001	2	1
17400	-5.2	1100000111111111	4	1
17401	-3.2	0010000110000100	3	2
17404	-4.6	0010000110000001	2	1
17448	-4.3	0010000110011001	2	2
17449	-4.3	0010000110011001	2	2
17460	-4.6	0010000110100101	2	2
17466	-4.6	0010000110011001	2	2
17469	-3.2	0100000110000010	3	1
17471	-4.6	0100000110000001	2	1
17515	-4.3	0100000110011001	2	1
17516	-4.3	0100000110011001	2	1
17527	-4.6	0100000110100101	2	1
17533	-4.6	0100000110011001	2	1
17536	-3.2	0110000110000110	3	2
17537	-4.6	0110000110000001	2	1
17581	-4.3	0110000110011001	2	2
17582	-4.3	0110000110011001	2	2
17593	-4.6	0110000110100101	2	1
17599	-4.6	0110000110011001	2	2
17602	-4.6	1000000110000001	2	1
17606	-4.6	1000000110100010	2	1
17607	-4.6	1000000111000010	2	1
17610	-4.6	1000000111000100	2	1
17611	-4.6	1000000111000100	2	1
17612	-4.6	1000000111000100	2	1
17619	-4.6	1000000110100100	2	1
17622	-4.6	1000000110100100	2	1
17623	-4.6	1000000110100100	2	1
17626	-4.6	1000000110100010	2	1
17627	-4.6	1000000111000010	2	1
17628	-4.6	1000000110011010	2	1
17629	-4.6	1000000110011100	2	1
17630	-4.6	1000000110100110	2	1
17633	-4.6	1000000111000110	2	1
17637	-4.6	1000000110011100	2	1
17640	-4.6	1000000110100011	2	1
17641	-4.6	1000000111000011	2	1
17644	-4.6	1000000111000101	2	1
17645	-4.6	1000000111000110	2	1
17646	-4.6	1000000110011001	2	1
17647	-4.6	1000000110011001	2	1
17648	-4.6	1000000110011010	2	1
17649	-4.6	1000000110100101	2	1
17650	-4.6	1000000110100101	2	1
17652	-4.6	1000000110011101	2	1
17656	-4.6	1000000110100111	2	1
17657	-4.6	1000000110100110	2	1
17660	-4.6	1000000101100110	2	1
17662	-4.6	1000000110011110	2	1
17666	-5.5	1000000111111111	4	1
17770	-4.6	1110000101100110	4	2
17771	-4.9	1110000111100110	4	2
17772	-5.2	1110000111111111	4	1
17788	-4.9	1110000110100110	3	2
17789	-4.9	1110000110100110	3	2
17792	-5.5	1110000111111111	4	1
17827	-4.3	0100010001011001	2	1
17838	-4.6	0100010001011001	4	1
17839	-4.6	0100010001100101	4	1
17842	-4.6	0100010000100010	4	1
17846	-4.6	0100010000100011	4	1
17856	-4.6	0100010000100101	4	1
17866	-4.6	0100010001000101	4	1
17867	-4.6	0100010001000011	4	1
17875	-4.6	0100010001100011	4	1
17884	-4.6	0100010001011001	4	1
17885	-4.6	0100010001011001	4	1
17886	-4.6	0100010001100101	4	1
17890	-4.6	0100010001011011	4	1
17900	-4.6	0100010001100111	4	1
17902	-4.6	0100010001111001	4	1
17917	-4.6	0010001001011001	4	2
17918	-4.6	0010001001100101	4	2
17921	-4.6	0100010000100010	3	1
17937	-4.9	0100010000100101	3	1
17947	-4.9	0100010001000101	3	1
17948	-4.9	0100010001000011	3	1
17971	-4.9	0100010001100101	3	1
17989	-4.6	0010001001000100	3	2
18004	-4.9	0010001000100101	3	2
18014	-4.9	0010001001000101	3	2
18015	-4.9	0010001001000011	3	2
18038	-4.9	0010001001100101	3	2
18047	-4.6	0100010110011001	2	1
18050	-4.6	0010001001000100	4	2
18051	-4.6	0010001000100011	4	2
18061	-4.6	0010001000100101	4	2
18071	-4.6	0010001001000101	4	2
18072	-4.6	0010001001000011	4	2
18080	-4.6	0010001001100011	4	2
18089	-4.6	0010001001011001	4	2
18090	-4.6	0010001001011001	4	2
18091	-4.6	0010001001100101	4	2
18095	-4.6	0010001001011011	4	2
18105	-4.6	0010001001100111	4	2
18110	-4.6	1010001001000010	4	1
18111	-4.6	1010001000100100	4	2
18114	-4.6	1010001001100110	4	1
18118	-3.2	1100010000100011	4	1
18119	-4.9	1100010000100011	4	1
18120	-4.6	1100010001000010	4	1
18121	-4.6	1100010001000010	4	1
18122	-4.6	1100010001100010	4	1
18123	-4.6	1100010000100100	4	2
18124	-4.6	1100010000100100	4	2
18127	-4.9	1100010000100100	4	2
18130	-4.9	1100010000100101	4	1
18134	-4.6	1100010000100110	4	1
18137	-4.6	1100010001100100	4	2
18143	-4.6	1100010001000110	4	1
18144	-4.9	1100010001000101	4	1
18145	-4.9	1100010001000011	4	1
18146	-4.9	1100010001000010	4	1
18148	-4.6	1100010000111010	4	1
18151	-4.6	1100010001011100	4	1
18152	-4.9	1100010001100011	4	1
18154	-4.6	1100010001011010	4	1
18155	-4.6	1100010001100110	4	1
18161	-4.9	1100010001011010	4	1
18164	-4.9	1100010001100101	4	1
18170	-4.6	1100010001100110	4	1
18171	-4.9	1100010001100110	4	1
18173	-4.9	1100010011100110	4	1
18175	-4.9	1100010001111110	4	1
18176	-5.2	1100010011111111	4	1
18183	-4.6	0100001001011001	4	1
18184	-4.6	0100001001100101	4	1
18191	-4.6	0100011001011001	4	1
18193	-4.3	1100010001100110	2	1
18235	-4.9	1100010000100101	4	1
18246	-4.9	1100010001000101	4	1
18247	-4.9	1100010001000011	4	1
18251	-4.9	0010001110100011	4	2
18252	-4.9	1100010001100011	4	1
18261	-4.9	1100010001011001	4	1
18262	-4.9	0010001110100101	4	2
18263	-4.9	1100010001100101	4	1
18271	-4.9	1100010001100110	4	1
18273	-4.9	1100010001100111	4	1
18274	-4.9	1100010001111001	4	1
18276	-4.6	0100001001000010	4	1
18278	-4.6	0100001001000010	4	1
18285	-4.6	0100001000100101	4	1
18286	-4.6	0100001000100101	4	1
18300	-4.6	0100001001000101	4	1
18301	-4.6	0100001001000011	4	1
18305	-4.6	0100001001100011	4	1
18306	-4.6	0100001010100011	4	1
18307	-4.6	0100001001100011	4	1
18320	-4.6	0100001001011001	4	1
18321	-4.6	0100001010100101	4	1
18322	-4.6	0100001001100101	4	1
18332	-4.6	0100001001100111	4	1
18371	-4.6	0100001001000010	4	1
18378	-4.6	0100001000100101	4	1
18388	-4.6	0100001001000101	4	1
18389	-4.6	0100001001000011	4	1
18397	-4.6	0100001001100011	4	1
18406	-4.6	0100001001011001	4	1
18407	-4.6	0100001001011001	4	1
18408	-4.6	0100001001100101	4	1
18412	-4.6	0100001001011011	4	1
18422	-4.6	0100001001100111	4	1
18427	-4.6	0100011001100010	4	1
18433	-4.6	0100011000100101	4	1
18443	-4.6	0100011001000101	4	1
18444	-4.6	0100011001000011	4	1
18452	-4.6	0100011001100011	4	1
18461	-4.6	0100011001011001	4	1
18462	-4.6	0100011001011001	4	1
18463	-4.6	0100011001100101	4	1
18467	-4.6	0100011001011011	4	1
18477	-4.6	0100011001100111	4	1
18496	-4.3	0010010001011001	2	2
18506	-4.6	0010010001011001	4	2
18507	-4.6	0010010001100101	4	2
18510	-4.6	0010010000100100	4	2
18511	-4.6	0010010000100100	4	2
18514	-4.6	0010010000100101	4	2
18515	-4.6	0010010000100101	4	2
18529	-4.6	0010010001000101	4	2
18530	-4.6	0010010001000011	4	2
18534	-4.6	0010010001100011	4	2
18535	-4.6	0010010010100011	4	2
18536	-4.6	0010010001100011	4	2
18549	-4.6	0010010001011001	4	2
18550	-4.6	0010010010100101	4	2
18551	-4.6	0010010001100101	4	2
18561	-4.6	0010010001100111	4	2
18563	-4.6	0010010001111001	4	2
18566	-4.6	0010010000100100	4	2
18570	-4.6	0010010000100101	4	2
18580	-4.6	0010010001000101	4	2
18581	-4.6	0010010001000011	4	2
18589	-4.6	0010010001100011	4	2
18598	-4.6	0010010001011001	4	2
18599	-4.6	0010010001011001	4	2
18600	-4.6	0010010001100101	4	2
18604	-4.6	0010010001011011	4	2
18614	-4.6	0010010001100111	4	2
18616	-4.6	0010010001111001	4	2
18619	-4.6	0010010000100100	3	2
18620	-4.6	0010010000100100	3	2
18676	-4.6	0010010000100100	3	2
18681	-4.9	0010010000100101	3	2
18691	-4.9	0010010001000101	3	2
18692	-4.9	0010010001000011	3	2
18715	-4.9	0010010001100101	3	2
18728	-4.3	0010010001011001	2	2
18733	-5.2	0010010000100100	5	2
18734	-4.9	0010010000100101	4	2
18744	-4.9	0010010001000101	4	2
18745	-4.9	0010010001000011	4	2
18753	-4.9	0010010001100011	4	2
18762	-4.9	0010010001011001	4	2
18763	-4.9	0010010001011001	4	2
18764	-4.9	0010010001100101	4	2
18768	-4.9	0010010001011011	4	2
18778	-4.9	0010010001100111	4	2
18780	-4.9	0010010001111001	4	2
18785	-4.6	1010010001100110	4	1
18790	-4.9	1010010000100101	4	1
18794	-4.6	1010010000100110	4	1
18797	-4.6	1010010001100100	4	2
18803	-4.6	1010010001000110	4	1
18804	-4.9	1010010001000101	4	1
18805	-4.9	1010010001000011	4	1
18806	-4.9	1010010001000010	4	1
18808	-4.6	1010010000111010	4	1
18811	-4.6	1010010001011100	4	2
18812	-4.9	1010010001100011	4	1
18814	-4.6	1010010001011010	4	1
18815	-4.6	1010010001100110	4	1
18821	-4.9	1010010001011010	4	1
18824	-4.9	1010010001100101	4	1
18830	-4.6	1010010001100110	4	1
18831	-4.9	1010010001100110	4	1
18833	-4.9	1010010011100110	4	1
18835	-4.9	1010010001111110	4	1
18836	-5.2	1010010011111111	4	1
18837	-4.6	0100001001000010	3	1
18843	-4.6	0100001001000010	3	1
18886	-4.6	0010010110011001	2	2
18890	-4.3	1010010001100110	2	1
18954	-4.9	1010010001000101	4	1
18955	-4.9	1010010001000011	4	1
18959	-4.9	0010010110100011	4	2
18960	-4.9	1010010001100011	4	1
18969	-4.9	1010010001011001	4	1
18970	-4.9	0010010110100101	4	2
18971	-4.9	1010010001100101	4	1
18979	-4.9	1010010001100110	4	1
18981	-4.9	1010010001100111	4	1
18982	-4.9	1010010001111001	4	1
18984	-4.6	0110001001011001	4	2
19036	-4.9	1010010001000010	3	1
19037	-4.9	1010010001100010	3	1
19039	-4.9	1010010000100110	3	1
19040	-4.9	1010010001100100	3	2
19044	-4.9	1010010001000110	3	1
19050	-4.9	1010010000111010	3	2
19051	-4.9	1010010001011100	3	2
19054	-4.9	1010010000111100	3	2
19060	-4.9	1010010001011010	3	2
19064	-4.9	1010010001011110	3	1
19065	-4.9	1010010001100110	3	1
19066	-4.9	1010010001111010	3	1
19072	-4.6	0100001001000010	3	1
19081	-4.9	0100001001000101	3	1
19082	-4.9	0100001001000011	3	1
19105	-4.9	0100001001100101	3	1
19114	-4.6	0010010110011001	2	2
19117	-4.6	0100011001100010	3	1
19125	-4.9	0100011001000101	3	1
19126	-4.9	0100011001000011	3	1
19149	-4.9	0100011001100101	3	1
19158	-4.6	0010010110011001	2	2
19177	-4.3	0110010001011001	2	1
19182	-4.6	0110010001011001	4	1
19185	-4.3	0011110001011001	2	2
19187	-4.6	0110010000100110	4	1
19191	-4.6	0110010001000101	4	1
19192	-4.6	0110010001000011	4	1
19200	-4.6	0110010001100011	4	1
19209	-4.6	0110010001011001	4	1
19210	-4.6	0110010001011001	4	1
19211	-4.6	0110010001100101	4	1
19215	-4.6	0110010001011011	4	1
19225	-4.6	0110010001100111	4	1
19227	-4.6	0110010001111001	4	1
19231	-4.3	1010001001100110	2	1
19232	-4.6	0010011001011001	4	2
19234	-4.3	1100001001100110	2	1
19235	-4.6	0110010000100110	3	2
19241	-4.9	0110010001000101	3	1
19242	-4.9	0110010001000011	3	1
19265	-4.9	0110010001100101	3	1
19283	-4.6	0010011001100100	3	2
19288	-4.9	0010011001000101	3	2
19289	-4.9	0010011001000011	3	2
19312	-4.9	0010011001100101	3	2
19321	-4.6	0100010110011001	2	1
19324	-4.6	0010011001100100	4	2
19325	-4.6	0010011001000101	4	2
19326	-4.6	0010011001000011	4	2
19334	-4.6	0010011001100011	4	2
19343	-4.6	0010011001011001	4	2
19344	-4.6	0010011001011001	4	2
19345	-4.6	0010011001100101	4	2
19349	-4.6	0010011001011011	4	2
19359	-4.6	0010011001100111	4	2
19369	-4.6	1010001001000110	4	1
19370	-4.9	1010001001000101	4	1
19371	-4.9	1010001001000011	4	1
19372	-4.9	1010001001000010	4	1
19374	-4.6	1010001000111010	4	1
19377	-4.6	1010001001011100	4	2
19378	-4.9	1010001001100011	4	1
19380	-4.6	1010001001011010	4	1
19381	-4.6	1010001001100110	4	1
19382	-4.3	0101100110011001	2	2
19383	-4.3	0101100110011001	2	2
19387	-4.9	1010001001011010	4	1
19390	-4.9	1010001001100101	4	1
19394	-4.6	0101100110100101	2	2
19396	-4.6	1010001001100110	4	1
19397	-4.9	1010001001100110	4	1
19399	-4.9	1010001011100110	4	1
19400	-4.6	0101100110011001	2	2
19401	-4.9	1010001001111110	4	1
19402	-5.2	1010001011111111	4	1
19403	-3.2	1100001001000011	4	1
19407	-4.6	1100001001000110	4	1
19408	-4.9	1100001001000101	4	1
19409	-4.9	1100001001000011	4	1
19410	-4.9	1100001001000010	4	1
19412	-4.6	1100001000111010	4	1
19415	-4.6	1100001001011100	4	1
19416	-4.9	1100001001100011	4	1
19418	-4.6	1100001001011010	4	1
19419	-4.6	1100001001100110	4	1
19420	-4.3	0011100110011001	2	2
19421	-4.3	0011100110011001	2	2
19425	-4.9	1100001001011010	4	1
19428	-4.9	1100001001100101	4	1
19432	-4.6	0011100110100101	2	2
19434	-4.6	1100001001100110	4	1
19435	-4.9	1100001001100110	4	1
19437	-4.9	1100001011100110	4	1
19438	-4.6	0011100110011001	2	2
19439	-4.9	1100001001111110	4	1
19440	-5.2	1100001011111111	4	1
19441	-4.6	0110001001000110	3	2
19442	-4.9	0110001001000101	3	1
19443	-4.9	0110001001000011	3	1
19466	-4.9	0110001001100101	3	1
19475	-4.6	0110010110011001	2	1
19483	-4.9	1010001000111010	3	2
19484	-4.9	1010001001011100	3	2
19487	-4.9	1010001000111100	3	2
19493	-4.9	1010001001011010	3	2
19497	-4.9	1010001001011110	3	1
19498	-4.9	1010001001100110	3	1
19499	-4.9	1010001001111010	3	1
19510	-4.9	1100001000111010	3	1
19511	-4.9	1100001001011100	3	2
19514	-4.9	1100001000111100	3	2
19520	-4.9	1100001001011010	3	1
19524	-4.9	1100001001011110	3	1
19525	-4.9	1100001001100110	3	1
19526	-4.9	1100001001111010	3	1
19532	-4.6	0110001001000110	4	2
19536	-4.6	0110001001100011	4	1
19545	-4.6	0110001001011001	4	2
19546	-4.6	0110001001011001	4	2
19547	-4.6	0110001001100101	4	1
19551	-4.6	0110001001011011	4	2
19561	-4.6	0110001001100111	4	2
19567	-4.9	0100010110100011	4	1
19568	-4.9	1010001001100011	4	1
19577	-4.9	1010001001011001	4	1
19578	-4.9	0100010110100101	4	1
19579	-4.9	1010001001100101	4	1
19587	-4.9	1010001001100110	4	1
19589	-4.9	1010001001100111	4	1
19590	-4.9	1010001001111001	4	1
19593	-4.9	0100001110100011	4	1
19594	-4.9	1100001001100011	4	1
19603	-4.9	1100001001011001	4	1
19604	-4.9	0100001110100101	4	1
19605	-4.9	1100001001100101	4	1
19613	-4.9	1100001001100110	4	1
19615	-4.9	1100001001100111	4	1
19616	-4.9	1100001001111001	4	1
19623	-5.2	0100001001000010	5	1
19624	-4.9	0100001001100011	4	1
19633	-4.9	0100001001011001	4	1
19634	-4.9	0100001001011001	4	1
19635	-4.9	0100001001100101	4	1
19639	-4.9	0100001001011011	4	1
19649	-4.9	0100001001100111	4	1
19651	-4.9	0100001001111001	4	1
19674	-4.6	0011100110011100	3	2
19676	-4.9	1100010111000110	4	1
19683	-4.9	1100010110100101	4	1
19684	-4.9	1100010110100110	4	1
19692	-4.6	1100011000111010	4	1
19695	-4.6	1100011001011100	4	1
19696	-4.9	1100011001100011	4	1
19698	-4.6	1100011001011010	4	1
19699	-4.6	1100011001100110	4	1
19700	-4.3	0011100110011001	2	2
19701	-4.3	0011100110011001	2	2
19705	-4.9	1100011001011010	4	1
19708	-4.9	1100011001100101	4	1
19712	-4.6	0011100110100101	2	2
19714	-4.6	1100011001100110	4	1
19715	-4.9	1100011001100110	4	1
19718	-4.6	0011100110011001	2	2
19719	-4.9	1100011001111110	4	1
19721	-4.6	0101110000111010	4	2
19729	-4.6	0101110001011001	4	2
19730	-4.6	0101110001011001	4	2
19731	-4.6	0101110001100101	4	1
19735	-4.6	0101110001011011	4	2
19745	-4.6	0101110001100111	4	2
19747	-4.6	0101110001111001	4	2
19752	-4.6	0011101001011001	4	2
19753	-4.6	0011101001100101	4	2
19756	-4.6	0101110000111010	3	2
19772	-4.9	0101110001100101	3	2
19784	-4.6	0110011001011001	4	1
19786	-4.6	0011101001011100	3	2
19801	-4.9	0011101001100101	3	2
19810	-4.6	1100010110011001	2	1
19813	-4.6	0011101001011100	4	2
19818	-4.6	0011101001011001	4	2
19819	-4.6	0011101001011001	4	2
19820	-4.6	0011101001100101	4	2
19824	-4.6	0011101001011011	4	2
19834	-4.6	0011101001100111	4	2
19858	-4.9	1100011001011001	4	1
19859	-4.9	0110001110100101	4	1
19860	-4.9	1100011001100101	4	1
19868	-4.9	1100011001100110	4	1
19870	-4.9	1100011001100111	4	1
19871	-4.9	1100011001111001	4	1
19873	-4.6	0011110000111100	3	2
19885	-4.9	0011110001100101	3	2
19897	-4.3	0011110001011001	2	2
19902	-4.6	0101101001011010	4	2
19904	-4.6	0101101001011001	4	2
19905	-4.6	0101101001011001	4	2
19906	-4.6	0101101001100101	4	1
19910	-4.6	0101101001011011	4	2
19920	-4.6	0101101001100111	4	2
19925	-4.6	0110011001100110	4	1
19926	-4.6	0110011001011001	4	1
19927	-4.6	0110011001011001	4	1
19928	-4.6	0110011001100101	4	1
19932	-4.6	0110011001011011	4	1
19942	-4.6	0110011001100111	4	1
19952	-4.3	1001100110011001	2	2
19953	-4.3	1001100110011010	2	2
19957	-4.9	1001101001011010	4	2
19960	-4.6	1001100110100101	2	1
19961	-4.9	1001101001100110	4	2
19963	-4.6	1001100110011001	2	2
19964	-4.9	1001101001111110	4	2
19965	-4.3	1001100110011001	2	2
19966	-4.3	1001100110011010	2	2
19969	-4.9	1001101001011010	4	2
19972	-4.9	1001101001100101	4	1
19976	-4.6	1001100110100101	2	1
19978	-4.6	1001101001100110	4	2
19979	-4.9	1001101001100110	4	2
19982	-4.6	1001100110011001	2	2
19983	-4.9	1001101001111110	4	2
19986	-4.3	1001101001100110	2	1
19987	-4.6	0101100110011010	3	2
19992	-4.9	1010010110100101	4	1
19993	-4.9	1010010110100110	4	1
20003	-4.9	1010011001011010	4	1
20006	-4.9	1010011001100101	4	1
20010	-4.6	0101100110100101	2	2
20012	-4.6	1010011001100110	4	1
20013	-4.9	1010011001100110	4	1
20016	-4.6	0101100110011001	2	2
20017	-4.9	1010011001111110	4	1
20024	-4.6	0101101001011010	3	2
20025	-4.6	0101101001011010	3	2
20029	-4.9	1010010110100101	4	1
20037	-4.6	1010010110011001	2	1
20040	-4.6	0101101001011010	3	2
20045	-4.9	0101101001100101	3	2
20054	-4.6	1010010110011001	2	1
20058	-4.9	0110010110100101	4	1
20059	-4.3	1010011001100110	2	1
20060	-5.2	0101101001011010	5	2
20061	-4.9	0101101001011011	4	2
20071	-4.9	0101101001100111	4	2
20073	-4.9	0101101001111001	4	2
20077	-4.9	1110010110100101	4	1
20080	-4.6	1011100110100101	2	1
20081	-4.6	1101101001100110	4	2
20082	-4.9	1101101001100110	4	2
20084	-4.6	1011100110011001	2	2
20085	-4.9	1101101001111110	4	2
20105	-5.2	1010010110100101	4	1
20109	-4.9	1010010101100110	4	1
20116	-4.9	1010011001100110	4	1
20118	-4.9	1010011001100111	4	1
20119	-4.9	1010011001111001	4	1
20121	-4.9	1010011001011110	3	1
20122	-4.9	1010011001100110	3	1
20123	-4.9	1010011001111010	3	1
20129	-4.6	0111101001011110	3	2
20137	-4.6	1110010110011001	2	1
20140	-4.6	0110011001100110	3	1
20147	-4.6	0110010110011001	2	2
20154	-4.6	1010010110011110	2	1
20158	-5.5	1010010111111111	4	1
20178	-4.6	0110011001100111	4	2
20184	-5.2	0110011001100110	5	2
20185	-4.9	0110011001100111	4	2
20187	-4.9	0110011001111001	4	2
20192	-4.6	0111100110011001	2	2
20193	-4.9	1110011001111110	4	1
20200	-4.6	1001100110011001	2	2
20201	-4.9	1001111001111110	4	2
20202	-5.5	1001100111111111	4	2
20203	-5.2	0111111001111110	5	2
