16	-4.6	0000000010000111	6	2
56	-4.6	0000000000000001	6	2
80	-4.6	0000000000000011	6	2
98	-4.6	0000000000000101	6	2
159	-4.6	0000000000100001	6	2
160	-4.6	0000000001000001	6	2
161	-4.6	0000000001100001	6	2
183	-4.6	0000000010000111	6	2
220	-4.6	0000000000100101	6	2
239	-4.6	0000000001000101	6	2
240	-4.6	0000000001000011	6	2
274	-4.6	0000000001100101	6	2
296	-2.9	0000000000000000	4	2
297	-2.9	0000000000000000	4	2
494	-2.9	0000000000000000	4	2
495	-2.9	0000000000000000	4	2
689	-2.9	0000000000000000	4	2
871	-6.6	0000000011111111	6	2
882	-4.6	0000000000111001	6	2
883	-4.6	0000000001011001	4	2
887	-6.6	0000000011111111	6	2
946	-4.9	0000000000000000	4	2
947	-4.9	0000000000000000	4	2
1127	-6.6	0000000010100101	4	2
1138	-4.9	0000000000000000	4	2
1148	-6.6	0000000000000001	4	2
1151	-6.6	0000000000000001	6	2
1167	-6.6	0000000000000011	4	2
1168	-6.6	0000000000000011	6	2
1181	-6.6	0000000000000101	6	2
1197	-4.6	0000000000011001	4	2
1216	-6.6	0000000000100001	4	2
1217	-6.6	0000000001000001	4	2
1218	-6.6	0000000001100001	4	2
1230	-6.6	0000000000100001	6	2
1231	-6.6	0000000001000001	6	2
1232	-6.6	0000000001100001	6	2
1254	-6.6	0000000000100011	4	2
1265	-6.6	0000000000100101	4	2
1266	-6.6	0000000000100101	6	2
1276	-6.6	0000000001000101	6	2
1277	-6.6	0000000001000011	6	2
1279	-6.6	0000000001000101	4	2
1280	-6.6	0000000001000011	4	2
1287	-6.6	0000000001100011	4	2
1299	-6.6	0000000001100101	4	2
1300	-6.6	0000000001100101	6	2
1316	-4.6	0000000010100110	5	2
1324	-4.6	0000000010100000	5	2
1331	-4.6	0000000010100110	5	2
1332	-4.6	0000000001100110	5	2
1335	-4.9	0000000000000000	5	2
1336	-4.9	0000000000000000	5	2
1337	-6.6	0000000000000000	5	2
1383	-6.6	0000000011100000	5	2
1390	-6.6	0000000000011000	5	2
1474	-6.6	0000000000100100	5	2
1495	-6.6	0000000001000010	5	2
1516	-6.6	0000000001011010	5	2
1523	-6.6	0000000001100110	5	2
1525	-6.6	0000000011100110	5	2
1527	-6.6	0000000001111110	5	2
1529	-4.9	0000000000000000	5	2
1530	-6.6	0000000000000000	5	2
1565	-4.6	0000000000100000	5	2
1577	-6.6	0000000011100000	5	2
1585	-6.6	0000000000011000	5	2
1651	-6.6	0000000000100100	5	2
1670	-6.6	0000000001000010	5	2
1685	-6.6	0000000001011010	5	2
1694	-6.3	0000000001100110	5	2
1695	-6.6	0000000001100110	5	2
1697	-6.6	0000000011100110	5	2
1699	-6.6	0000000001111110	5	2
1705	-4.6	0000000000100000	5	2
1706	-6.3	0000000010100000	5	2
1708	-6.6	0000000011100000	5	2
1713	-6.3	0000000010100110	5	2
1715	-6.6	0000000011100110	5	2
1717	-6.9	0000000000000000	5	2
1736	-6.6	0000000000000010	5	2
1738	-6.6	0000000001000000	5	2
1751	-6.6	0000000000000100	5	2
1753	-6.6	0000000000100000	5	2
1756	-6.6	0000000010100000	5	2
1758	-6.6	0000000001100000	5	2
1762	-6.6	0000000000000110	5	2
1770	-6.6	0000000000011000	5	2
1771	-6.6	0000000000011000	5	2
1787	-6.6	0000000000011010	5	2
1789	-6.6	0000000001011000	5	2
1803	-6.6	0000000000011100	5	2
1804	-6.6	0000000000111000	5	2
1826	-6.6	0000000000100010	5	2
1827	-6.6	0000000001000100	5	2
1836	-6.6	0000000000100100	5	2
1837	-6.6	0000000000100100	5	2
1840	-6.6	0000000001000010	5	2
1843	-6.6	0000000001000010	5	2
1844	-6.6	0000000001100010	5	2
1846	-6.6	0000000000100110	5	2
1847	-6.6	0000000001100100	5	2
1851	-6.6	0000000001000110	5	2
1860	-6.6	0000000000111010	5	2
1861	-6.6	0000000001011100	5	2
1864	-6.6	0000000000111100	5	2
1870	-6.6	0000000001011010	5	2
1871	-6.6	0000000001011010	5	2
1874	-6.6	0000000010100110	5	2
1877	-6.6	0000000001011110	5	2
1878	-6.6	0000000001100110	5	2
1879	-6.6	0000000001111010	5	2
1880	-6.6	0000000010100110	5	2
1881	-6.6	0000000001100110	5	2
1891	-4.6	1000000011000000	4	2
1899	-4.6	1000000001011001	4	1
1904	-4.9	1000000000000001	4	1
2048	-4.9	1000000000000001	4	1
2192	-4.9	1000000000000001	4	1
2196	-6.6	1000000000000001	4	1
2209	-4.6	1000000001000000	4	2
2215	-6.6	1000000000000011	4	1
2245	-4.6	1000000000011001	4	1
2264	-6.6	1000000000100001	4	1
2265	-6.6	1000000001000001	4	1
2266	-6.6	1000000001100001	4	1
2302	-6.6	1000000000100011	4	1
2313	-6.6	1000000000100101	4	1
2327	-6.6	1000000001000101	4	1
2328	-6.6	1000000001000011	4	1
2335	-6.6	1000000001100011	4	1
2347	-6.6	1000000001100101	4	1
2353	-4.9	1000000001100110	4	1
2359	-6.9	1000000011111111	4	1
2362	-4.6	0000000110000000	5	2
2364	-4.6	0000000110000000	5	2
2369	-4.6	0000000110000000	5	2
2432	-4.6	0000000110000100	5	2
2433	-4.6	0000000110000010	5	2
2434	-4.6	0000000110000110	5	2
2442	-4.6	0000000110000100	5	2
2443	-4.6	0000000110000010	5	2
2444	-4.6	0000000110000110	5	2
2471	-4.6	0000000110000100	5	2
2472	-4.6	0000000110000010	5	2
2473	-4.6	0000000110000110	5	2
2602	-4.6	0000000110000001	4	2
2612	-4.6	0000000110000001	6	2
2613	-4.6	0000000110000011	6	2
2618	-4.6	0000000110000001	4	2
2623	-4.6	0000000110000001	4	2
2629	-4.6	0000000110000101	4	2
2652	-4.6	0000000110000101	6	2
2653	-4.6	0000000110000011	6	2
2657	-4.6	0000000110000101	4	2
2658	-4.6	0000000110000011	4	2
2738	-6.3	0000000110000000	5	2
2744	-4.6	1000000001000000	4	2
2752	-6.3	0000000110100000	5	2
2757	-4.6	1000000000011001	4	1
2760	-4.9	0000000110000001	4	2
2763	-4.6	0000000110000100	5	2
2764	-4.6	0000000110000010	5	2
2773	-4.9	0000000110000101	4	2
2774	-6.3	0000000110000100	5	2
2775	-6.3	0000000110000010	5	2
2776	-6.3	0000000110000110	5	2
2791	-6.3	0000000111000100	5	2
2797	-6.3	0000000110100100	5	2
2799	-6.3	0000000110100010	5	2
2800	-6.3	0000000111000010	5	2
2801	-4.9	1000000000111001	4	1
2802	-4.9	0000000110100011	4	2
2804	-6.3	0000000111000110	5	2
2806	-4.9	0000000110100101	4	2
2808	-6.3	0000000110100110	5	2
3067	-4.9	0000000110000000	5	2
3069	-6.6	0000000110000000	5	2
3081	-6.6	0000000111000000	5	2
3086	-4.6	0000000100100000	5	2
3091	-6.6	0000000111100000	5	2
3092	-6.6	0000000111100000	5	2
3100	-4.6	0000000110000100	5	2
3101	-4.6	0000000110000010	5	2
3102	-4.6	0000000110000110	5	2
3107	-6.3	0000000110000100	5	2
3108	-6.3	0000000110000010	5	2
3109	-6.3	0000000110000110	5	2
3119	-6.6	0000000110000100	5	2
3120	-6.6	0000000110000010	5	2
3121	-6.6	0000000110000110	5	2
3144	-6.6	0000000111000100	5	2
3152	-6.6	0000000110100100	5	2
3158	-6.6	0000000110100010	5	2
3159	-6.6	0000000111000010	5	2
3160	-6.6	0000000111100010	5	2
3163	-6.6	0000000111000110	5	2
3167	-6.3	0000000110100110	5	2
3171	-6.6	0000000110100110	5	2
3174	-6.3	0000000101100110	5	2
3175	-6.6	0000000111100110	5	2
3176	-6.6	0000000111100110	5	2
3178	-4.9	0000000110000000	4	2
3203	-4.6	0000000110000001	4	2
3209	-4.6	0000000110000101	4	2
3216	-6.3	0000000110000001	4	2
3276	-6.3	0000000110100101	4	2
3280	-6.6	0000000110100101	4	2
3293	-6.6	1000000000000010	4	1
3297	-6.6	1000000001000000	4	2
3298	-6.6	1000000000000011	4	1
3300	-6.6	1000000000100000	4	1
3301	-6.6	1000000001100000	4	1
3303	-6.6	1000000000000100	4	1
3307	-6.6	1000000000000101	4	1
3308	-6.6	0000000110100000	5	2
3312	-6.6	1000000000000110	4	1
3314	-6.6	1000000000000111	4	1
3316	-6.6	1000000000011000	4	2
3320	-6.6	1000000000100001	4	1
3321	-6.6	1000000001000001	4	1
3322	-6.6	1000000001100001	4	1
3324	-6.6	1000000000011010	4	1
3328	-6.6	1000000001011000	4	2
3333	-6.6	0000000110000100	5	2
3334	-6.6	0000000110000010	5	2
3335	-6.6	0000000110000110	5	2
3339	-6.6	1000000000011100	4	1
3342	-6.6	1000000000111000	4	1
3364	-6.6	1000000000100010	4	1
3367	-6.6	1000000001000100	4	1
3368	-6.6	1000000000100011	4	1
3369	-6.6	0000000111000100	5	2
3371	-6.6	1000000001000010	4	1
3372	-6.6	1000000001100010	4	1
3373	-6.6	1000000000100100	4	1
3376	-6.6	1000000000100101	4	1
3377	-6.6	0000000110100100	5	2
3379	-6.6	0000000110100010	5	2
3380	-6.6	0000000111000010	5	2
3383	-6.6	1000000000100110	4	1
3386	-6.6	1000000001100100	4	1
3387	-6.6	1000000001000101	4	1
3388	-6.6	1000000001000011	4	1
3390	-6.6	1000000001000110	4	1
3393	-6.6	1000000001100011	4	1
3394	-6.6	1000000000111010	4	1
3397	-6.6	1000000001011100	4	1
3398	-6.6	0000000111000110	5	2
3400	-6.6	1000000001011010	4	1
3401	-6.6	1000000001100110	4	1
3402	-6.6	1000000001011001	4	1
3404	-6.6	1000000001100101	4	1
3407	-6.6	0000000110100110	5	2
3414	-6.6	1000000001100111	4	1
3415	-6.6	1000000001111001	4	1
3419	-4.6	0000000110000000	5	2
3420	-4.6	0000000110000000	5	2
3423	-4.6	0000000110000000	5	2
3501	-4.6	0000000110000100	5	2
3502	-4.6	0000000110000010	5	2
3503	-4.6	0000000110000110	5	2
3507	-4.6	0000000110000100	5	2
3508	-4.6	0000000110000010	5	2
3509	-4.6	0000000110000110	5	2
3523	-4.6	0000000110000100	5	2
3524	-4.6	0000000110000010	5	2
3525	-4.6	0000000110000110	5	2
3654	-4.6	0000000110000001	4	2
3659	-4.6	0000000110000001	4	2
3676	-4.6	0000000110000001	6	2
3681	-4.6	0000000110000101	4	2
3688	-4.6	0000000110000011	4	2
3698	-4.6	0000000110000101	6	2
3699	-4.6	0000000110000011	6	2
3703	-4.6	0000000110000101	4	2
3704	-4.6	0000000110000011	4	2
3782	-6.3	0000000110000000	5	2
3786	-4.6	1000000001000000	6	2
3791	-6.3	0000000111000000	5	2
3794	-6.3	0000000110100000	5	2
3815	-4.6	0000000110000100	5	2
3816	-4.6	0000000110000010	5	2
3821	-4.9	0000000110000011	4	2
3822	-6.3	0000000110000100	5	2
3823	-6.3	0000000110000010	5	2
3824	-6.3	0000000110000110	5	2
3833	-6.3	0000000111000100	5	2
3837	-6.3	0000000110100010	5	2
3838	-6.3	0000000111000010	5	2
3839	-6.3	0000000110100100	5	2
3841	-6.3	0000000110011100	5	2
3845	-4.9	1000000001011001	4	1
3846	-6.3	0000000110011010	5	2
3847	-6.3	0000000110100110	5	2
3850	-4.9	0000000110000000	5	2
3851	-6.6	0000000110000000	5	2
3860	-6.6	0000000111000000	5	2
3863	-4.6	0000000100100000	5	2
3866	-6.6	0000000110100000	5	2
3868	-6.6	0000000111100000	5	2
3869	-6.6	0000000111100000	5	2
3900	-4.6	0000000110000100	5	2
3901	-4.6	0000000110000010	5	2
3902	-4.6	0000000110000110	5	2
3907	-6.3	0000000110000100	5	2
3908	-6.3	0000000110000010	5	2
3909	-6.3	0000000110000110	5	2
3916	-6.6	0000000110000100	5	2
3917	-6.6	0000000110000010	5	2
3918	-6.6	0000000110000110	5	2
3932	-6.6	0000000110100100	5	2
3933	-6.6	0000000110100010	5	2
3934	-6.6	0000000111000010	5	2
3937	-6.6	0000000111100100	5	2
3941	-6.3	0000000111000110	5	2
3949	-6.6	0000000110100110	5	2
3951	-6.3	0000000101100110	5	2
3952	-6.6	0000000111100110	5	2
3953	-6.6	0000000111100110	5	2
3959	-6.6	1000000000000010	6	1
3961	-6.3	1000000001000000	6	2
3963	-6.6	1000000001000000	6	2
3965	-6.6	0000000111000000	5	2
3966	-6.6	1000000000100000	6	1
3967	-6.6	1000000001100000	6	1
3969	-6.6	1000000000000100	6	1
3974	-6.6	0000000110100000	5	2
3976	-4.6	1000000000000110	6	1
3978	-6.6	1000000000000110	6	1
3982	-6.6	1000000000011000	6	2
3990	-6.6	1000000000011010	6	1
3994	-6.6	1000000001011000	6	2
4005	-6.6	1000000000011100	6	1
4008	-6.6	1000000000111000	6	2
4010	-6.6	0000000110000100	5	2
4011	-6.6	0000000110000010	5	2
4012	-6.6	0000000110000110	5	2
4030	-6.6	1000000000100010	6	1
4033	-6.6	1000000001000100	6	1
4036	-6.6	0000000111000100	5	2
4037	-6.6	1000000001000010	6	1
4038	-6.6	1000000001100010	6	1
4039	-6.6	1000000000100100	6	1
4043	-6.6	0000000110100010	5	2
4044	-6.6	0000000111000010	5	2
4045	-6.6	0000000110100100	5	2
4049	-6.6	1000000000100110	6	1
4052	-6.6	1000000001100100	6	1
4056	-6.6	1000000001000110	6	1
4058	-6.6	0000000110011100	5	2
4060	-6.6	1000000000111010	6	1
4063	-6.6	1000000001011100	6	1
4066	-6.6	1000000001011010	6	1
4067	-6.6	1000000001100110	6	1
4069	-6.6	0000000110011010	5	2
4073	-6.6	0000000110100110	5	2
4074	-6.6	0000000111011010	5	2
4085	-4.6	0000000110000000	5	2
4175	-4.6	0000000110000100	5	2
4176	-4.6	0000000110000010	5	2
4177	-4.6	0000000110000110	5	2
4300	-4.6	0000000110000001	4	2
4302	-4.6	0000000110000001	4	2
4313	-4.6	0000000110000001	6	2
4327	-4.6	0000000110000101	6	2
4328	-4.6	0000000110000011	6	2
4332	-4.6	0000000110000101	4	2
4333	-4.6	0000000110000011	4	2
4402	-4.9	0000000110000000	5	2
4424	-4.6	0000000100100000	5	2
4428	-6.3	0000000110100000	5	2
4436	-6.6	0000000111100000	5	2
4453	-4.6	0000000110000100	5	2
4454	-4.6	0000000110000010	5	2
4469	-4.6	0000000110000100	5	2
4470	-4.6	0000000110000010	5	2
4482	-4.6	0000000110000100	5	2
4483	-4.6	0000000110000010	5	2
4484	-4.6	0000000110000110	5	2
4546	-6.3	0000000110100110	5	2
4552	-6.3	0000000110100110	5	2
4556	-6.6	0000000111100110	5	2
4773	-4.6	0000000100100000	5	2
4776	-6.6	0000000111100000	5	2
4781	-6.3	0000000101100110	5	2
4782	-6.6	0000000111100110	5	2
4800	-6.6	0000000110100000	5	2
4805	-6.6	0000000110100110	5	2
4806	-6.6	0000000110100110	5	2
4807	-6.6	0000000101100110	5	2
4836	-2.9	0100000000000010	4	1
4837	-2.9	0100000000000010	4	1
5014	-2.9	0100000000000010	4	1
5015	-2.9	0100000000000010	4	1
5189	-2.9	0100000000000010	4	1
5351	-4.6	0100000000111001	6	1
5352	-4.6	0100000001011001	4	1
5356	-6.6	0100000011111111	6	1
5403	-4.9	0100000000000010	4	1
5411	-6.6	0100000000000011	4	1
5412	-6.6	0100000000000011	6	1
5425	-6.6	0100000000000101	6	1
5441	-4.6	0100000000011001	4	1
5460	-6.6	0100000000100001	4	1
5461	-6.6	0100000001000001	4	1
5462	-6.6	0100000001100001	4	1
5474	-6.6	0100000000100001	6	1
5475	-6.6	0100000001000001	6	1
5476	-6.6	0100000001100001	6	1
5498	-6.6	0100000000100011	4	1
5509	-6.6	0100000000100101	4	1
5510	-6.6	0100000000100101	6	1
5520	-6.6	0100000001000101	6	1
5521	-6.6	0100000001000011	6	1
5523	-6.6	0100000001000101	4	1
5524	-6.6	0100000001000011	4	1
5531	-6.6	0100000001100011	4	1
5543	-6.6	0100000001100101	4	1
5544	-6.6	0100000001100101	6	1
5559	-4.6	0100000010100000	5	2
5566	-4.6	0100000010100110	5	1
5567	-4.6	0100000001100110	5	1
5616	-4.9	0100000000000010	5	1
5632	-4.6	0100000000100000	5	2
5644	-6.6	0100000011100000	5	2
5652	-6.6	0100000000011000	5	2
5718	-6.6	0100000000100100	5	2
5737	-6.6	0100000001000010	5	1
5752	-6.6	0100000001011010	5	1
5761	-6.3	0100000001100110	5	1
5762	-6.6	0100000001100110	5	1
5764	-6.6	0100000011100110	5	1
5766	-6.6	0100000001111110	5	1
5776	-4.6	0000010000111001	6	1
5781	-6.6	0000010011111111	6	1
5786	-4.6	0000001000000011	4	2
5787	-4.6	0000001000000011	4	2
5789	-4.6	0000001000000011	6	2
5791	-6.3	0000001000000011	6	2
5805	-4.6	0000001000000101	4	2
5806	-4.6	0000001000000101	4	2
5808	-4.6	0000001000000101	6	2
5809	-6.3	0000001000000101	6	2
5816	-4.6	0000001000000111	4	2
5826	-4.6	0000001000011001	4	2
5827	-4.6	0000001000011001	6	2
5828	-4.6	0000001010000001	4	2
5829	-4.6	0000001000100001	4	2
5830	-4.6	0000001001000001	4	2
5838	-4.6	0000001000100001	4	2
5839	-4.6	0000001001000001	4	2
5840	-4.6	0000001010000001	4	1
5846	-4.6	0000001010000101	4	2
5849	-4.6	0000001000011011	4	2
5851	-4.6	0000001000011011	6	2
5860	-4.6	0000001000100001	6	2
5861	-4.6	0000001001000001	6	1
5864	-4.6	0000001010000011	4	2
5867	-4.6	0000001000011101	4	2
5869	-4.6	0000001000011101	6	2
5870	-6.3	0000001000100001	6	2
5871	-6.3	0000001001000001	6	2
5872	-6.3	0000001001100001	6	2
5877	-4.6	0000001010000101	6	1
5878	-4.6	0000001010000011	6	1
5882	-4.6	0000001010000101	4	1
5883	-4.6	0000001010000011	4	1
5890	-4.6	0000001010000111	4	2
5894	-6.3	0000001010000111	6	2
5900	-6.6	0000001010000001	6	2
5908	-4.6	0000001000100011	4	2
5909	-4.6	0000001000100011	4	2
5912	-4.6	0000001000100011	6	2
5923	-4.6	0000001000100101	4	2
5924	-4.6	0000001000100101	4	2
5928	-4.6	0000001000100101	6	2
5931	-6.3	0000001000100101	6	2
5938	-4.6	0000001001000101	6	1
5939	-4.6	0000001001000011	6	1
5941	-4.6	0000001001000101	4	2
5942	-4.6	0000001001000011	4	2
5947	-4.6	0000001001000101	4	2
5948	-4.6	0000001001000011	4	2
5950	-6.3	0000001001000101	6	2
5951	-6.3	0000001001000011	6	2
5959	-4.6	0000001000111001	6	2
5974	-4.6	0000001001011001	4	1
5985	-6.3	0000001001100101	6	2
5998	-6.6	0000001011100111	6	2
5999	-6.6	0000001011111111	6	2
6000	-4.9	0000001001000000	5	2
6014	-4.6	0000001000100000	5	2
6026	-6.6	0000001011100000	5	2
6034	-6.6	0000001000011000	5	2
6100	-6.6	0000001000100100	5	2
6119	-6.6	0000001001000010	5	2
6134	-6.6	0000001001011010	5	2
6143	-6.3	0000001001100110	5	2
6144	-6.6	0000001001100110	5	2
6146	-6.6	0000001011100110	5	2
6148	-6.6	0000001001111110	5	2
6150	-4.9	0000001001000000	4	2
6154	-6.6	0000001000000011	4	2
6155	-6.6	0000001000000011	6	2
6168	-6.6	0000001000000101	6	2
6184	-4.6	0000001000011001	4	2
6203	-6.6	0000001000100001	4	2
6204	-6.6	0000001001000001	4	2
6205	-6.6	0000001001100001	4	2
6217	-6.6	0000001000100001	6	2
6218	-6.6	0000001001000001	6	2
6219	-6.6	0000001001100001	6	2
6241	-6.6	0000001000100011	4	2
6252	-6.6	0000001000100101	4	2
6253	-6.6	0000001000100101	6	2
6263	-6.6	0000001001000101	6	2
6264	-6.6	0000001001000011	6	2
6266	-6.6	0000001001000101	4	2
6267	-6.6	0000001001000011	4	2
6274	-6.6	0000001001100011	4	2
6286	-6.6	0000001001100101	4	2
6287	-6.6	0000001001100101	6	2
6299	-2.9	0010000000000100	4	2
6310	-2.9	0010000000000100	4	2
6523	-4.6	1100000001011001	4	1
6564	-4.9	1100000000000011	4	1
6697	-4.9	1100000000000011	4	1
6698	-6.6	1100000000000011	4	1
6728	-4.6	1100000000011001	4	1
6747	-6.6	1100000000100001	4	1
6748	-6.6	1100000001000001	4	1
6749	-6.6	1100000001100001	4	1
6785	-6.6	1100000000100011	4	1
6796	-6.6	1100000000100101	4	1
6810	-6.6	1100000001000101	4	1
6811	-6.6	1100000001000011	4	1
6818	-6.6	1100000001100011	4	1
6830	-6.6	1100000001100101	4	1
6836	-4.9	1100000001100110	4	1
6842	-6.9	1100000011111111	4	1
6894	-4.6	1100000000011001	4	1
6917	-6.6	1100000000100000	4	1
6918	-6.6	1100000001100000	4	1
6920	-6.6	1100000000000100	4	2
6924	-6.6	1100000000000101	4	1
6925	-6.6	0000001110100000	5	2
6929	-6.6	1100000000000110	4	1
6931	-6.6	1100000000000111	4	1
6933	-6.6	1100000000011000	4	2
6937	-6.6	1100000000100001	4	1
6938	-6.6	1100000001000001	4	1
6939	-6.6	1100000001100001	4	1
6941	-6.6	1100000000011010	4	1
6945	-6.6	1100000001011000	4	2
6950	-6.6	0000001110000100	5	2
6951	-6.6	0000001110000010	5	2
6952	-6.6	0000001110000110	5	2
6956	-6.6	1100000000011100	4	2
6959	-6.6	1100000000111000	4	2
6981	-6.6	1100000000100010	4	1
6984	-6.6	1100000001000100	4	2
6985	-6.6	1100000000100011	4	1
6986	-6.6	0000001111000100	5	2
6988	-6.6	1100000001000010	4	1
6989	-6.6	1100000001100010	4	1
6990	-6.6	1100000000100100	4	2
6993	-6.6	1100000000100101	4	1
6994	-6.6	0000001110100100	5	2
6996	-6.6	0000001110100010	5	2
6997	-6.6	0000001111000010	5	2
7000	-6.6	1100000000100110	4	1
7003	-6.6	1100000001100100	4	2
7004	-6.6	1100000001000101	4	1
7005	-6.6	1100000001000011	4	1
7007	-6.6	1100000001000110	4	1
7010	-6.6	1100000001100011	4	1
7011	-6.6	1100000000111010	4	1
7014	-6.6	1100000001011100	4	2
7015	-6.6	0000001111000110	5	2
7017	-6.6	1100000001011010	4	1
7018	-6.6	1100000001100110	4	1
7019	-6.6	1100000001011001	4	1
7021	-6.6	1100000001100101	4	1
7024	-6.6	0000001110100110	5	2
7031	-6.6	1100000001100111	4	1
7032	-6.6	1100000001111001	4	1
7037	-4.9	1100000001011001	4	1
7040	-6.6	0000001111000000	5	2
7046	-6.6	0000001110100000	5	2
7063	-6.3	0000010110000001	4	1
7087	-6.3	0000001110000100	5	2
7088	-6.3	0000001110000010	5	2
7089	-6.3	0000001110000110	5	2
7096	-6.6	0000001110000100	5	2
7097	-6.6	0000001110000010	5	2
7098	-6.6	0000001110000110	5	2
7112	-6.6	0000001110100100	5	2
7113	-6.6	0000001110100010	5	2
7114	-6.6	0000001111000010	5	2
7121	-6.3	0000001111000110	5	2
7123	-6.3	0000010110100101	4	1
7127	-6.6	0000010110100101	4	1
7129	-6.6	0000001110100110	5	2
7131	-6.3	0000001101100110	5	2
7135	-6.6	1100000000100000	6	1
7136	-6.6	1100000001100000	6	1
7138	-6.6	1100000000000100	6	2
7143	-6.6	0000001110100000	5	2
7145	-4.6	1100000000000110	6	1
7147	-6.6	1100000000000110	6	1
7151	-6.6	1100000000011000	6	2
7159	-6.6	1100000000011010	6	1
7163	-6.6	1100000001011000	6	2
7174	-6.6	1100000000011100	6	2
7177	-6.6	1100000000111000	6	2
7179	-6.6	0000001110000100	5	2
7180	-6.6	0000001110000010	5	2
7181	-6.6	0000001110000110	5	2
7199	-6.6	1100000000100010	6	1
7202	-6.6	1100000001000100	6	2
7205	-6.6	0000001111000100	5	2
7206	-6.6	1100000001000010	6	1
7207	-6.6	1100000001100010	6	1
7208	-6.6	1100000000100100	6	2
7212	-6.6	0000001110100010	5	2
7213	-6.6	0000001111000010	5	2
7214	-6.6	0000001110100100	5	2
7218	-6.6	1100000000100110	6	1
7221	-6.6	1100000001100100	6	2
7225	-6.6	1100000001000110	6	1
7227	-6.6	0000001110011100	5	2
7229	-6.6	1100000000111010	6	1
7232	-6.6	1100000001011100	6	2
7235	-6.6	1100000001011010	6	1
7236	-6.6	1100000001100110	6	1
7238	-6.6	0000001110011010	5	2
7242	-6.6	0000001110100110	5	2
7252	-4.9	0000010000100000	4	1
7264	-6.6	0000010000000101	6	1
7280	-4.6	0000010000011001	4	1
7299	-6.6	0000010000100001	4	1
7300	-6.6	0000010001000001	4	1
7301	-6.6	0000010001100001	4	1
7313	-6.6	0000010000100001	6	1
7314	-6.6	0000010001000001	6	1
7315	-6.6	0000010001100001	6	1
7337	-6.6	0000010000100011	4	1
7348	-6.6	0000010000100101	4	1
7349	-6.6	0000010000100101	6	1
7359	-6.6	0000010001000101	6	1
7360	-6.6	0000010001000011	6	1
7362	-6.6	0000010001000101	4	1
7363	-6.6	0000010001000011	4	1
7370	-6.6	0000010001100011	4	1
7382	-6.6	0000010001100101	4	1
7383	-6.6	0000010001100101	6	1
7406	-6.6	0000011000000101	6	1
7422	-4.6	0000011000011001	4	1
7441	-6.6	0000011000100001	4	1
7442	-6.6	0000011001000001	4	1
7443	-6.6	0000011001100001	4	1
7455	-6.6	0000011000100001	6	1
7456	-6.6	0000011001000001	6	1
7457	-6.6	0000011001100001	6	1
7479	-6.6	0000011000100011	4	1
7490	-6.6	0000011000100101	4	1
7491	-6.6	0000011000100101	6	1
7501	-6.6	0000011001000101	6	1
7502	-6.6	0000011001000011	6	1
7504	-6.6	0000011001000101	4	1
7505	-6.6	0000011001000011	4	1
7512	-6.6	0000011001100011	4	1
7524	-6.6	0000011001100101	4	1
7525	-6.6	0000011001100101	6	1
7546	-6.3	0000001101100110	5	2
7594	-6.3	0000001110000001	4	1
7596	-6.3	0000001110000001	4	1
7598	-6.3	0000001111000001	4	1
7634	-6.3	0000001110000101	4	1
7635	-6.3	0000001110000011	4	1
7639	-6.6	0000001110000001	4	1
7646	-6.6	0000001110000111	6	2
7707	-6.3	0000001111000011	4	1
7710	-6.3	0000001111000101	4	1
7713	-6.3	0000001110011001	4	1
7721	-6.6	0000001110100101	4	2
7724	-6.6	0000001110100101	4	1
7732	-6.6	0000001110011001	4	1
7737	-6.6	0000001110100000	5	2
7742	-6.6	0000001110100110	5	2
7743	-6.6	0000001110100110	5	2
7744	-6.6	0000001101100110	5	2
7747	-2.9	0010000000000100	4	2
7748	-2.9	0010000000000100	4	2
7909	-2.9	0010000000000100	4	2
8054	-4.6	0010000000111001	6	2
8055	-4.6	0010000001011001	4	2
8059	-6.6	0010000011111111	6	2
8102	-4.9	0010000000000100	4	2
8109	-6.6	0010000000000101	6	2
8125	-4.6	0010000000011001	4	2
8144	-6.6	0010000000100001	4	1
8145	-6.6	0010000001000001	4	1
8146	-6.6	0010000001100001	4	1
8158	-6.6	0010000000100001	6	1
8159	-6.6	0010000001000001	6	1
8160	-6.6	0010000001100001	6	1
8182	-6.6	0010000000100011	4	2
8193	-6.6	0010000000100101	4	2
8194	-6.6	0010000000100101	6	2
8204	-6.6	0010000001000101	6	2
8205	-6.6	0010000001000011	6	2
8207	-6.6	0010000001000101	4	2
8208	-6.6	0010000001000011	4	2
8215	-6.6	0010000001100011	4	2
8227	-6.6	0010000001100101	4	2
8228	-6.6	0010000001100101	6	2
8241	-4.6	0010000010100000	5	2
8248	-4.6	0010000010100110	5	2
8249	-4.6	0010000001100110	5	2
8252	-4.9	0010000000000100	5	2
8253	-4.6	0010000000100000	5	2
8265	-6.6	0010000011100000	5	2
8273	-6.6	0010000000011000	5	2
8339	-6.6	0010000000100100	5	2
8358	-6.6	0010000001000010	5	2
8373	-6.6	0010000001011010	5	2
8382	-6.3	0010000001100110	5	2
8383	-6.6	0010000001100110	5	2
8385	-6.6	0010000011100110	5	2
8387	-6.6	0010000001111110	5	2
8390	-4.6	0000010000100000	5	2
8394	-4.6	0000010010100000	5	1
8402	-4.6	0000010000000110	5	2
8409	-4.6	0000010000011000	5	2
8410	-4.6	0000010000011000	5	2
8418	-4.6	0000010010011000	5	1
8424	-4.6	0000010000011010	5	2
8434	-4.6	0000010010000100	5	2
8435	-4.6	0000010010000010	5	2
8446	-4.6	0000010000011100	5	2
8449	-4.6	0000010000111000	5	2
8452	-4.6	0000010010000100	5	2
8453	-4.6	0000010010000010	5	2
8471	-4.6	0000010010000100	5	1
8472	-4.6	0000010010000010	5	1
8473	-4.6	0000010010000110	5	1
8478	-4.6	0000010010000100	5	2
8479	-4.6	0000010010000010	5	2
8480	-4.6	0000010010000110	5	2
8491	-4.6	0000010000100010	5	2
8493	-4.6	0000010001000100	5	2
8507	-4.6	0000010000100100	5	2
8508	-4.6	0000010000100100	5	2
8519	-4.6	0000010001000010	5	2
8530	-4.6	0000010000100110	5	2
8531	-4.6	0000010001000010	5	2
8536	-4.6	0000010001000110	5	2
8547	-4.6	0000010010011100	5	2
8548	-4.6	0000010010011100	5	1
8550	-4.6	0000010000111010	5	2
8555	-4.6	0000010000111100	5	2
8556	-4.6	0000010000111100	5	2
8562	-4.6	0000010010011010	5	2
8563	-4.6	0000010010011010	5	1
8564	-4.6	0000010010011010	5	2
8576	-4.6	0000010010011110	5	2
8577	-4.6	0000010010100110	5	1
8579	-4.6	0000010001100110	5	2
8581	-4.6	0000010010011110	5	1
8587	-4.9	0000010000100000	5	2
8598	-6.6	0000010011100000	5	2
8606	-6.6	0000010000011000	5	2
8672	-6.6	0000010000100100	5	2
8691	-6.6	0000010001000010	5	2
8706	-6.6	0000010001011010	5	2
8715	-6.3	0000010001100110	5	2
8716	-6.6	0000010001100110	5	2
8718	-6.6	0000010011100110	5	2
8720	-6.6	0000010001111110	5	2
8782	-4.9	1010000000000101	4	1
8901	-4.9	1010000000000101	4	1
8919	-4.6	1010000000011001	4	1
8938	-6.6	1010000000100001	4	1
8939	-6.6	1010000001000001	4	1
8940	-6.6	1010000001100001	4	1
8976	-6.6	1010000000100011	4	1
8987	-6.6	1010000000100101	4	1
9001	-6.6	1010000001000101	4	1
9002	-6.6	1010000001000011	4	1
9009	-6.6	1010000001100011	4	1
9021	-6.6	1010000001100101	4	1
9027	-4.9	1010000001100110	4	1
9033	-6.9	1010000011111111	4	1
9035	-4.6	1010000000011001	4	1
9036	-4.9	1010000000111001	4	1
9039	-6.6	0000010110100000	5	2
9040	-6.3	0000010110100000	5	1
9041	-6.6	0000010110100000	5	2
9047	-6.6	0000010111100000	5	2
9048	-6.6	0000010111100000	5	2
9058	-6.3	0000010100011000	5	2
9059	-6.6	0000010100011000	5	2
9065	-6.3	0000010110011000	5	1
9066	-6.6	0000010110011000	5	2
9078	-6.3	0000010110000100	5	1
9079	-6.3	0000010110000010	5	1
9080	-6.3	0000010110000110	5	1
9093	-6.6	0000010110000100	5	2
9094	-6.6	0000010110000010	5	2
9095	-6.6	0000010110000110	5	2
9107	-6.3	0000010110000100	5	1
9108	-6.3	0000010110000010	5	1
9109	-6.3	0000010110000110	5	1
9118	-6.6	0000010110000100	5	2
9119	-6.6	0000010110000010	5	2
9120	-6.6	0000010110000110	5	2
9132	-6.3	0000010110000100	5	1
9133	-6.3	0000010110000010	5	1
9134	-6.3	0000010110000110	5	1
9145	-6.6	0000010110000100	5	2
9146	-6.6	0000010110000010	5	2
9147	-6.6	0000010110000110	5	2
9158	-6.6	0000010111000100	5	2
9164	-6.6	0000010111000100	5	2
9170	-6.3	0000010100100100	5	2
9171	-6.6	0000010100100100	5	2
9176	-6.6	0000010110100100	5	2
9179	-6.6	0000010110100100	5	2
9181	-6.3	0000010110100100	5	1
9184	-6.6	0000010110100100	5	2
9188	-6.3	0000010101000010	5	2
9189	-6.3	0000010110100010	5	1
9194	-6.6	0000010110100010	5	2
9195	-6.6	0000010111000010	5	2
9197	-6.6	0000010110100010	5	2
9198	-6.6	0000010111000010	5	2
9200	-6.6	0000010101000010	5	2
9201	-6.6	0000010110100010	5	2
9202	-6.6	0000010111000010	5	2
9205	-6.3	0000010110011100	5	1
9211	-6.6	0000010111000110	5	2
9216	-6.6	0000010111000110	5	2
9219	-6.3	0000010110011010	5	1
9223	-6.3	0000010110100110	5	1
9224	-6.6	0000010101011010	5	2
9228	-6.6	0000010110100110	5	2
9229	-6.6	0000010110100110	5	2
9231	-6.3	0000010110100110	5	1
9235	-6.6	0000010110100110	5	2
9236	-6.3	0000010101100110	5	2
9237	-6.6	0000010101100110	5	2
9238	-6.3	0000010110011110	5	1
9239	-6.6	0000010111100110	5	2
9240	-6.6	0000010111100110	5	2
9273	-4.6	1010000000000110	6	1
9275	-6.6	1010000000000110	6	1
9279	-6.6	1010000000011000	6	2
9287	-6.6	1010000000011010	6	2
9291	-6.6	1010000001011000	6	2
9302	-6.6	1010000000011100	6	2
9305	-6.6	1010000000111000	6	2
9307	-6.6	0000010110000100	5	2
9308	-6.6	0000010110000010	5	2
9309	-6.6	0000010110000110	5	2
9327	-6.6	1010000000100010	6	1
9330	-6.6	1010000001000100	6	2
9333	-6.6	0000010111000100	5	2
9334	-6.6	1010000001000010	6	1
9335	-6.6	1010000001100010	6	1
9336	-6.6	1010000000100100	6	2
9340	-6.6	0000010110100010	5	2
9341	-6.6	0000010111000010	5	2
9342	-6.6	0000010110100100	5	2
9346	-6.6	1010000000100110	6	1
9349	-6.6	1010000001100100	6	2
9353	-6.6	1010000001000110	6	1
9355	-6.6	0000010110011100	5	2
9357	-6.6	1010000000111010	6	2
9360	-6.6	1010000001011100	6	2
9363	-6.6	1010000001011010	6	2
9364	-6.6	1010000001100110	6	1
9366	-6.6	0000010110011010	5	2
9370	-6.6	0000010110100110	5	2
9394	-6.6	0000011000011000	5	1
9460	-6.6	0000011000100100	5	1
9479	-6.6	0000011001000010	5	1
9494	-6.6	0000011001011010	5	1
9496	-6.3	0000010110100110	5	2
9502	-6.3	0000010110100110	5	2
9503	-6.3	0000011001100110	5	1
9504	-6.6	0000011001100110	5	1
9508	-6.6	0000011001111110	5	1
9514	-6.6	0000010110100110	5	2
9515	-6.6	0000010110100110	5	2
9516	-6.6	0000010101100110	5	2
9577	-4.6	0110000000100001	6	1
9578	-4.6	0110000001000001	6	1
9579	-4.6	0110000001100001	6	1
9601	-4.6	0110000010000111	6	2
9638	-4.6	0110000000100101	6	1
9657	-4.6	0110000001000101	6	1
9658	-4.6	0110000001000011	6	1
9692	-4.6	0110000001100101	6	1
9707	-2.9	0110000000000110	4	2
9835	-4.9	0110000000000110	4	2
9847	-4.6	0110000000011001	4	2
9866	-6.6	0110000000100001	4	1
9867	-6.6	0110000001000001	4	1
9868	-6.6	0110000001100001	4	1
9880	-6.6	0110000000100001	6	1
9881	-6.6	0110000001000001	6	1
9882	-6.6	0110000001100001	6	1
9904	-6.6	0110000000100011	4	1
9915	-6.6	0110000000100101	4	1
9916	-6.6	0110000000100101	6	1
9926	-6.6	0110000001000101	6	1
9927	-6.6	0110000001000011	6	1
9929	-6.6	0110000001000101	4	1
9930	-6.6	0110000001000011	4	1
9937	-6.6	0110000001100011	4	1
9949	-6.6	0110000001100101	4	1
9950	-6.6	0110000001100101	6	1
9962	-4.9	0110000000000110	5	2
9964	-6.6	0110000011100000	5	2
9972	-6.6	0110000000011000	5	2
10038	-6.6	0110000000100100	5	2
10057	-6.6	0110000001000010	5	1
10072	-6.6	0110000001011010	5	2
10081	-6.3	0110000001100110	5	2
10082	-6.6	0110000001100110	5	2
10084	-6.6	0110000011100110	5	2
10086	-6.6	0110000001111110	5	2
10088	-4.9	1110000000000111	4	1
10099	-4.6	1110000000011001	4	1
10118	-6.6	1110000000100001	4	1
10119	-6.6	1110000001000001	4	1
10120	-6.6	1110000001100001	4	1
10156	-6.6	1110000000100011	4	1
10167	-6.6	1110000000100101	4	1
10181	-6.6	1110000001000101	4	1
10182	-6.6	1110000001000011	4	1
10189	-6.6	1110000001100011	4	1
10201	-6.6	1110000001100101	4	1
10207	-4.9	1110000001100110	4	2
10213	-6.9	1110000011111111	4	1
10220	-6.6	0000011110000100	5	2
10221	-6.6	0000011110000010	5	2
10222	-6.6	0000011110000110	5	2
10226	-6.6	0000011110000100	5	2
10227	-6.6	0000011110000010	5	2
10228	-6.6	0000011110000110	5	2
10237	-6.6	0000011110011100	5	2
10239	-6.6	0000011110011010	5	2
10240	-6.6	0000011110100110	5	1
10251	-6.6	0000011100011000	5	2
10252	-6.6	0000011100011000	5	2
10253	-6.6	0000011100011000	5	2
10259	-6.6	0000011110011000	5	1
10269	-6.6	0000011100011010	5	2
10277	-6.6	0000011110000100	5	2
10278	-6.6	0000011110000010	5	2
10279	-6.6	0000011110000110	5	2
10290	-6.6	0000011100011100	5	2
10291	-6.6	0000011100111000	5	2
10294	-6.6	0000011110000100	5	2
10295	-6.6	0000011110000010	5	2
10296	-6.6	0000011110000110	5	2
10310	-6.6	0000011110000100	5	1
10311	-6.6	0000011110000010	5	1
10312	-6.6	0000011110000110	5	1
10317	-6.6	0000011110000100	5	2
10318	-6.6	0000011110000010	5	2
10319	-6.6	0000011110000110	5	2
10331	-6.6	0000011100100010	5	2
10333	-6.6	0000011101000100	5	2
10347	-6.6	0000011100100100	5	2
10348	-6.6	0000011100100100	5	2
10349	-6.6	0000011100100100	5	2
10352	-6.6	0000011101000010	5	2
10357	-6.6	0000011101000010	5	2
10364	-6.6	0000011100100110	5	2
10365	-6.6	0000011101000010	5	2
10370	-6.6	0000011101000110	5	2
10376	-6.6	0000011110011100	5	2
10377	-6.6	0000011110011100	5	1
10379	-6.6	0000011100111010	5	2
10383	-6.6	0000011100111100	5	2
10388	-6.6	0000011110011010	5	2
10389	-6.6	0000011110011010	5	1
10390	-6.6	0000011110011010	5	2
10394	-6.6	0000011110100110	5	1
10399	-6.6	0000011110011110	5	2
10400	-6.6	0000011110100110	5	1
10402	-6.6	0000011101100110	5	2
10404	-6.6	0000011110011110	5	1
10424	-4.6	1000000110000001	4	1
10440	-4.6	1000000110000001	4	1
10445	-4.6	1000000110000001	4	1
10451	-4.6	1000000110000101	4	1
10455	-4.6	1000000110000100	4	1
10456	-4.6	1000000110000110	4	1
10479	-4.6	1000000110000101	4	1
10480	-4.6	1000000110000011	4	1
10484	-4.9	1000000110000001	4	1
10551	-4.9	1000000110100101	4	1
10556	-4.9	1000000110011001	4	1
10573	-4.6	1000000110000001	4	1
10578	-4.6	1000000110000001	4	1
10600	-4.6	1000000110000101	4	1
10607	-4.6	1000000110000011	4	1
10611	-4.6	1000000110000100	4	1
10612	-4.6	1000000110000110	4	1
10622	-4.6	1000000110000101	4	1
10623	-4.6	1000000110000011	4	1
10627	-4.9	1000000110000001	4	1
10693	-4.9	1000000110100101	4	1
10698	-4.9	1000000110011001	4	1
10720	-4.6	1000000110000001	4	1
10722	-4.6	1000000110000001	4	1
10752	-4.6	1000000110000101	4	1
10753	-4.6	1000000110000011	4	1
10757	-4.9	1000000110000001	4	1
10813	-4.9	1000000110100101	4	1
10819	-4.9	1000000110011001	4	1
10824	-4.6	0001100000111001	6	2
10829	-6.6	0001100011111111	6	2
10868	-4.9	0001100000011000	4	2
10869	-4.9	0001100000011000	4	2
10933	-4.9	1000001110000001	4	1
10996	-6.6	0001100010100101	4	2
11007	-4.9	0001100000011000	4	2
11011	-4.6	0001100000011001	4	2
11030	-6.6	0001100000100001	4	2
11031	-6.6	0001100001000001	4	2
11032	-6.6	0001100001100001	4	2
11044	-6.6	0001100000100001	6	2
11045	-6.6	0001100001000001	6	2
11046	-6.6	0001100001100001	6	2
11061	-4.9	1000001110000001	4	1
11068	-6.6	0001100000100011	4	2
11079	-6.6	0001100000100101	4	2
11080	-6.6	0001100000100101	6	2
11090	-6.6	0001100001000101	6	2
11091	-6.6	0001100001000011	6	2
11093	-6.6	0001100001000101	4	2
11094	-6.6	0001100001000011	4	2
11101	-6.6	0001100001100011	4	2
11113	-6.6	0001100001100101	4	2
11114	-6.6	0001100001100101	6	2
11131	-4.6	0001100001100110	5	2
11134	-4.9	0001100000011000	5	2
11135	-4.9	0001100000011000	5	2
11136	-6.6	0001100000011000	5	2
11200	-4.9	1000010110000001	4	1
11220	-6.6	0001100000100100	5	2
11241	-6.6	0001100001000010	5	2
11262	-6.6	0001100001011010	5	2
11269	-6.6	0001100001100110	5	2
11271	-6.6	0001100011100110	5	2
11273	-6.6	0001100001111110	5	2
11275	-4.9	0001100000011000	5	2
11276	-6.6	0001100000011000	5	2
11327	-4.9	1000010110000001	4	1
11342	-6.6	0001100000100100	5	2
11361	-6.6	0001100001000010	5	2
11376	-6.6	0001100001011010	5	2
11385	-6.3	0001100001100110	5	2
11386	-6.6	0001100001100110	5	2
11388	-6.6	0001100011100110	5	2
11390	-6.6	0001100001111110	5	2
11396	-6.3	0001100010100110	5	2
11398	-6.6	0001100011100110	5	2
11400	-6.9	0001100000011000	5	2
11415	-6.6	0001100000011010	5	2
11417	-6.6	0001100001011000	5	2
11431	-6.6	0001100000011100	5	2
11432	-6.6	0001100000111000	5	2
11454	-6.6	0001100000100010	5	2
11455	-6.6	0001100001000100	5	2
11464	-6.6	0001100000100100	5	2
11465	-6.6	0001100000100100	5	2
11468	-6.6	0001100001000010	5	2
11471	-6.6	0001100001000010	5	2
11472	-6.6	0001100001100010	5	2
11474	-6.6	0001100000100110	5	2
11475	-6.6	0001100001100100	5	2
11479	-6.6	0001100001000110	5	2
11488	-6.6	0001100000111010	5	2
11489	-6.6	0001100001011100	5	2
11492	-6.6	0001100000111100	5	2
11498	-6.6	0001100001011010	5	2
11499	-6.6	0001100001011010	5	2
11502	-6.6	0001100010100110	5	2
11505	-6.6	0001100001011110	5	2
11506	-6.6	0001100001100110	5	2
11507	-6.6	0001100001111010	5	2
11508	-6.6	0001100010100110	5	2
11509	-6.6	0001100001100110	5	2
11530	-4.6	1001100000100001	4	1
11531	-4.6	1001100001000001	4	1
11532	-4.6	1000011000011001	4	1
11535	-4.6	1001100000011010	4	2
11538	-4.6	1001100000100001	4	1
11539	-4.6	1001100001000001	4	1
11540	-4.6	1001100010000001	4	1
11554	-4.6	1001100000011100	4	2
11560	-4.6	1001100000111000	4	2
11576	-4.6	1001100010000101	4	1
11577	-4.6	1001100010000011	4	1
11581	-4.9	1001100010000001	4	1
11583	-4.6	1001100000100010	4	1
11588	-4.6	1001100001000100	4	2
11591	-4.6	1001100000100011	4	1
11592	-4.6	1001100000100011	4	1
11596	-4.6	1001100001000010	4	1
11597	-4.6	1001100001100010	4	1
11599	-4.6	1001100000100100	4	2
11605	-4.6	1001100000100101	4	1
11606	-4.6	1001100000100101	4	1
11617	-4.6	1001100000100110	4	1
11618	-4.6	1001100001000101	4	1
11619	-4.6	1001100001000011	4	1
11623	-4.6	1001100001100100	4	2
11624	-4.6	1001100001000101	4	1
11625	-4.6	1001100001000011	4	1
11627	-4.6	1001100001000110	4	2
11630	-4.6	1001100001100011	4	1
11631	-4.6	1001100000111010	4	2
11639	-4.6	1001100001100110	4	1
11643	-4.6	1001100001100101	4	1
11645	-4.6	1001100001100101	4	1
11651	-4.9	1001100010100101	4	1
11654	-4.6	1001100001100111	4	1
11655	-4.9	1001100010011001	4	1
11657	-4.9	1000010000100001	4	1
11759	-4.9	1000001001000001	4	1
11899	-4.9	1000000110000001	4	1
11900	-4.6	1000000110000101	4	1
11904	-4.6	1000000110000100	4	1
11905	-4.6	1000000110000010	4	1
11906	-4.6	1000000110000110	4	1
11907	-6.3	1000000110000001	4	1
11908	-4.9	1000000110000100	4	1
11909	-4.9	1000000110000010	4	1
11910	-4.9	1000000110000110	4	1
11967	-6.3	1000000110100101	4	1
11968	-4.9	1000000110100110	4	1
11971	-6.6	1000000110100101	4	1
11975	-4.9	1000000101100110	4	1
11978	-6.9	1000000111111111	4	1
11979	-4.9	1000010000100001	4	1
11995	-6.6	1000010000100001	4	1
11996	-6.6	1000010001000001	4	1
11997	-6.6	1000010001100001	4	1
12033	-6.6	1000010000100011	4	1
12044	-6.6	1000010000100101	4	1
12058	-6.6	1000010001000101	4	1
12059	-6.6	1000010001000011	4	1
12066	-6.6	1000010001100011	4	1
12078	-6.6	1000010001100101	4	1
12084	-4.9	1000010001100110	4	1
12090	-6.9	1000010011111111	4	1
12091	-4.9	1000001001000001	4	1
12106	-6.6	1000001000100001	4	1
12107	-6.6	1000001001000001	4	1
12108	-6.6	1000001001100001	4	1
12144	-6.6	1000001000100011	4	1
12155	-6.6	1000001000100101	4	1
12169	-6.6	1000001001000101	4	1
12170	-6.6	1000001001000011	4	1
12177	-6.6	1000001001100011	4	1
12189	-6.6	1000001001100101	4	1
12195	-4.9	1000001001100110	4	1
12201	-6.9	1000001011111111	4	1
12216	-6.6	1000011000100001	4	1
12217	-6.6	1000011001000001	4	1
12218	-6.6	1000011001100001	4	1
12254	-6.6	1000011000100011	4	1
12265	-6.6	1000011000100101	4	1
12279	-6.6	1000011001000101	4	1
12280	-6.6	1000011001000011	4	1
12287	-6.6	1000011001100011	4	1
12298	-6.3	0001100110100110	5	2
12299	-6.6	1000011001100101	4	1
12304	-6.3	0001100110100110	5	2
12308	-6.6	0001100111100110	5	2
12311	-6.9	1000011011111111	4	1
12314	-6.6	0001100110100110	5	2
12315	-6.6	0001100110100110	5	2
12316	-6.6	0001100101100110	5	2
12331	-4.6	1010000110000001	4	1
12336	-4.6	1010000110000001	4	1
12342	-4.6	1010000110000101	4	1
12346	-4.6	1010000110000100	4	2
12347	-4.6	1010000110000110	4	1
12370	-4.6	1010000110000101	4	1
12371	-4.6	1010000110000011	4	1
12375	-4.9	1010000110000001	4	1
12442	-4.9	1010000110100101	4	1
12447	-4.9	1010000110011001	4	1
12456	-4.6	1100000110000001	4	1
12487	-4.6	1010000110000001	4	1
12489	-4.6	1010000110000001	4	1
12519	-4.6	1010000110000101	4	1
12520	-4.6	1010000110000011	4	1
12524	-4.9	1010000110000001	4	1
12580	-4.9	1010000110100101	4	1
12586	-4.9	1010000110011001	4	1
12600	-4.6	0010000110000100	5	2
12601	-4.6	0010000110000010	5	2
12602	-4.6	0010000110000110	5	2
12610	-4.6	0010000110000100	5	2
12611	-4.6	0010000110000010	5	2
12612	-4.6	0010000110000110	5	2
12639	-4.6	0010000110000100	5	2
12640	-4.6	0010000110000010	5	2
12641	-4.6	0010000110000110	5	2
12727	-4.6	0100000110000100	5	2
12728	-4.6	0100000110000010	5	1
12729	-4.6	0100000110000110	5	1
12737	-4.6	0100000110000100	5	2
12738	-4.6	0100000110000010	5	1
12739	-4.6	0100000110000110	5	1
12766	-4.6	0100000110000100	5	2
12767	-4.6	0100000110000010	5	1
12768	-4.6	0100000110000110	5	1
12853	-4.6	0110000110000100	5	2
12854	-4.6	0110000110000010	5	1
12855	-4.6	0110000110000110	5	2
12880	-4.6	0101100000111001	6	2
12890	-4.6	1000000110000100	6	1
12891	-4.6	1000000110000010	6	1
12892	-4.6	1000000110000110	6	1
12893	-4.9	1000000110000001	4	1
12897	-4.6	1000000110000011	4	1
12901	-4.9	1000000110000001	4	1
12902	-4.6	1000000110000100	4	1
12903	-4.6	1000000110000010	4	1
12904	-4.6	1000000110000110	4	1
12914	-4.9	1000000110011001	4	1
12916	-4.9	1000000110100101	4	1
12922	-4.9	1000010110000001	4	1
12933	-4.6	1100000110000100	6	2
12934	-4.6	1100000110000010	6	1
12935	-4.6	1100000110000110	6	1
12936	-4.9	1100000110000001	4	1
12942	-4.9	1100000110011001	4	1
12944	-4.9	1100000110100101	4	1
12946	-4.9	0101100000011010	4	2
12955	-6.6	0101100000100001	4	1
12956	-6.6	0101100001000001	4	1
12957	-6.6	0101100001100001	4	1
12969	-6.6	0101100000100001	6	1
12970	-6.6	0101100001000001	6	1
12971	-6.6	0101100001100001	6	1
12986	-4.9	1010001110000001	4	1
12993	-6.6	0101100000100011	4	1
13004	-6.6	0101100000100101	4	2
13005	-6.6	0101100000100101	6	2
13015	-6.6	0101100001000101	6	2
13016	-6.6	0101100001000011	6	1
13018	-6.6	0101100001000101	4	2
13019	-6.6	0101100001000011	4	1
13026	-6.6	0101100001100011	4	1
13038	-6.6	0101100001100101	4	2
13039	-6.6	0101100001100101	6	2
13054	-4.6	0010000110000001	4	1
13059	-4.6	0010000110000001	4	1
13065	-4.6	0010000110000101	4	2
13088	-4.6	0010000110000101	6	2
13089	-4.6	0010000110000011	6	2
13093	-4.6	0010000110000101	4	2
13094	-4.6	0010000110000011	4	2
13175	-4.6	0100000110000001	4	1
13180	-4.6	0100000110000001	4	1
13186	-4.6	0100000110000101	4	1
13209	-4.6	0100000110000101	6	1
13210	-4.6	0100000110000011	6	1
13214	-4.6	0100000110000101	4	1
13215	-4.6	0100000110000011	4	1
13294	-4.6	0110000110000001	4	1
13298	-4.6	0110000110000101	4	1
13335	-4.6	0101100001100110	5	2
13336	-4.9	1000000110000001	4	1
13341	-4.9	1000000110000001	4	1
13347	-6.3	1000000110000101	4	1
13351	-6.3	1000000110000100	4	1
13352	-6.3	1000000110000110	4	1
13353	-4.6	1000000110000011	4	1
13356	-4.9	1000000111000001	4	1
13358	-4.9	1000000110100001	4	1
13359	-4.9	1000000111000001	4	1
13366	-4.6	1000000110000111	4	1
13370	-4.9	1000000110000101	4	1
13371	-4.9	1000000110000011	4	1
13372	-4.6	1000000110000100	4	1
13373	-4.6	1000000110000010	4	1
13374	-4.6	1000000110000110	4	1
13393	-6.3	1000000110100010	4	1
13405	-6.3	1000000110100100	4	1
13422	-6.3	1000000110100011	4	1
13424	-4.9	1000000111000101	4	1
13426	-4.9	1000000110100101	4	1
13431	-4.9	1000000110100011	4	1
13437	-6.3	1000000110100101	4	1
13444	-6.6	1000000110100101	4	1
13454	-6.9	1000000111111111	4	1
13470	-4.9	0101100000011010	5	2
13506	-4.9	1010010110000001	4	1
13521	-6.6	0101100000100100	5	2
13540	-6.6	0101100001000010	5	1
13555	-6.6	0101100001011010	5	2
13564	-6.3	0101100001100110	5	2
13565	-6.6	0101100001100110	5	2
13567	-6.6	0101100011100110	5	2
13569	-6.6	0101100001111110	5	2
13574	-4.9	0010000110000101	4	2
13575	-6.3	0010000110000100	5	2
13576	-6.3	0010000110000010	5	2
13577	-6.3	0010000110000110	5	2
13592	-6.3	0010000111000100	5	2
13598	-6.3	0010000110100100	5	2
13600	-6.3	0010000110100010	5	2
13601	-6.3	0010000111000010	5	2
13602	-4.9	1000010000111001	4	1
13603	-4.9	0010000110100011	4	2
13605	-6.3	0010000111000110	5	2
13607	-4.9	0010000110100101	4	2
13609	-6.3	0010000110100110	5	2
13615	-4.9	0100000110000101	4	1
13616	-6.3	0100000110000100	5	2
13617	-6.3	0100000110000010	5	1
13618	-6.3	0100000110000110	5	1
13633	-6.3	0100000111000100	5	2
13639	-6.3	0100000110100100	5	2
13641	-6.3	0100000110100010	5	1
13642	-6.3	0100000111000010	5	1
13643	-4.9	1000001000111001	4	1
13644	-4.9	0100000110100011	4	1
13646	-6.3	0100000111000110	5	1
13648	-4.9	0100000110100101	4	1
13650	-6.3	0100000110100110	5	1
13656	-4.9	0110000110000101	4	1
13657	-6.3	0110000110000100	5	2
13658	-6.3	0110000110000010	5	1
13659	-6.3	0110000110000110	5	2
13674	-6.3	0110000111000100	5	2
13680	-6.3	0110000110100100	5	2
13682	-6.3	0110000110100010	5	1
13683	-6.3	0110000111000010	5	1
13684	-4.9	0110000110100011	4	1
13686	-6.3	0110000111000110	5	2
13688	-4.9	0110000110100101	4	1
13690	-6.3	0110000110100110	5	2
13692	-4.9	1000000110000001	4	1
13699	-4.6	1000000110000011	4	1
13700	-4.6	1000000110000011	4	1
13703	-4.9	1000000110000001	4	1
13705	-4.6	1000000110000100	4	1
13706	-4.6	1000000110000010	4	1
13708	-4.9	1000000110100001	4	1
13709	-4.9	1000000111000001	4	1
13713	-4.6	1000000110000111	4	1
13717	-4.9	1000000110000101	4	1
13718	-4.9	1000000110000011	4	1
13719	-4.6	1000000110000100	4	1
13720	-4.6	1000000110000010	4	1
13721	-4.6	1000000110000110	4	1
13763	-4.9	1000000111000101	4	1
13764	-4.9	1000000110100101	4	1
13768	-4.9	1000000110100011	4	1
13791	-6.9	1000000111111111	4	1
13802	-4.9	1000010110000001	4	1
13816	-4.9	1000010110000101	4	1
13817	-4.9	1000010110000011	4	1
13841	-6.6	0001101000100100	5	2
13860	-6.6	0001101001000010	5	2
13875	-6.6	0001101001011010	5	2
13884	-6.3	0001101001100110	5	2
13885	-6.6	0001101001100110	5	2
13889	-6.6	0001101001111110	5	2
13893	-6.6	0001101000100001	4	2
13894	-6.6	0001101001000001	4	2
13895	-6.6	0001101001100001	4	2
13900	-4.9	1000001110000001	4	1
13907	-6.6	0001101000100001	6	2
13908	-6.6	0001101001000001	6	2
13909	-6.6	0001101001100001	6	2
13914	-4.9	1000001110000101	4	1
13915	-4.9	1000001110000011	4	1
13931	-6.6	0001101000100011	4	2
13942	-6.6	0001101000100101	4	2
13943	-6.6	0001101000100101	6	2
13953	-6.6	0001101001000101	6	2
13954	-6.6	0001101001000011	6	2
13956	-6.6	0001101001000101	4	2
13957	-6.6	0001101001000011	4	2
13964	-6.6	0001101001100011	4	2
13976	-6.6	0001101001100101	4	2
13977	-6.6	0001101001100101	6	2
14276	-4.9	1010000110000101	4	1
14329	-6.3	1010000110100101	4	1
14330	-4.9	1010000110100110	4	1
14333	-6.6	1010000110100101	4	1
14337	-4.9	1010000101100110	4	1
14340	-6.9	1010000111111111	4	1
14341	-4.9	0010000110000100	5	2
14346	-6.6	0010000110000100	5	2
14347	-6.6	0010000110000010	5	2
14348	-6.6	0010000110000110	5	2
14371	-6.6	0010000111000100	5	2
14379	-6.6	0010000110100100	5	2
14385	-6.6	0010000110100010	5	2
14386	-6.6	0010000111000010	5	2
14387	-6.6	0010000111100010	5	2
14390	-6.6	0010000111000110	5	2
14394	-6.3	0010000110100110	5	2
14398	-6.6	0010000110100110	5	2
14401	-6.3	0010000101100110	5	2
14402	-6.6	0010000111100110	5	2
14403	-6.6	0010000111100110	5	2
14405	-4.9	0100000110000010	5	1
14409	-6.6	0100000110000100	5	2
14410	-6.6	0100000110000010	5	1
14411	-6.6	0100000110000110	5	1
14434	-6.6	0100000111000100	5	2
14442	-6.6	0100000110100100	5	2
14448	-6.6	0100000110100010	5	1
14449	-6.6	0100000111000010	5	1
14450	-6.6	0100000111100010	5	1
14453	-6.6	0100000111000110	5	1
14457	-6.3	0100000110100110	5	1
14461	-6.6	0100000110100110	5	1
14464	-6.3	0100000101100110	5	1
14465	-6.6	0100000111100110	5	1
14466	-6.6	0100000111100110	5	1
14468	-4.9	0110000110000110	5	2
14471	-6.6	0110000110000100	5	2
14472	-6.6	0110000110000010	5	1
14473	-6.6	0110000110000110	5	2
14496	-6.6	0110000111000100	5	2
14504	-6.6	0110000110100100	5	2
14510	-6.6	0110000110100010	5	1
14511	-6.6	0110000111000010	5	1
14512	-6.6	0110000111100010	5	1
14515	-6.6	0110000111000110	5	2
14519	-6.3	0110000110100110	5	2
14523	-6.6	0110000110100110	5	2
14527	-6.6	0110000111100110	5	2
14528	-6.6	0110000111100110	5	2
14530	-4.9	0010000110000100	4	2
14579	-6.3	0010000110100101	4	2
14583	-6.6	0010000110100101	4	2
14591	-4.9	0110000110000110	4	2
14639	-6.3	0110000110100101	4	1
14643	-6.6	0110000110100101	4	1
14652	-6.6	1000010000011100	4	1
14655	-6.6	1000010000111000	4	1
14677	-6.6	1000010000100010	4	1
14680	-6.6	1000010001000100	4	1
14681	-6.6	1000010000100011	4	1
14682	-6.6	0010000111000100	5	2
14684	-6.6	1000010001000010	4	1
14685	-6.6	1000010001100010	4	1
14686	-6.6	1000010000100100	4	1
14689	-6.6	1000010000100101	4	1
14690	-6.6	0010000110100100	5	2
14692	-6.6	0010000110100010	5	2
14693	-6.6	0010000111000010	5	2
14696	-6.6	1000010000100110	4	1
14699	-6.6	1000010001100100	4	1
14700	-6.6	1000010001000101	4	1
14701	-6.6	1000010001000011	4	1
14703	-6.6	1000010001000110	4	1
14706	-6.6	1000010001100011	4	1
14707	-6.6	1000010000111010	4	1
14710	-6.6	1000010001011100	4	1
14711	-6.6	0010000111000110	5	2
14713	-6.6	1000010001011010	4	1
14714	-6.6	1000010001100110	4	1
14715	-6.6	1000010001011001	4	1
14717	-6.6	1000010001100101	4	1
14720	-6.6	0010000110100110	5	2
14727	-6.6	1000010001100111	4	1
14728	-6.6	1000010001111001	4	1
14731	-6.6	1000001000011100	4	1
14734	-6.6	1000001000111000	4	1
14756	-6.6	1000001000100010	4	1
14759	-6.6	1000001001000100	4	1
14760	-6.6	1000001000100011	4	1
14761	-6.6	0100000111000100	5	2
14763	-6.6	1000001001000010	4	1
14764	-6.6	1000001001100010	4	1
14765	-6.6	1000001000100100	4	1
14768	-6.6	1000001000100101	4	1
14769	-6.6	0100000110100100	5	2
14771	-6.6	0100000110100010	5	1
14772	-6.6	0100000111000010	5	1
14775	-6.6	1000001000100110	4	1
14778	-6.6	1000001001100100	4	1
14779	-6.6	1000001001000101	4	1
14780	-6.6	1000001001000011	4	1
14782	-6.6	1000001001000110	4	1
14785	-6.6	1000001001100011	4	1
14786	-6.6	1000001000111010	4	1
14789	-6.6	1000001001011100	4	1
14790	-6.6	0100000111000110	5	1
14792	-6.6	1000001001011010	4	1
14793	-6.6	1000001001100110	4	1
14794	-6.6	1000001001011001	4	1
14796	-6.6	1000001001100101	4	1
14799	-6.6	0100000110100110	5	1
14806	-6.6	1000001001100111	4	1
14807	-6.6	1000001001111001	4	1
14810	-6.6	1000011000011100	4	1
14813	-6.6	1000011000111000	4	1
14835	-6.6	1000011000100010	4	1
14838	-6.6	1000011001000100	4	1
14839	-6.6	1000011000100011	4	1
14840	-6.6	0110000111000100	5	2
14842	-6.6	1000011001000010	4	1
14843	-6.6	1000011001100010	4	1
14844	-6.6	1000011000100100	4	1
14847	-6.6	1000011000100101	4	1
14848	-6.6	0110000110100100	5	2
14850	-6.6	0110000110100010	5	1
14851	-6.6	0110000111000010	5	1
14854	-6.6	1000011000100110	4	1
14857	-6.6	1000011001100100	4	1
14858	-6.6	1000011001000101	4	1
14859	-6.6	1000011001000011	4	1
14861	-6.6	1000011001000110	4	1
14864	-6.6	1000011001100011	4	1
14865	-6.6	1000011000111010	4	1
14868	-6.6	1000011001011100	4	1
14869	-6.6	0110000111000110	5	2
14871	-6.6	1000011001011010	4	1
14872	-6.6	1000011001100110	4	1
14873	-6.6	1000011001011001	4	1
14875	-6.6	1000011001100101	4	1
14878	-6.6	0110000110100110	5	2
14885	-6.6	1000011001100111	4	1
14886	-6.6	1000011001111001	4	1
14898	-4.6	1100000110000101	4	1
14905	-4.6	1100000110000011	4	1
14909	-4.6	1100000110000100	4	2
14910	-4.6	1100000110000110	4	1
14920	-4.6	1100000110000101	4	1
14921	-4.6	1100000110000011	4	1
14925	-4.9	1100000110000001	4	1
14991	-4.9	1100000110100101	4	1
14996	-4.9	1100000110011001	4	1
15021	-4.6	1100000110000101	4	1
15022	-4.6	1100000110000011	4	1
15026	-4.9	1100000110000001	4	1
15082	-4.9	1100000110100101	4	1
15088	-4.9	1100000110011001	4	1
15101	-4.6	0010000110000100	5	2
15102	-4.6	0010000110000010	5	2
15103	-4.6	0010000110000110	5	2
15107	-4.6	0010000110000100	5	2
15108	-4.6	0010000110000010	5	2
15109	-4.6	0010000110000110	5	2
15123	-4.6	0010000110000100	5	2
15124	-4.6	0010000110000010	5	2
15125	-4.6	0010000110000110	5	2
15209	-4.6	0100000110000100	5	2
15210	-4.6	0100000110000010	5	1
15211	-4.6	0100000110000110	5	1
15215	-4.6	0100000110000100	5	2
15216	-4.6	0100000110000010	5	1
15217	-4.6	0100000110000110	5	1
15231	-4.6	0100000110000100	5	2
15232	-4.6	0100000110000010	5	1
15233	-4.6	0100000110000110	5	1
15313	-4.6	0110000110000100	5	2
15314	-4.6	0110000110000010	5	1
15315	-4.6	0110000110000110	5	2
15341	-3.5	1000000110000001	4	1
15343	-4.6	1000000110000100	6	1
15344	-4.6	1000000110000010	6	1
15345	-4.6	1000000110000110	6	1
15346	-4.9	1000000110000101	4	1
15353	-4.9	1000000110000011	4	1
15365	-4.6	1000000110000100	6	1
15366	-4.6	1000000110000010	6	1
15367	-4.6	1000000110000110	6	1
15368	-4.9	1000000110000101	4	1
15369	-4.9	1000000110000011	4	1
15373	-5.2	1000000110000001	4	1
15419	-4.9	1000000110100101	4	1
15423	-4.9	1000000110100011	4	1
15424	-4.9	1000000111000011	4	1
15428	-4.9	1000000111000101	4	1
15430	-4.9	1000000110011001	4	1
15433	-4.9	1000000110100101	4	1
15437	-4.9	1000000110100111	4	1
15439	-5.2	1000000110100101	4	1
15444	-5.2	1000000110011001	4	1
15445	-5.2	1000000111100111	4	1
15453	-4.9	0011100000011100	4	2
15459	-6.6	0011100000100001	6	1
15460	-6.6	0011100001000001	6	1
15461	-6.6	0011100001100001	6	1
15476	-4.9	1100001110000001	4	1
15483	-6.6	0011100000100011	4	2
15494	-6.6	0011100000100101	4	2
15495	-6.6	0011100000100101	6	2
15505	-6.6	0011100001000101	6	2
15506	-6.6	0011100001000011	6	2
15508	-6.6	0011100001000101	4	2
15509	-6.6	0011100001000011	4	2
15516	-6.6	0011100001100011	4	2
15528	-6.6	0011100001100101	4	2
15529	-6.6	0011100001100101	6	2
15544	-4.6	0010000110000101	4	2
15551	-4.6	0010000110000011	4	2
15561	-4.6	0010000110000101	6	2
15562	-4.6	0010000110000011	6	2
15566	-4.6	0010000110000101	4	2
15567	-4.6	0010000110000011	4	2
15647	-4.6	0100000110000101	4	1
15654	-4.6	0100000110000011	4	1
15664	-4.6	0100000110000101	6	1
15665	-4.6	0100000110000011	6	1
15669	-4.6	0100000110000101	4	1
15670	-4.6	0100000110000011	4	1
15748	-4.6	0110000110000101	4	1
15749	-4.6	0110000110000011	4	1
15777	-4.6	0011100001100110	5	2
15791	-4.9	0011100000011100	5	2
15811	-4.9	1100010110000001	4	1
15826	-6.6	0011100000100100	5	2
15845	-6.6	0011100001000010	5	1
15860	-6.6	0011100001011010	5	2
15869	-6.3	0011100001100110	5	2
15870	-6.6	0011100001100110	5	2
15872	-6.6	0011100011100110	5	2
15874	-6.6	0011100001111110	5	2
15876	-4.9	0010000110000011	4	2
15877	-6.3	0010000110000100	5	2
15878	-6.3	0010000110000010	5	2
15879	-6.3	0010000110000110	5	2
15888	-6.3	0010000111000100	5	2
15892	-6.3	0010000110100010	5	2
15893	-6.3	0010000111000010	5	2
15894	-6.3	0010000110100100	5	2
15896	-6.3	0010000110011100	5	2
15900	-4.9	1000010001011001	4	1
15901	-6.3	0010000110011010	5	2
15902	-6.3	0010000110100110	5	2
15905	-4.9	0100000110000011	4	1
15906	-6.3	0100000110000100	5	2
15907	-6.3	0100000110000010	5	1
15908	-6.3	0100000110000110	5	1
15917	-6.3	0100000111000100	5	2
15921	-6.3	0100000110100010	5	1
15922	-6.3	0100000111000010	5	1
15923	-6.3	0100000110100100	5	2
15925	-6.3	0100000110011100	5	1
15929	-4.9	1000001001011001	4	1
15930	-6.3	0100000110011010	5	1
15931	-6.3	0100000110100110	5	1
15934	-4.9	0110000110000011	4	1
15935	-6.3	0110000110000100	5	2
15936	-6.3	0110000110000010	5	1
15937	-6.3	0110000110000110	5	2
15946	-6.3	0110000111000100	5	2
15950	-6.3	0110000110100010	5	1
15951	-6.3	0110000111000010	5	1
15952	-6.3	0110000110100100	5	2
15954	-6.3	0110000110011100	5	2
15958	-6.3	0110000110011010	5	2
15959	-6.3	0110000110100110	5	2
15961	-4.9	0001110000111000	5	2
15975	-4.9	1000010110000101	4	1
15976	-4.9	1000010110000011	4	1
15980	-5.2	1000010110000001	4	1
15995	-6.6	0001110000100100	5	2
16014	-6.6	0001110001000010	5	2
16029	-6.6	0001110001011010	5	2
16036	-5.2	1000010110100101	4	1
16038	-6.3	0001110001100110	5	2
16039	-6.6	0001110001100110	5	2
16041	-6.6	0001110011100110	5	2
16042	-5.2	1000010110011001	4	1
16043	-6.6	0001110001111110	5	2
16045	-4.9	0001110000111000	4	2
16046	-6.6	0001110000100001	6	2
16047	-6.6	0001110001000001	6	2
16048	-6.6	0001110001100001	6	2
16058	-4.9	1000001110000101	4	1
16059	-4.9	1000001110000011	4	1
16063	-5.2	1000001110000001	4	1
16070	-6.6	0001110000100011	4	2
16081	-6.6	0001110000100101	4	2
16082	-6.6	0001110000100101	6	2
16092	-6.6	0001110001000101	6	2
16093	-6.6	0001110001000011	6	2
16095	-6.6	0001110001000101	4	2
16096	-6.6	0001110001000011	4	2
16103	-6.6	0001110001100011	4	2
16115	-6.6	0001110001100101	4	2
16116	-6.6	0001110001100101	6	2
16125	-5.2	1000001110011001	4	1
16128	-4.9	1100000110000011	4	1
16159	-4.9	1100000111000110	4	1
16169	-4.9	1100000101100110	4	1
16172	-6.9	1100000111111111	4	1
16173	-4.9	0010000110000100	5	2
16178	-6.6	0010000110000100	5	2
16179	-6.6	0010000110000010	5	2
16180	-6.6	0010000110000110	5	2
16194	-6.6	0010000110100100	5	2
16195	-6.6	0010000110100010	5	2
16196	-6.6	0010000111000010	5	2
16199	-6.6	0010000111100100	5	2
16203	-6.3	0010000111000110	5	2
16211	-6.6	0010000110100110	5	2
16213	-6.3	0010000101100110	5	2
16214	-6.6	0010000111100110	5	2
16215	-6.6	0010000111100110	5	2
16217	-4.9	0100000110000010	5	1
16221	-6.6	0100000110000100	5	2
16222	-6.6	0100000110000010	5	1
16223	-6.6	0100000110000110	5	1
16237	-6.6	0100000110100100	5	2
16238	-6.6	0100000110100010	5	1
16239	-6.6	0100000111000010	5	1
16242	-6.6	0100000111100100	5	1
16246	-6.3	0100000111000110	5	1
16254	-6.6	0100000110100110	5	1
16256	-6.3	0100000101100110	5	1
16257	-6.6	0100000111100110	5	1
16258	-6.6	0100000111100110	5	1
16260	-4.9	0110000110000110	5	2
16263	-6.6	0110000110000100	5	2
16264	-6.6	0110000110000010	5	1
16265	-6.6	0110000110000110	5	2
16279	-6.6	0110000110100100	5	2
16280	-6.6	0110000110100010	5	1
16281	-6.6	0110000111000010	5	1
16284	-6.6	0110000111100100	5	2
16288	-6.3	0110000111000110	5	2
16296	-6.6	0110000110100110	5	2
16299	-6.6	0110000111100110	5	2
16300	-6.6	0110000111100110	5	2
16302	-4.9	0010000110000100	4	2
16343	-4.9	0110000110000110	4	2
16398	-6.6	1000010000100010	6	1
16401	-6.6	1000010001000100	6	1
16404	-6.6	0010000111000100	5	2
16405	-6.6	1000010001000010	6	1
16406	-6.6	1000010001100010	6	1
16407	-6.6	1000010000100100	6	1
16411	-6.6	0010000110100010	5	2
16412	-6.6	0010000111000010	5	2
16413	-6.6	0010000110100100	5	2
16417	-6.6	1000010000100110	6	1
16420	-6.6	1000010001100100	6	1
16424	-6.6	1000010001000110	6	1
16426	-6.6	0010000110011100	5	2
16428	-6.6	1000010000111010	6	1
16431	-6.6	1000010001011100	6	1
16434	-6.6	1000010001011010	6	1
16435	-6.6	1000010001100110	6	1
16437	-6.6	0010000110011010	5	2
16441	-6.6	0010000110100110	5	2
16442	-6.6	0010000111011010	5	2
16466	-6.6	1000001000100010	6	1
16469	-6.6	1000001001000100	6	1
16472	-6.6	0100000111000100	5	2
16473	-6.6	1000001001000010	6	1
16474	-6.6	1000001001100010	6	1
16475	-6.6	1000001000100100	6	1
16479	-6.6	0100000110100010	5	1
16480	-6.6	0100000111000010	5	1
16481	-6.6	0100000110100100	5	2
16485	-6.6	1000001000100110	6	1
16488	-6.6	1000001001100100	6	1
16492	-6.6	1000001001000110	6	1
16494	-6.6	0100000110011100	5	1
16496	-6.6	1000001000111010	6	1
16499	-6.6	1000001001011100	6	1
16502	-6.6	1000001001011010	6	1
16503	-6.6	1000001001100110	6	1
16505	-6.6	0100000110011010	5	1
16509	-6.6	0100000110100110	5	1
16510	-6.6	0100000111011010	5	1
16534	-6.6	1000011000100010	6	1
16537	-6.6	1000011001000100	6	1
16540	-6.6	0110000111000100	5	2
16541	-6.6	1000011001000010	6	1
16542	-6.6	1000011001100010	6	1
16543	-6.6	1000011000100100	6	1
16547	-6.6	0110000110100010	5	1
16548	-6.6	0110000111000010	5	1
16549	-6.6	0110000110100100	5	2
16553	-6.6	1000011000100110	6	1
16556	-6.6	1000011001100100	6	1
16560	-6.6	1000011001000110	6	1
16562	-6.6	0110000110011100	5	2
16564	-6.6	1000011000111010	6	1
16567	-6.6	1000011001011100	6	1
16570	-6.6	1000011001011010	6	1
16571	-6.6	1000011001100110	6	1
16573	-6.6	0110000110011010	5	2
16577	-6.6	0110000110100110	5	2
16578	-6.6	0110000111011010	5	2
16596	-4.6	1110000110000101	4	1
16597	-4.6	1110000110000011	4	1
16601	-4.9	1110000110000001	4	1
16657	-4.9	1110000110100101	4	1
16663	-4.9	1110000110011001	4	1
16676	-4.6	0010000110000100	5	2
16677	-4.6	0010000110000010	5	2
16678	-4.6	0010000110000110	5	2
16753	-4.6	0100000110000100	5	2
16754	-4.6	0100000110000010	5	1
16755	-4.6	0100000110000110	5	1
16829	-4.6	0110000110000100	5	2
16830	-4.6	0110000110000010	5	1
16831	-4.6	0110000110000110	5	2
16899	-4.6	1010000110000100	6	2
16900	-4.6	1010000110000010	6	1
16901	-4.6	1010000110000110	6	1
16902	-4.9	1010000110000101	4	1
16903	-4.9	1010000110000011	4	1
16907	-5.2	1010000110000001	4	1
16945	-4.9	1010000110100011	4	1
16946	-4.9	1010000111000011	4	1
16949	-4.9	1010000111000101	4	1
16951	-4.9	1010000110011001	4	1
16952	-4.9	1010000110011001	4	1
16954	-4.9	1010000110100101	4	1
16955	-4.9	1010000110100101	4	1
16957	-4.9	1010000110011101	4	1
16961	-4.9	1010000110100111	4	1
16963	-5.2	1010000110100101	4	1
16969	-5.2	1010000110011001	4	1
16970	-5.2	1010000111100111	4	1
16972	-3.5	1100000110000011	4	1
16973	-4.6	1100000110000100	6	2
16974	-4.6	1100000110000010	6	1
16975	-4.6	1100000110000110	6	1
16976	-4.9	1100000110000101	4	1
16977	-4.9	1100000110000011	4	1
16981	-5.2	1100000110000001	4	1
17019	-4.9	1100000110100011	4	1
17020	-4.9	1100000111000011	4	1
17023	-4.9	1100000111000101	4	1
17025	-4.9	1100000110011001	4	1
17026	-4.9	1100000110011001	4	1
17028	-4.9	1100000110100101	4	1
17029	-4.9	1100000110100101	4	1
17031	-4.9	1100000110011101	4	1
17035	-4.9	1100000110100111	4	1
17037	-5.2	1100000110100101	4	1
17043	-5.2	1100000110011001	4	1
17044	-5.2	1100000111100111	4	1
17049	-4.6	0010000110000101	4	2
17050	-4.6	0010000110000011	4	2
17121	-4.6	0100000110000101	4	1
17122	-4.6	0100000110000011	4	1
17192	-4.6	0110000110000101	4	1
17193	-4.6	0110000110000011	4	1
17262	-4.9	1010000110000101	4	1
17303	-4.9	1010000111000101	4	1
17304	-4.9	1010000110100101	4	1
17308	-4.9	1010000110100011	4	1
17331	-6.9	1010000111111111	4	1
17332	-4.9	1100000110000011	4	1
17372	-4.9	1100000111000101	4	1
17373	-4.9	1100000110100101	4	1
17377	-4.9	1100000110100011	4	1
17400	-6.9	1100000111111111	4	1
17401	-4.9	0010000110000100	5	2
17455	-6.3	0010000110100110	5	2
17461	-6.3	0010000110100110	5	2
17465	-6.6	0010000111100110	5	2
17469	-4.9	0100000110000010	5	1
17522	-6.3	0100000110100110	5	1
17528	-6.3	0100000110100110	5	1
17532	-6.6	0100000111100110	5	1
17536	-4.9	0110000110000110	5	2
17588	-6.3	0110000110100110	5	2
17594	-6.3	0110000110100110	5	2
17598	-6.6	0110000111100110	5	2
17602	-5.5	1000000110000001	4	1
17638	-5.2	1000000111000101	4	1
17639	-5.2	1000000110100101	4	1
17643	-5.2	1000000110100011	4	1
17666	-7.2	1000000111111111	4	1
17770	-4.9	1110000101100110	4	2
17772	-6.9	1110000111111111	4	1
17775	-6.3	0010000101100110	5	2
17776	-6.6	0010000111100110	5	2
17780	-6.3	0100000101100110	5	1
17781	-6.6	0100000111100110	5	1
17785	-6.3	0110000101100110	5	2
17786	-6.6	0110000111100110	5	2
17792	-7.2	1110000111111111	4	1
17803	-6.6	0010000110100110	5	2
17804	-6.6	0010000110100110	5	2
17805	-6.6	0010000101100110	5	2
17808	-6.6	0100000110100110	5	1
17809	-6.6	0100000110100110	5	1
17810	-6.6	0100000101100110	5	1
17813	-6.6	0110000110100110	5	2
17814	-6.6	0110000110100110	5	2
17815	-6.6	0110000101100110	5	2
17825	-6.6	0100010011111111	6	1
17826	-4.6	0100010000111001	6	1
17831	-6.6	0100010011111111	6	1
17842	-4.9	0100010000100010	4	1
17847	-6.6	0100010000100011	4	1
17858	-6.6	0100010000100101	4	1
17859	-6.6	0100010000100101	6	1
17869	-6.6	0100010001000101	6	1
17870	-6.6	0100010001000011	6	1
17872	-6.6	0100010001000101	4	1
17873	-6.6	0100010001000011	4	1
17880	-6.6	0100010001100011	4	1
17892	-6.6	0100010001100101	4	1
17893	-6.6	0100010001100101	6	1
17921	-4.9	0100010000100010	5	1
17933	-6.6	0100010000100100	5	2
17952	-6.6	0100010001000010	5	1
17967	-6.6	0100010001011010	5	1
17976	-6.3	0100010001100110	5	1
17977	-6.6	0100010001100110	5	1
17979	-6.6	0100010011100110	5	1
17981	-6.6	0100010001111110	5	1
17989	-4.9	0010001001000100	5	2
18000	-6.6	0010001000100100	5	2
18019	-6.6	0010001001000010	5	2
18034	-6.6	0010001001011010	5	2
18043	-6.3	0010001001100110	5	2
18044	-6.6	0010001001100110	5	2
18046	-6.6	0010001011100110	5	2
18048	-6.6	0010001001111110	5	2
18050	-4.9	0010001001000100	4	2
18052	-6.6	0010001000100011	4	2
18063	-6.6	0010001000100101	4	2
18064	-6.6	0010001000100101	6	2
18074	-6.6	0010001001000101	6	2
18075	-6.6	0010001001000011	6	2
18077	-6.6	0010001001000101	4	2
18078	-6.6	0010001001000011	4	2
18085	-6.6	0010001001100011	4	2
18097	-6.6	0010001001100101	4	2
18098	-6.6	0010001001100101	6	2
18118	-4.9	1100010000100011	4	1
18119	-6.6	1100010000100011	4	1
18130	-6.6	1100010000100101	4	1
18144	-6.6	1100010001000101	4	1
18145	-6.6	1100010001000011	4	1
18152	-6.6	1100010001100011	4	1
18164	-6.6	1100010001100101	4	1
18170	-4.9	1100010001100110	4	1
18176	-6.9	1100010011111111	4	1
18195	-6.6	0010001111000100	5	2
18203	-6.6	0010001110100100	5	2
18209	-6.6	0010001110100010	5	2
18210	-6.6	0010001111000010	5	2
18214	-6.6	0010001111000110	5	2
18222	-6.6	0010001110100110	5	2
18225	-6.3	0010001101100110	5	2
18230	-6.6	1100010001000010	4	1
18231	-6.6	1100010001100010	4	1
18232	-6.6	1100010000100100	4	2
18235	-6.6	1100010000100101	4	1
18236	-6.6	0010001110100100	5	2
18238	-6.6	0010001110100010	5	2
18239	-6.6	0010001111000010	5	2
18242	-6.6	1100010000100110	4	1
18245	-6.6	1100010001100100	4	2
18246	-6.6	1100010001000101	4	1
18247	-6.6	1100010001000011	4	1
18249	-6.6	1100010001000110	4	1
18252	-6.6	1100010001100011	4	1
18253	-6.6	1100010000111010	4	1
18256	-6.6	1100010001011100	4	2
18257	-6.6	0010001111000110	5	2
18259	-6.6	1100010001011010	4	1
18260	-6.6	1100010001100110	4	1
18261	-6.6	1100010001011001	4	1
18263	-6.6	1100010001100101	4	1
18266	-6.6	0010001110100110	5	2
18273	-6.6	1100010001100111	4	1
18274	-6.6	1100010001111001	4	1
18276	-4.9	0100001001000010	4	1
18278	-4.9	0100001001000010	4	1
18326	-6.6	0100001010100101	4	1
18337	-4.9	1100010001011001	4	1
18348	-6.6	0010001110100100	5	2
18349	-6.6	0010001110100010	5	2
18350	-6.6	0010001111000010	5	2
18357	-6.3	0010001111000110	5	2
18359	-6.3	0100010110100101	4	1
18363	-6.6	0100010110100101	4	1
18365	-6.6	0010001110100110	5	2
18367	-6.3	0010001101100110	5	2
18371	-4.9	0100001001000010	4	1
18380	-6.6	0100001000100101	4	1
18381	-6.6	0100001000100101	6	1
18391	-6.6	0100001001000101	6	1
18392	-6.6	0100001001000011	6	1
18394	-6.6	0100001001000101	4	1
18395	-6.6	0100001001000011	4	1
18402	-6.6	0100001001100011	4	1
18414	-6.6	0100001001100101	4	1
18415	-6.6	0100001001100101	6	1
18435	-6.6	0100011000100101	4	1
18436	-6.6	0100011000100101	6	1
18446	-6.6	0100011001000101	6	1
18447	-6.6	0100011001000011	6	1
18449	-6.6	0100011001000101	4	1
18450	-6.6	0100011001000011	4	1
18457	-6.6	0100011001100011	4	1
18469	-6.6	0100011001100101	4	1
18470	-6.6	0100011001100101	6	1
18484	-6.3	0010001101100110	5	2
18487	-6.6	0010001110100110	5	2
18488	-6.6	0010001110100110	5	2
18489	-6.6	0010001101100110	5	2
18494	-6.6	0010010011111111	6	2
18495	-4.6	0010010000111001	6	2
18500	-6.6	0010010011111111	6	2
18510	-4.9	0010010000100100	4	2
18511	-4.9	0010010000100100	4	2
18555	-6.6	0010010010100101	4	2
18566	-4.9	0010010000100100	4	2
18572	-6.6	0010010000100101	4	2
18573	-6.6	0010010000100101	6	2
18583	-6.6	0010010001000101	6	2
18584	-6.6	0010010001000011	6	2
18586	-6.6	0010010001000101	4	2
18587	-6.6	0010010001000011	4	2
18594	-6.6	0010010001100011	4	2
18606	-6.6	0010010001100101	4	2
18607	-6.6	0010010001100101	6	2
18619	-4.9	0010010000100100	5	2
18620	-4.9	0010010000100100	5	2
18621	-6.6	0010010000100100	5	2
18642	-6.6	0010010001000010	5	2
18663	-6.6	0010010001011010	5	2
18670	-6.6	0010010001100110	5	2
18672	-6.6	0010010011100110	5	2
18674	-6.6	0010010001111110	5	2
18676	-4.9	0010010000100100	5	2
18677	-6.6	0010010000100100	5	2
18696	-6.6	0010010001000010	5	2
18711	-6.6	0010010001011010	5	2
18720	-6.3	0010010001100110	5	2
18721	-6.6	0010010001100110	5	2
18723	-6.6	0010010011100110	5	2
18725	-6.6	0010010001111110	5	2
18729	-6.3	0010010010100110	5	2
18731	-6.6	0010010011100110	5	2
18733	-6.9	0010010000100100	5	2
18735	-6.6	0010010001000010	5	2
18738	-6.6	0010010001000010	5	2
18739	-6.6	0010010001100010	5	2
18741	-6.6	0010010000100110	5	2
18742	-6.6	0010010001100100	5	2
18746	-6.6	0010010001000110	5	2
18755	-6.6	0010010000111010	5	2
18756	-6.6	0010010001011100	5	2
18759	-6.6	0010010000111100	5	2
18765	-6.6	0010010001011010	5	2
18766	-6.6	0010010001011010	5	2
18769	-6.6	0010010010100110	5	2
18772	-6.6	0010010001011110	5	2
18773	-6.6	0010010001100110	5	2
18774	-6.6	0010010001111010	5	2
18775	-6.6	0010010010100110	5	2
18776	-6.6	0010010001100110	5	2
18788	-4.9	1010010000100101	4	1
18790	-6.6	1010010000100101	4	1
18804	-6.6	1010010001000101	4	1
18805	-6.6	1010010001000011	4	1
18812	-6.6	1010010001100011	4	1
18824	-6.6	1010010001100101	4	1
18830	-4.9	1010010001100110	4	1
18836	-6.9	1010010011111111	4	1
18837	-4.9	0100001001000010	5	1
18843	-4.9	0100001001000010	5	1
18855	-6.6	0100001001000010	5	1
18876	-6.6	0100001001011010	5	1
18883	-6.6	0100001001100110	5	1
18885	-6.6	0100001011100110	5	1
18887	-6.6	0100001001111110	5	1
18889	-4.9	1010010000111001	4	1
18893	-6.6	0010010110100100	5	2
18896	-6.6	0100010110100100	5	2
18897	-6.6	0100010110100010	5	1
18898	-6.6	0100010111000010	5	1
18899	-6.6	0010010110100010	5	2
18900	-6.6	0010010111000010	5	2
18904	-6.6	0010010111000110	5	2
18908	-6.3	0010010110100110	5	2
18912	-6.6	0010010110100110	5	2
18913	-6.6	0100010110100110	5	1
18923	-6.6	0100001110100100	5	2
18924	-6.6	0100001110100010	5	1
18925	-6.6	0100001111000010	5	1
18932	-6.3	0100001111000110	5	1
18934	-6.3	0010010110100101	4	2
18938	-6.6	0010010110100101	4	2
18940	-6.6	0100001110100110	5	1
18942	-6.3	0100001101100110	5	1
18946	-6.6	0010010110100010	5	2
18947	-6.6	0010010111000010	5	2
18950	-6.6	1010010000100110	4	1
18953	-6.6	1010010001100100	4	2
18954	-6.6	1010010001000101	4	1
18955	-6.6	1010010001000011	4	1
18957	-6.6	1010010001000110	4	1
18960	-6.6	1010010001100011	4	1
18961	-6.6	1010010000111010	4	1
18964	-6.6	1010010001011100	4	2
18965	-6.6	0010010111000110	5	2
18967	-6.6	1010010001011010	4	2
18968	-6.6	1010010001100110	4	1
18969	-6.6	1010010001011001	4	1
18971	-6.6	1010010001100101	4	1
18974	-6.6	0010010110100110	5	2
18981	-6.6	1010010001100111	4	1
18982	-6.6	1010010001111001	4	1
18989	-6.6	0010010110100100	5	2
18990	-6.6	0010010110100010	5	2
18991	-6.6	0010010111000010	5	2
18992	-6.6	0100010110100010	5	1
18993	-6.6	0100010111000010	5	1
18997	-6.6	0100010111000110	5	1
19001	-6.3	0100010110100110	5	1
19005	-6.6	0100010110100110	5	1
19006	-6.6	0010010110100110	5	2
19016	-6.6	0100001110100010	5	1
19017	-6.6	0100001111000010	5	1
19021	-6.6	0100001111000110	5	1
19029	-6.6	0100001110100110	5	1
19032	-6.3	0100001101100110	5	1
19038	-6.6	1010010000100110	6	1
19041	-6.6	1010010001100100	6	2
19045	-6.6	1010010001000110	6	1
19047	-6.6	0010010110011100	5	2
19049	-6.6	1010010000111010	6	2
19052	-6.6	1010010001011100	6	2
19055	-6.6	1010010001011010	6	2
19056	-6.6	1010010001100110	6	1
19058	-6.6	0010010110011010	5	2
19062	-6.6	0010010110100110	5	2
19072	-4.9	0100001001000010	5	1
19086	-6.6	0100001001000010	5	1
19101	-6.6	0100001001011010	5	1
19110	-6.3	0100001001100110	5	1
19111	-6.6	0100001001100110	5	1
19113	-6.6	0100001011100110	5	1
19115	-6.6	0100001001111110	5	1
19130	-6.6	0100011001000010	5	1
19145	-6.6	0100011001011010	5	1
19147	-6.3	0010010110100110	5	2
19153	-6.3	0010010110100110	5	2
19154	-6.3	0100011001100110	5	1
19155	-6.6	0100011001100110	5	1
19159	-6.6	0100011001111110	5	1
19168	-6.3	0100001101100110	5	1
19171	-6.6	0010010110100110	5	2
19172	-6.6	0010010110100110	5	2
19173	-6.6	0010010101100110	5	2
19176	-4.6	0110010000111001	6	1
19181	-6.6	0110010011111111	6	1
19185	-4.9	1100001001011001	4	1
19187	-4.9	0110010000100110	4	1
19194	-6.6	0110010001000101	6	1
19195	-6.6	0110010001000011	6	1
19197	-6.6	0110010001000101	4	1
19198	-6.6	0110010001000011	4	1
19205	-6.6	0110010001100011	4	1
19217	-6.6	0110010001100101	4	1
19218	-6.6	0110010001100101	6	1
19230	-4.9	1010001000111001	4	1
19235	-4.9	0110010000100110	5	2
19246	-6.6	0110010001000010	5	1
19261	-6.6	0110010001011010	5	2
19270	-6.3	0110010001100110	5	2
19271	-6.6	0110010001100110	5	2
19273	-6.6	0110010011100110	5	2
19275	-6.6	0110010001111110	5	2
19279	-6.3	0100001010100110	5	1
19281	-6.6	0100001011100110	5	1
19293	-6.6	0010011001000010	5	2
19308	-6.6	0010011001011010	5	2
19310	-6.3	0100010110100110	5	1
19316	-6.3	0100010110100110	5	1
19317	-6.3	0010011001100110	5	2
19318	-6.6	0010011001100110	5	2
19322	-6.6	0010011001111110	5	2
19328	-6.6	0010011001000101	6	2
19329	-6.6	0010011001000011	6	2
19331	-6.6	0010011001000101	4	2
19332	-6.6	0010011001000011	4	2
19339	-6.6	0010011001100011	4	2
19351	-6.6	0010011001100101	4	2
19352	-6.6	0010011001100101	6	2
19364	-4.9	1010001001000101	4	1
19370	-6.6	1010001001000101	4	1
19371	-6.6	1010001001000011	4	1
19378	-6.6	1010001001100011	4	1
19390	-6.6	1010001001100101	4	1
19396	-4.9	1010001001100110	4	1
19402	-6.9	1010001011111111	4	1
19403	-4.9	1100001001000011	4	1
19408	-6.6	1100001001000101	4	1
19409	-6.6	1100001001000011	4	1
19416	-6.6	1100001001100011	4	1
19428	-6.6	1100001001100101	4	1
19434	-4.9	1100001001100110	4	1
19440	-6.9	1100001011111111	4	1
19441	-4.9	0110001001000110	5	2
19447	-6.6	0110001001000010	5	1
19462	-6.6	0110001001011010	5	2
19471	-6.3	0110001001100110	5	2
19472	-6.6	0110001001100110	5	2
19474	-6.6	0110001011100110	5	2
19476	-6.6	0110001001111110	5	2
19478	-6.6	1010001001000110	6	1
19480	-6.6	0100010110011100	5	1
19482	-6.6	1010001000111010	6	2
19485	-6.6	1010001001011100	6	2
19488	-6.6	1010001001011010	6	2
19489	-6.6	1010001001100110	6	1
19491	-6.6	0100010110011010	5	1
19495	-6.6	0100010110100110	5	1
19505	-6.6	1100001001000110	6	1
19507	-6.6	0100001110011100	5	1
19509	-6.6	1100001000111010	6	1
19512	-6.6	1100001001011100	6	2
19515	-6.6	1100001001011010	6	1
19516	-6.6	1100001001100110	6	1
19518	-6.6	0100001110011010	5	1
19522	-6.6	0100001110100110	5	1
19532	-4.9	0110001001000110	4	2
19533	-6.6	0110001001000101	4	1
19534	-6.6	0110001001000011	4	1
19541	-6.6	0110001001100011	4	1
19553	-6.6	0110001001100101	4	1
19554	-6.6	0110001001100101	6	1
19568	-6.6	1010001001100011	4	1
19569	-6.6	1010001000111010	4	1
19572	-6.6	1010001001011100	4	2
19573	-6.6	0100010111000110	5	1
19575	-6.6	1010001001011010	4	2
19576	-6.6	1010001001100110	4	1
19577	-6.6	1010001001011001	4	1
19579	-6.6	1010001001100101	4	1
19582	-6.6	0100010110100110	5	1
19589	-6.6	1010001001100111	4	1
19590	-6.6	1010001001111001	4	1
19594	-6.6	1100001001100011	4	1
19595	-6.6	1100001000111010	4	1
19598	-6.6	1100001001011100	4	2
19599	-6.6	0100001111000110	5	1
19601	-6.6	1100001001011010	4	1
19602	-6.6	1100001001100110	4	1
19603	-6.6	1100001001011001	4	1
19605	-6.6	1100001001100101	4	1
19608	-6.6	0100001110100110	5	1
19615	-6.6	1100001001100111	4	1
19616	-6.6	1100001001111001	4	1
19618	-6.6	0010011110011100	5	2
19620	-6.6	0010011110011010	5	2
19623	-6.9	0100001001000010	5	1
19626	-6.6	0100001000111010	5	1
19627	-6.6	0100001001011100	5	1
19630	-6.6	0100001000111100	5	1
19636	-6.6	0100001001011010	5	1
19637	-6.6	0100001001011010	5	1
19640	-6.6	0100001010100110	5	1
19643	-6.6	0100001001011110	5	1
19644	-6.6	0100001001100110	5	1
19645	-6.6	0100001001111010	5	1
19646	-6.6	0100001010100110	5	1
19647	-6.6	0100001001100110	5	1
19654	-6.6	0100010110100110	5	1
19655	-6.6	0100010110100110	5	1
19656	-6.6	0100010101100110	5	1
19659	-6.6	0100001110100110	5	1
19660	-6.6	0100001110100110	5	1
19661	-6.6	0100001101100110	5	1
19672	-4.9	1001110001100101	4	1
19677	-6.3	0011100111000110	5	2
19679	-6.3	1100010110100101	4	1
19683	-6.6	1100010110100101	4	1
19685	-6.6	0011100110100110	5	2
19687	-6.3	0011100101100110	5	2
19688	-6.6	0011100111100110	5	2
19689	-6.6	0011100111100110	5	2
19696	-6.6	1100011001100011	4	1
19707	-6.3	0011100110100110	5	2
19708	-6.6	1100011001100101	4	1
19713	-6.3	0011100110100110	5	2
19717	-6.6	0011100111100110	5	2
19720	-6.9	1100011011111111	4	1
19721	-4.9	0101110000111010	4	2
19725	-6.6	0101110001100011	4	1
19737	-6.6	0101110001100101	4	1
19738	-6.6	0101110001100101	6	2
19747	-5.2	1010001110011001	4	1
19756	-4.9	0101110000111010	5	2
19768	-6.6	0101110001011010	5	2
19775	-5.2	1010010110100101	4	1
19777	-6.3	0101110001100110	5	2
19778	-6.6	0101110001100110	5	2
19780	-6.6	0101110011100110	5	2
19781	-5.2	1010010110011001	4	1
19782	-6.6	0101110001111110	5	2
19797	-6.6	0011101001011010	5	2
19806	-6.3	0011101001100110	5	2
19807	-6.6	0011101001100110	5	2
19811	-6.6	0011101001111110	5	2
19814	-6.6	0011101001100011	4	2
19826	-6.6	0011101001100101	4	2
19827	-6.6	0011101001100101	6	2
19840	-6.6	0110001111000110	5	2
19848	-6.6	0110001110100110	5	2
19856	-6.6	1100011001011010	4	1
19857	-6.6	1100011001100110	4	1
19858	-6.6	1100011001011001	4	1
19860	-6.6	1100011001100101	4	1
19863	-6.6	0110001110100110	5	2
19870	-6.6	1100011001100111	4	1
19871	-6.6	1100011001111001	4	1
19873	-4.9	0011110000111100	5	2
19881	-6.6	0011110001011010	5	2
19888	-5.2	1100010110100101	4	1
19890	-6.3	0011110001100110	5	2
19891	-6.6	0011110001100110	5	2
19893	-6.6	0011110011100110	5	2
19894	-5.2	1100010110011001	4	1
19895	-6.6	0011110001111110	5	2
19898	-6.3	0110001110011010	5	2
19900	-6.6	0110011010100101	4	1
19912	-6.6	0101101001100101	4	2
19913	-6.6	0101101001100101	6	2
19934	-6.6	0110011001100101	4	1
19935	-6.6	0110011001100101	6	1
19947	-6.6	0110001110100110	5	2
19948	-6.6	0110001110100110	5	2
19949	-6.6	0110001101100110	5	2
19972	-6.6	1001101001100101	4	1
19988	-6.3	1010010110100101	4	1
19992	-6.6	1010010110100101	4	1
19994	-6.6	0101100110100110	5	2
19996	-6.3	0101100101100110	5	2
19997	-6.6	0101100111100110	5	2
19998	-6.6	0101100111100110	5	2
20005	-6.3	0101100110100110	5	2
20006	-6.6	1010011001100101	4	1
20011	-6.3	0101100110100110	5	2
20015	-6.6	0101100111100110	5	2
20018	-6.9	1010011011111111	4	1
20021	-6.3	0101100101100110	5	2
20022	-6.6	0101100111100110	5	2
20027	-6.6	0101101001011010	5	2
20029	-6.6	1010010110100101	4	1
20034	-6.6	0101101001100110	5	2
20038	-6.6	0101101001111110	5	2
20041	-6.6	0101101001011010	5	2
20050	-6.3	0101101001100110	5	2
20051	-6.6	0101101001100110	5	2
20055	-6.6	0101101001111110	5	2
20057	-6.3	0110010110100110	5	1
20060	-6.9	0101101001011010	5	2
20062	-6.6	0101101010100110	5	2
20065	-6.6	0101101001011110	5	2
20066	-6.6	0101101001100110	5	2
20067	-6.6	0101101001111010	5	2
20068	-6.6	0101101010100110	5	2
20069	-6.6	0101101001100110	5	2
20077	-6.6	1110010110100101	4	1
20088	-6.6	0110010110100110	5	2
20089	-6.6	0110010110100110	5	2
20091	-6.3	0110010110100110	5	1
20095	-6.6	0110010110100110	5	2
20097	-6.6	0110010101100110	5	2
20098	-6.3	0110010110011110	5	1
20099	-6.6	0110010111100110	5	2
20100	-6.6	0110010111100110	5	2
20105	-6.9	1010010110100101	4	1
20109	-6.3	0101101101100110	5	2
20118	-6.6	1010011001100111	4	1
20119	-6.6	1010011001111001	4	1
20133	-6.3	0111101001100110	5	2
20134	-6.6	0111101001100110	5	2
20138	-6.6	0111101001111110	5	2
20142	-6.3	0110010110100110	5	1
20143	-6.3	0110011001100110	5	1
20144	-6.6	0110011001100110	5	1
20148	-6.6	0110011001111110	5	1
20150	-5.5	1010010110100101	4	1
20152	-6.3	0101111001100110	5	2
20153	-6.6	0101111001100110	5	2
20157	-6.6	0101111001111110	5	2
20158	-7.2	1010010111111111	4	1
20160	-6.3	0111100101100110	5	2
20161	-6.6	0111100111100110	5	2
20164	-6.6	0110010110100110	5	2
20165	-6.3	0110010101100110	5	2
20166	-6.6	0110010101100110	5	2
20167	-6.3	0110010110011110	5	1
20168	-6.6	0110010111100110	5	2
20173	-6.6	0110010101100110	5	2
20177	-6.6	0110011001100110	5	2
20179	-6.6	0110011011100110	5	1
20181	-6.6	0110011001111110	5	2
20184	-6.9	0110011001100110	5	2
20191	-6.6	0110011110011110	5	1
20194	-6.9	1110011011111111	4	1
20200	-5.5	1001100110011001	4	2
20202	-7.2	1001100111111111	4	2
20203	-6.9	0111111001111110	5	2
