11	-4	00011000	0	0
34	-4	00011000	0	0
101	-4	00011000	0	0
178	-4	00011000	0	0
279	-4	00011000	0	0
296	-4	0000000000000000	4	2
297	-4	0000000000000000	4	2
494	-4	0000000000000000	4	2
495	-4	0000000000000000	4	2
689	-4	0000000000000000	4	2
946	-4.6	0000000000000000	4	2
947	-4.6	0000000000000000	4	2
1138	-4.6	0000000000000000	4	2
1335	-4.6	0000000000000000	4	2
1336	-4.6	0000000000000000	4	2
1529	-4.6	0000000000000000	4	2
1717	-5.2	0000000000000000	3	2
1904	-4.6	1000000000000001	4	1
2048	-4.6	1000000000000001	4	1
2192	-4.6	1000000000000001	4	1
2360	-4	0000010000100000	4	1
2367	-4	0000010000100000	4	1
2549	-4	0000001001000000	4	1
2556	-4	0000001001000000	4	1
2864	-4	00011000	0	0
3067	-4.6	0000000110000000	4	2
3178	-4.6	0000000110000000	4	2
3417	-4	0000010000100000	4	1
3421	-4	0000010000100000	4	1
3600	-4	0000001001000000	4	1
3604	-4	0000001001000000	4	1
3850	-4.6	0000000110000000	4	2
4083	-4	0000010000100000	4	1
4243	-4	0000001001000000	4	1
4402	-4.3	0000000110000000	6	2
4598	-4	00011000	0	0
4836	-4	0100000000000010	4	1
4837	-4	0100000000000010	4	1
5014	-4	0100000000000010	4	1
5015	-4	0100000000000010	4	1
5189	-4	0100000000000010	4	1
5403	-4.6	0100000000000010	4	1
5616	-4.6	0100000000000010	4	1
5812	-4	00011000	0	0
5889	-4	00011000	0	0
5990	-4	00011000	0	0
6000	-4.6	0000001001000000	4	2
6150	-4.6	0000001001000000	4	2
6299	-4	0010000000000100	4	2
6310	-4	0010000000000100	4	2
6564	-4.6	1100000000000011	4	1
6697	-4.6	1100000000000011	4	1
7252	-4.6	0000010000100000	4	1
7395	-4.6	0000011001100000	4	1
7747	-4	0010000000000100	4	2
7748	-4	0010000000000100	4	2
7909	-4	0010000000000100	4	2
8102	-4.6	0010000000000100	4	2
8252	-4.6	0010000000000100	4	2
8399	-4	00011000	0	0
8476	-4	00011000	0	0
8577	-4	00011000	0	0
8587	-4.6	0000010000100000	4	2
8782	-4.6	1010000000000101	4	1
8901	-4.6	1010000000000101	4	1
9042	-4	00011000	0	0
9380	-4.6	0000011001100000	4	1
9532	-4	00011000	0	0
9681	-4	00011000	0	0
9835	-4.6	0110000000000110	4	2
9962	-4.6	0110000000000110	4	2
10088	-4.6	1110000000000111	4	1
10414	-4	0001100000011000	4	2
10415	-4	0001100000011000	4	2
10559	-4	0001100000011000	4	2
10560	-4	0001100000011000	4	2
10701	-4	0001100000011000	4	2
10868	-4.6	0001100000011000	4	2
10869	-4.6	0001100000011000	4	2
11007	-4.6	0001100000011000	4	2
11134	-4.6	0001100000011000	4	2
11135	-4.6	0001100000011000	4	2
11275	-4.6	0001100000011000	4	2
11400	-5.2	0001100000011000	3	2
11657	-4.6	1000010000100001	4	1
11759	-4.6	1000001001000001	4	1
11899	-4.6	1000000110000001	4	1
11979	-4.6	1000010000100001	4	1
12091	-4.6	1000001001000001	4	1
12202	-4.6	1000011001100001	4	1
12319	-4	0101100000011010	4	2
12321	-4	0101100000011010	4	2
12481	-4	0101100000011010	4	2
12589	-4	0100010000100010	4	1
12629	-4	0100010000100010	4	1
12717	-4	0010010000100100	4	2
12757	-4	0010010000100100	4	2
12946	-4.6	0101100000011010	4	2
13051	-4	0100001001000010	4	1
13090	-4	0100001001000010	4	1
13173	-4	0010001001000100	4	2
13212	-4	0010001001000100	4	2
13336	-4	0001101001011000	4	2
13341	-4	0001101001011000	4	2
13470	-4.6	0101100000011010	4	2
13692	-4	0001101001011000	4	2
13792	-4.6	0001101001011000	4	2
13891	-4.6	0001101001011000	4	2
14276	-4.6	1010000110000101	4	1
14341	-4.6	0010000110000100	4	2
14405	-4.6	0100000110000010	4	1
14468	-4.6	0110000110000110	4	2
14530	-4.6	0010000110000100	4	2
14591	-4.6	0110000110000110	4	2
15091	-4	0100010000100010	4	1
15113	-4	0100010000100010	4	1
15200	-4	0010010000100100	4	2
15222	-4	0010010000100100	4	2
15453	-4.6	0011100000011100	4	2
15541	-4	0100001001000010	4	1
15563	-4	0100001001000010	4	1
15645	-4	0010001001000100	4	2
15667	-4	0010001001000100	4	2
15791	-4.6	0011100000011100	4	2
15961	-4.6	0001110000111000	4	2
16045	-4.6	0001110000111000	4	2
16128	-4.6	1100000110000011	4	1
16173	-4.6	0010000110000100	4	2
16217	-4.6	0100000110000010	4	1
16260	-4.6	0110000110000110	4	2
16302	-4.6	0010000110000100	4	2
16343	-4.6	0110000110000110	4	2
16666	-4	0100010000100010	4	1
16744	-4	0010010000100100	4	2
17046	-4	0100001001000010	4	1
17119	-4	0010001001000100	4	2
17262	-4	0101101001011010	4	2
17401	-4.3	0010000110000100	6	2
17469	-4.3	0100000110000010	6	1
17536	-4.3	0110000110000110	6	2
17602	-4.6	1000000110000001	6	1
17842	-4.6	0100010000100010	4	1
17921	-4.6	0100010000100010	4	1
17989	-4.6	0010001001000100	4	2
18050	-4.6	0010001001000100	4	2
18118	-4.6	1100010000100011	4	1
18276	-4.6	0100001001000010	4	1
18278	-4.6	0100001001000010	4	1
18371	-4.6	0100001001000010	4	1
18427	-4.6	0100011001100010	4	1
18510	-4.6	0010010000100100	4	2
18511	-4.6	0010010000100100	4	2
18566	-4.6	0010010000100100	4	2
18619	-4.6	0010010000100100	4	2
18620	-4.6	0010010000100100	4	2
18676	-4.6	0010010000100100	4	2
18733	-5.2	0010010000100100	3	2
18788	-4.6	1010010000100101	4	1
18837	-4.6	0100001001000010	4	1
18843	-4.6	0100001001000010	4	1
19072	-4.6	0100001001000010	4	1
19117	-4.6	0100011001100010	4	1
19187	-4.6	0110010000100110	4	1
19235	-4.6	0110010000100110	4	2
19283	-4.6	0010011001100100	4	2
19324	-4.6	0010011001100100	4	2
19364	-4.6	1010001001000101	4	1
19403	-4.6	1100001001000011	4	1
19441	-4.6	0110001001000110	4	2
19532	-4.6	0110001001000110	4	2
19623	-5.2	0100001001000010	3	1
19691	-4.6	1100011001100011	4	1
19721	-4.6	0101110000111010	4	2
19756	-4.6	0101110000111010	4	2
19786	-4.6	0011101001011100	4	2
19813	-4.6	0011101001011100	4	2
19873	-4.6	0011110000111100	4	2
19902	-4.6	0101101001011010	4	2
19925	-4.6	0110011001100110	4	1
19952	-4.6	1001101001011001	4	1
19965	-4.6	1001101001011001	4	1
20000	-4.6	1010011001100101	4	1
20024	-4.6	0101101001011010	4	2
20025	-4.6	0101101001011010	4	2
20040	-4.6	0101101001011010	4	2
20060	-5.2	0101101001011010	3	2
20105	-5.2	1010010110100101	4	1
20129	-4.6	0111101001011110	4	2
20140	-4.6	0110011001100110	4	1
20184	-5.2	0110011001100110	3	2
20190	-4.6	1110011001100111	4	1
20203	-5.2	0111111001111110	3	2
