11	-4.3	00011100	0	0
101	-4.3	00011100	0	0
114	-2.9	00011100	0	0
178	-4.3	00011100	0	0
296	-4.3	0000000000000000	4	2
297	-4.3	0000000000000000	4	2
494	-4.3	0000000000000000	4	2
495	-4.3	0000000000000000	4	2
689	-4.3	0000000000000000	4	2
882	-4.6	0000000000111001	2	2
883	-4.6	0000000001011001	2	2
890	-6.3	0000000000000001	4	2
905	-6.3	0000000000000101	4	2
910	-6.3	0000000000100001	4	2
911	-6.3	0000000001000001	4	2
912	-6.3	0000000001100001	4	2
942	-6.3	0000000001011001	4	2
943	-6.3	0000000001100101	4	2
946	-6.3	0000000000000000	4	2
947	-6.3	0000000000000000	4	2
950	-6.3	0000000000000001	4	2
951	-6.3	0000000000000001	4	2
973	-6.3	0000000000000101	4	2
974	-6.3	0000000000000011	4	2
975	-6.3	0000000000000011	4	2
987	-6.3	0000000000000101	4	2
994	-6.3	0000000000000111	4	2
1003	-6.3	0000000001100001	4	2
1004	-6.3	0000000010000001	4	2
1005	-6.3	0000000000100001	4	2
1006	-6.3	0000000001000001	4	2
1007	-6.3	0000000001100001	4	2
1021	-6.3	0000000010000101	4	2
1072	-6.3	0000000001000101	4	2
1073	-6.3	0000000000100011	4	2
1086	-6.3	0000000000100101	4	2
1087	-6.3	0000000000100101	4	2
1101	-6.3	0000000001000101	4	2
1102	-6.3	0000000001000011	4	2
1106	-6.3	0000000001100011	4	2
1107	-6.3	0000000010100011	4	2
1108	-6.3	0000000001100011	4	2
1121	-6.3	0000000001011001	4	2
1122	-6.3	0000000010100101	4	2
1123	-6.3	0000000001100101	4	2
1133	-6.3	0000000001100111	4	2
1135	-6.3	0000000001111001	4	2
1138	-6.3	0000000000000000	4	2
1142	-6.3	0000000000000001	4	2
1143	-6.3	0000000000000001	4	2
1144	-6.3	0000000000000001	4	2
1151	-6.6	0000000000000001	4	2
1165	-6.3	0000000000000011	4	2
1166	-6.3	0000000000000011	4	2
1168	-6.6	0000000000000011	4	2
1178	-6.3	0000000000000101	4	2
1179	-6.3	0000000000000101	4	2
1181	-6.6	0000000000000101	4	2
1187	-6.3	0000000000000111	4	2
1197	-4.6	0000000000011001	4	2
1198	-6.3	0000000000100001	4	2
1199	-6.3	0000000001000001	4	2
1200	-6.3	0000000000100001	4	2
1201	-6.3	0000000001000001	4	2
1202	-6.3	0000000001100001	4	2
1230	-6.6	0000000000100001	4	2
1231	-6.6	0000000001000001	4	2
1232	-6.6	0000000001100001	4	2
1253	-6.3	0000000000100011	4	2
1263	-6.3	0000000000100101	4	2
1266	-6.6	0000000000100101	4	2
1273	-6.3	0000000001000101	4	2
1274	-6.3	0000000001000011	4	2
1276	-6.6	0000000001000101	4	2
1277	-6.6	0000000001000011	4	2
1282	-6.3	0000000001100011	4	2
1291	-6.3	0000000001011001	4	2
1292	-6.3	0000000001011001	4	2
1293	-6.3	0000000001100101	4	2
1297	-6.3	0000000001011011	4	2
1300	-6.6	0000000001100101	4	2
1307	-6.3	0000000001100111	4	2
1309	-6.3	0000000001111001	4	2
1314	-6.3	0000000011100000	3	2
1316	-4.6	0000000010100110	3	2
1317	-6.3	0000000011100110	3	2
1318	-6.6	0000000011111111	3	2
1324	-4.6	0000000010100000	3	2
1326	-6.3	0000000011100000	3	2
1331	-4.6	0000000010100110	3	2
1332	-4.6	0000000001100110	3	2
1333	-6.3	0000000011100110	3	2
1334	-6.6	0000000011111111	3	2
1335	-4.9	0000000000000000	3	2
1336	-4.9	0000000000000000	3	2
1529	-4.9	0000000000000000	3	2
1565	-4.6	0000000000100000	3	2
1705	-4.6	0000000000100000	3	2
1708	-6.6	0000000011100000	3	2
1715	-6.6	0000000011100110	3	2
1716	-6.9	0000000011111111	3	2
1717	-6.9	0000000000000000	3	2
1718	-6.6	0000000000000001	4	2
1719	-6.6	0000000000000001	4	2
1720	-6.6	0000000000000001	4	2
1727	-6.9	0000000000000001	4	2
1741	-6.6	0000000000000011	4	2
1742	-6.6	0000000000000011	4	2
1744	-6.9	0000000000000011	4	2
1752	-6.3	0000000000100000	3	2
1754	-6.6	0000000000000101	4	2
1755	-6.6	0000000000000101	4	2
1757	-6.9	0000000000000101	4	2
1763	-6.6	0000000000000111	4	2
1774	-6.6	0000000000100001	4	2
1775	-6.6	0000000001000001	4	2
1776	-6.6	0000000000100001	4	2
1777	-6.6	0000000001000001	4	2
1778	-6.6	0000000001100001	4	2
1806	-6.9	0000000000100001	4	2
1807	-6.9	0000000001000001	4	2
1808	-6.9	0000000001100001	4	2
1829	-6.6	0000000000100011	4	2
1839	-6.6	0000000000100101	4	2
1842	-6.9	0000000000100101	4	2
1849	-6.6	0000000001000101	4	2
1850	-6.6	0000000001000011	4	2
1852	-6.9	0000000001000101	4	2
1853	-6.9	0000000001000011	4	2
1858	-6.6	0000000001100011	4	2
1867	-6.6	0000000001011001	4	2
1868	-6.6	0000000001011001	4	2
1869	-6.6	0000000001100101	4	2
1873	-6.6	0000000001011011	4	2
1876	-6.9	0000000001100101	4	2
1881	-6.6	0000000001100110	3	2
1883	-6.6	0000000001100111	4	2
1885	-6.6	0000000001111001	4	2
1891	-4.6	1000000011000000	4	2
1904	-4.9	1000000000000001	4	1
1913	-6.3	1000000000000010	4	1
1914	-6.3	1000000000000010	4	1
1915	-6.3	1000000001000000	4	2
1918	-6.3	1000000001000000	4	2
1921	-6.3	1000000000100000	4	1
1922	-6.3	1000000001100000	4	1
1923	-6.3	1000000000100000	4	1
1924	-6.3	1000000001100000	4	1
1927	-6.3	1000000000000100	4	1
1928	-6.3	1000000000000100	4	1
1933	-6.3	1000000000000110	4	1
1936	-6.3	1000000000000110	4	1
1941	-6.3	1000000000011000	4	2
1942	-6.3	1000000000011000	4	2
1945	-6.6	1000000000011000	4	2
1958	-6.3	1000000000011010	4	1
1969	-6.3	1000000001011000	4	1
1971	-6.3	1000000000011100	4	1
1972	-6.3	1000000000011100	4	1
1973	-6.3	1000000000111000	4	1
1976	-6.3	1000000000111000	4	1
1992	-6.3	1000000000100010	4	1
1993	-6.3	1000000000100010	4	1
1994	-6.3	1000000001000100	4	1
1997	-6.3	1000000001000100	4	1
1999	-6.3	1000000001000010	4	1
2000	-6.3	1000000001100010	4	1
2001	-6.3	1000000001000010	4	1
2002	-6.3	1000000001100010	4	1
2003	-6.3	1000000000100100	4	1
2004	-6.3	1000000000100100	4	1
2007	-6.6	1000000000100100	4	1
2010	-6.3	1000000001000110	4	1
2013	-6.3	1000000000100110	4	1
2014	-6.3	1000000000100110	4	1
2015	-6.3	1000000001100100	4	1
2018	-6.3	1000000001100100	4	1
2022	-6.3	1000000001000110	4	1
2023	-6.6	1000000001000010	4	1
2026	-6.3	1000000000111010	4	1
2027	-6.3	1000000001011100	4	1
2029	-6.3	1000000001100110	4	1
2031	-6.3	1000000001011100	4	1
2033	-6.3	1000000001011010	4	1
2034	-6.3	1000000001100110	4	1
2040	-6.6	1000000001011010	4	1
2044	-6.6	1000000001100110	4	1
2047	-6.6	1000000001111110	4	1
2048	-4.9	1000000000000001	4	1
2058	-6.3	1000000000000010	4	1
2062	-6.3	1000000001000000	4	2
2068	-6.3	1000000000100000	4	1
2069	-6.3	1000000001100000	4	1
2072	-6.3	1000000000000100	4	1
2080	-6.3	1000000000000110	4	1
2086	-6.3	1000000000011000	4	2
2087	-6.3	1000000000011000	4	2
2089	-6.6	1000000000011000	4	2
2098	-6.3	1000000000011010	4	1
2103	-6.3	1000000001011000	4	1
2110	-6.3	1000000000011100	4	1
2120	-6.3	1000000000111000	4	1
2137	-6.3	1000000000100010	4	1
2141	-6.3	1000000001000100	4	1
2145	-6.3	1000000001000010	4	1
2146	-6.3	1000000001000010	4	1
2147	-6.3	1000000001100010	4	1
2149	-6.3	1000000000100100	4	1
2150	-6.3	1000000000100100	4	1
2152	-6.6	1000000000100100	4	1
2158	-6.3	1000000000100110	4	1
2162	-6.3	1000000001100100	4	1
2166	-6.3	1000000001000110	4	1
2167	-6.6	1000000001000010	4	1
2169	-6.3	1000000000111010	4	1
2175	-6.3	1000000001011100	4	1
2177	-6.3	1000000001100110	4	1
2178	-6.3	1000000001011010	4	1
2179	-6.3	1000000001100110	4	1
2184	-6.6	1000000001011010	4	1
2188	-6.6	1000000001100110	4	1
2191	-6.6	1000000001111110	4	1
2192	-4.9	1000000000000001	4	1
2196	-6.6	1000000000000001	4	1
2207	-6.3	1000000000000010	4	1
2209	-4.6	1000000001000000	4	2
2211	-6.3	1000000001000000	4	2
2215	-6.6	1000000000000011	4	1
2217	-6.3	1000000000100000	4	1
2218	-6.3	1000000001100000	4	1
2219	-6.3	1000000011000000	4	2
2222	-6.3	1000000000000100	4	1
2233	-6.3	1000000000000110	4	1
2236	-6.6	1000000011100000	4	2
2240	-6.3	1000000000011000	4	2
2241	-6.3	1000000000011000	4	2
2244	-6.6	1000000000011000	4	2
2255	-6.3	1000000000011010	4	1
2262	-6.3	1000000001011000	4	1
2264	-6.6	1000000000100001	4	1
2265	-6.6	1000000001000001	4	1
2266	-6.6	1000000001100001	4	1
2272	-6.3	1000000000011100	4	1
2277	-6.3	1000000000111000	4	1
2297	-6.3	1000000000100010	4	1
2300	-6.3	1000000001000100	4	1
2302	-6.6	1000000000100011	4	1
2303	-6.3	1000000001000010	4	1
2304	-6.3	1000000001000010	4	1
2305	-6.3	1000000001100010	4	1
2306	-6.3	1000000000100100	4	1
2307	-6.3	1000000000100100	4	1
2310	-6.6	1000000000100100	4	1
2313	-6.6	1000000000100101	4	1
2317	-6.3	1000000000100110	4	1
2320	-6.3	1000000001100100	4	1
2326	-6.3	1000000001000110	4	1
2327	-6.6	1000000001000101	4	1
2328	-6.6	1000000001000011	4	1
2329	-6.6	1000000001000010	4	1
2331	-6.3	1000000000111010	4	1
2334	-6.3	1000000001011100	4	1
2335	-6.6	1000000001100011	4	1
2337	-6.3	1000000001011010	4	1
2338	-6.3	1000000001100110	4	1
2344	-6.6	1000000001011010	4	1
2347	-6.6	1000000001100101	4	1
2353	-4.9	1000000001100110	4	1
2354	-6.6	1000000001100110	4	1
2356	-6.6	1000000011100110	4	1
2358	-6.6	1000000001111110	4	1
2359	-6.9	1000000011111111	4	1
2360	-4.3	0000010000100000	4	1
2362	-4.6	0000000110000000	3	2
2364	-4.6	0000000110000000	3	2
2367	-4.3	0000010000100000	4	1
2369	-4.6	0000000110000000	3	2
2432	-4.6	0000000110000100	3	2
2433	-4.6	0000000110000010	3	2
2434	-4.6	0000000110000110	3	2
2442	-4.6	0000000110000100	3	2
2443	-4.6	0000000110000010	3	2
2444	-4.6	0000000110000110	3	2
2471	-4.6	0000000110000100	3	2
2472	-4.6	0000000110000010	3	2
2473	-4.6	0000000110000110	3	2
2549	-4.3	0000001001000000	4	1
2556	-4.3	0000001001000000	4	1
2602	-4.6	0000000110000001	4	2
2612	-4.6	0000000110000001	2	2
2613	-4.6	0000000110000011	2	2
2618	-4.6	0000000110000001	2	2
2623	-4.6	0000000110000001	2	2
2629	-4.6	0000000110000101	4	2
2652	-4.6	0000000110000101	2	2
2653	-4.6	0000000110000011	2	2
2657	-4.6	0000000110000101	2	2
2658	-4.6	0000000110000011	2	2
2662	-6.3	0000000110000001	2	2
2729	-6.3	0000000110100101	2	2
2734	-6.3	0000000110011001	2	2
2744	-4.6	1000000001000000	2	2
2760	-4.9	0000000110000001	4	2
2763	-4.6	0000000110000100	3	2
2764	-4.6	0000000110000010	3	2
2773	-4.9	0000000110000101	4	2
2801	-4.6	1000000000111001	2	1
2802	-4.9	0000000110100011	4	2
2806	-4.9	0000000110100101	4	2
2864	-4.3	00011100	0	0
3067	-4.9	0000000110000000	3	2
3086	-4.6	0000000100100000	3	2
3100	-4.6	0000000110000100	3	2
3101	-4.6	0000000110000010	3	2
3102	-4.6	0000000110000110	3	2
3178	-6.3	0000000110000000	4	2
3203	-4.6	0000000110000001	4	2
3208	-6.3	0000000110000001	4	2
3209	-4.6	0000000110000101	4	2
3223	-6.3	0000000110000101	4	2
3271	-6.3	0000000110100011	4	2
3275	-6.3	0000000110100101	4	2
3278	-6.3	0000000110100111	4	2
3298	-6.6	1000000000000011	4	1
3307	-6.6	1000000000000101	4	1
3314	-6.6	1000000000000111	4	1
3319	-6.6	0000000110000001	4	2
3320	-6.6	1000000000100001	4	1
3321	-6.6	1000000001000001	4	1
3322	-6.6	1000000001100001	4	1
3332	-6.6	0000000110000101	4	2
3368	-6.6	1000000000100011	4	1
3376	-6.6	1000000000100101	4	1
3387	-6.6	1000000001000101	4	1
3388	-6.6	1000000001000011	4	1
3392	-6.6	0000000110100011	4	2
3393	-6.6	1000000001100011	4	1
3402	-6.6	1000000001011001	4	1
3403	-6.6	0000000110100101	4	2
3404	-6.6	1000000001100101	4	1
3414	-6.6	1000000001100111	4	1
3415	-6.6	1000000001111001	4	1
3417	-4.3	0000010000100000	4	1
3419	-4.6	0000000110000000	3	2
3420	-4.6	0000000110000000	3	2
3421	-4.3	0000010000100000	4	1
3423	-4.6	0000000110000000	3	2
3501	-4.6	0000000110000100	3	2
3502	-4.6	0000000110000010	3	2
3503	-4.6	0000000110000110	3	2
3507	-4.6	0000000110000100	3	2
3508	-4.6	0000000110000010	3	2
3509	-4.6	0000000110000110	3	2
3523	-4.6	0000000110000100	3	2
3524	-4.6	0000000110000010	3	2
3525	-4.6	0000000110000110	3	2
3600	-4.3	0000001001000000	4	1
3604	-4.3	0000001001000000	4	1
3654	-4.6	0000000110000001	2	2
3659	-4.6	0000000110000001	2	2
3676	-4.6	0000000110000001	2	2
3681	-4.6	0000000110000101	2	2
3688	-4.6	0000000110000011	4	2
3698	-4.6	0000000110000101	2	2
3699	-4.6	0000000110000011	2	2
3703	-4.6	0000000110000101	2	2
3704	-4.6	0000000110000011	2	2
3708	-6.3	0000000110000001	2	2
3774	-6.3	0000000110100101	2	2
3779	-6.3	0000000110011001	2	2
3786	-4.6	1000000001000000	2	2
3815	-4.6	0000000110000100	3	2
3816	-4.6	0000000110000010	3	2
3821	-4.9	0000000110000011	4	2
3845	-4.6	1000000001011001	2	1
3850	-4.9	0000000110000000	3	2
3863	-4.6	0000000100100000	3	2
3900	-4.6	0000000110000100	3	2
3901	-4.6	0000000110000010	3	2
3902	-4.6	0000000110000110	3	2
3959	-6.6	1000000000000010	4	1
3963	-6.6	1000000001000000	4	2
3966	-6.6	1000000000100000	4	1
3967	-6.6	1000000001100000	4	1
3969	-6.6	1000000000000100	4	1
3971	-4.9	1000000000100000	3	2
3978	-6.6	1000000000000110	4	1
3982	-6.6	1000000000011000	4	2
3984	-6.9	1000000000011000	4	2
3990	-6.6	1000000000011010	4	1
3994	-6.6	1000000001011000	4	2
4005	-6.6	1000000000011100	4	1
4008	-6.6	1000000000111000	4	2
4009	-6.6	0000000110000011	4	2
4030	-6.6	1000000000100010	4	1
4033	-6.6	1000000001000100	4	1
4037	-6.6	1000000001000010	4	1
4038	-6.6	1000000001100010	4	1
4039	-6.6	1000000000100100	4	1
4041	-6.9	1000000000100100	4	1
4049	-6.6	1000000000100110	4	1
4052	-6.6	1000000001100100	4	1
4056	-6.6	1000000001000110	4	1
4057	-6.9	1000000001000010	4	1
4060	-6.6	1000000000111010	4	1
4063	-6.6	1000000001011100	4	1
4066	-6.6	1000000001011010	4	1
4067	-6.6	1000000001100110	4	1
4072	-6.9	1000000001011010	4	1
4079	-6.9	1000000001100110	4	1
4082	-6.9	1000000001111110	4	1
4083	-4.3	0000010000100000	4	1
4085	-4.6	0000000110000000	3	2
4175	-4.6	0000000110000100	3	2
4176	-4.6	0000000110000010	3	2
4177	-4.6	0000000110000110	3	2
4243	-4.3	0000001001000000	4	1
4300	-4.6	0000000110000001	2	2
4302	-4.6	0000000110000001	2	2
4313	-4.6	0000000110000001	2	2
4327	-4.6	0000000110000101	2	2
4328	-4.6	0000000110000011	2	2
4332	-4.6	0000000110000101	2	2
4333	-4.6	0000000110000011	2	2
4337	-6.3	0000000110000001	2	2
4393	-6.3	0000000110100101	2	2
4399	-6.3	0000000110011001	2	2
4402	-4.9	0000000110000000	3	2
4424	-4.6	0000000100100000	3	2
4436	-6.6	0000000111100000	3	2
4453	-4.6	0000000110000100	3	2
4454	-4.6	0000000110000010	3	2
4469	-4.6	0000000110000100	3	2
4470	-4.6	0000000110000010	3	2
4482	-4.6	0000000110000100	3	2
4483	-4.6	0000000110000010	3	2
4484	-4.6	0000000110000110	3	2
4495	-6.3	0000000110000001	2	2
4551	-6.3	0000000110100101	2	2
4556	-6.6	0000000111100110	3	2
4557	-6.3	0000000110011001	2	2
4559	-6.9	0000000111111111	3	2
4598	-4.3	00011100	0	0
4773	-4.6	0000000100100000	3	2
4799	-6.3	0000000100100000	3	2
4807	-6.6	0000000101100110	3	2
4836	-4.3	0100000000000010	4	1
4837	-4.3	0100000000000010	4	1
5014	-4.3	0100000000000010	4	1
5015	-4.3	0100000000000010	4	1
5189	-4.3	0100000000000010	4	1
5351	-4.6	0100000000111001	2	1
5352	-4.6	0100000001011001	2	1
5362	-6.3	0100000000000101	4	1
5367	-6.3	0100000000100001	4	1
5368	-6.3	0100000001000001	4	1
5369	-6.3	0100000001100001	4	1
5399	-6.3	0100000001011001	4	1
5400	-6.3	0100000001100101	4	1
5403	-6.3	0100000000000010	4	1
5409	-6.3	0100000000000011	4	1
5410	-6.3	0100000000000011	4	1
5412	-6.6	0100000000000011	4	1
5422	-6.3	0100000000000101	4	1
5423	-6.3	0100000000000101	4	1
5425	-6.6	0100000000000101	4	1
5431	-6.3	0100000000000111	4	1
5441	-4.6	0100000000011001	4	1
5442	-6.3	0100000000100001	4	1
5443	-6.3	0100000001000001	4	1
5444	-6.3	0100000000100001	4	1
5445	-6.3	0100000001000001	4	1
5446	-6.3	0100000001100001	4	1
5474	-6.6	0100000000100001	4	1
5475	-6.6	0100000001000001	4	1
5476	-6.6	0100000001100001	4	1
5497	-6.3	0100000000100011	4	1
5507	-6.3	0100000000100101	4	1
5510	-6.6	0100000000100101	4	1
5517	-6.3	0100000001000101	4	1
5518	-6.3	0100000001000011	4	1
5520	-6.6	0100000001000101	4	1
5521	-6.6	0100000001000011	4	1
5526	-6.3	0100000001100011	4	1
5535	-6.3	0100000001011001	4	1
5536	-6.3	0100000001011001	4	1
5537	-6.3	0100000001100101	4	1
5541	-6.3	0100000001011011	4	1
5544	-6.6	0100000001100101	4	1
5551	-6.3	0100000001100111	4	1
5553	-6.3	0100000001111001	4	1
5559	-4.6	0100000010100000	3	2
5561	-6.3	0100000011100000	3	2
5566	-4.6	0100000010100110	3	1
5567	-4.6	0100000001100110	3	1
5568	-6.3	0100000011100110	3	1
5569	-6.6	0100000011111111	3	1
5575	-6.3	0000001000000101	4	2
5580	-6.3	0000001000100001	4	2
5581	-6.3	0000001001000001	4	2
5582	-6.3	0000001001100001	4	2
5612	-6.3	0000001001011001	4	2
5613	-6.3	0000001001100101	4	2
5616	-4.9	0100000000000010	3	1
5632	-4.6	0100000000100000	3	2
5776	-4.6	0000010000111001	2	1
5777	-4.6	0000010001011001	2	1
5786	-4.6	0000001000000011	4	2
5787	-4.6	0000001000000011	2	2
5789	-4.6	0000001000000011	2	2
5805	-4.6	0000001000000101	4	2
5806	-4.6	0000001000000101	2	2
5808	-4.6	0000001000000101	2	2
5812	-4.3	00011100	0	0
5826	-4.6	0000001000011001	2	2
5827	-4.6	0000001000011001	2	2
5828	-4.6	0000001010000001	4	2
5829	-4.6	0000001000100001	4	2
5830	-4.6	0000001001000001	4	2
5838	-4.6	0000001000100001	2	2
5839	-4.6	0000001001000001	2	2
5840	-4.6	0000001010000001	2	1
5846	-4.6	0000001010000101	4	2
5860	-4.6	0000001000100001	2	2
5861	-4.6	0000001001000001	2	1
5864	-4.6	0000001010000011	4	2
5877	-4.6	0000001010000101	2	1
5878	-4.6	0000001010000011	2	1
5882	-4.6	0000001010000101	2	1
5883	-4.6	0000001010000011	2	1
5887	-6.3	0000001010000001	2	1
5908	-4.6	0000001000100011	4	2
5909	-4.6	0000001000100011	2	2
5912	-4.6	0000001000100011	2	2
5923	-4.6	0000001000100101	4	2
5924	-4.6	0000001000100101	2	2
5928	-4.6	0000001000100101	2	2
5938	-4.6	0000001001000101	2	1
5939	-4.6	0000001001000011	2	1
5941	-4.6	0000001001000101	2	2
5942	-4.6	0000001001000011	2	2
5947	-4.6	0000001001000101	4	2
5948	-4.6	0000001001000011	4	2
5959	-4.6	0000001000111001	2	1
5974	-4.6	0000001001011001	2	1
5988	-6.3	0000001010100101	2	1
5996	-6.3	0000001010011001	2	1
6000	-4.9	0000001001000000	3	2
6014	-4.6	0000001000100000	3	2
6085	-6.3	0000010110000001	2	1
6141	-6.3	0000010110100101	2	1
6147	-6.3	0000010110011001	2	1
6150	-6.3	0000001001000000	4	2
6152	-6.3	0000001000000011	4	2
6153	-6.3	0000001000000011	4	2
6155	-6.6	0000001000000011	4	2
6165	-6.3	0000001000000101	4	2
6166	-6.3	0000001000000101	4	2
6168	-6.6	0000001000000101	4	2
6174	-6.3	0000001000000111	4	2
6184	-4.6	0000001000011001	4	2
6185	-6.3	0000001000100001	4	2
6186	-6.3	0000001001000001	4	2
6187	-6.3	0000001000100001	4	2
6188	-6.3	0000001001000001	4	2
6189	-6.3	0000001001100001	4	2
6217	-6.6	0000001000100001	4	2
6218	-6.6	0000001001000001	4	2
6219	-6.6	0000001001100001	4	2
6234	-6.3	0000001110000001	2	1
6240	-6.3	0000001000100011	4	2
6250	-6.3	0000001000100101	4	2
6253	-6.6	0000001000100101	4	2
6260	-6.3	0000001001000101	4	2
6261	-6.3	0000001001000011	4	2
6263	-6.6	0000001001000101	4	2
6264	-6.6	0000001001000011	4	2
6269	-6.3	0000001001100011	4	2
6278	-6.3	0000001001011001	4	2
6279	-6.3	0000001001011001	4	2
6280	-6.3	0000001001100101	4	2
6284	-6.3	0000001001011011	4	2
6287	-6.6	0000001001100101	4	2
6294	-6.3	0000001001100111	4	2
6299	-4.3	0010000000000100	4	2
6310	-4.3	0010000000000100	4	2
6532	-6.3	1010000000011000	4	2
6557	-6.3	1010000001000010	4	1
6558	-6.3	1010000000100100	4	2
6561	-6.3	1010000001100110	4	1
6564	-4.9	1100000000000011	4	1
6567	-6.3	1100000000100000	4	1
6568	-6.3	1100000001100000	4	1
6571	-6.3	1100000000000100	4	2
6579	-6.3	1100000000000110	4	1
6585	-6.3	1100000000011000	4	2
6586	-6.3	1100000000011000	4	2
6588	-6.6	1100000000011000	4	2
6601	-6.3	1100000000011010	4	1
6606	-6.3	1100000001011000	4	2
6613	-6.3	1100000000011100	4	2
6623	-6.3	1100000000111000	4	2
6640	-6.3	1100000000100010	4	1
6644	-6.3	1100000001000100	4	2
6648	-6.3	1100000001000010	4	1
6649	-6.3	1100000001000010	4	1
6650	-6.3	1100000001100010	4	1
6652	-6.3	1100000000100100	4	2
6653	-6.3	1100000000100100	4	2
6655	-6.6	1100000000100100	4	2
6662	-6.3	1100000000100110	4	1
6666	-6.3	1100000001100100	4	2
6670	-6.3	1100000001000110	4	1
6671	-6.6	1100000001000010	4	1
6673	-6.3	1100000000111010	4	1
6679	-6.3	1100000001011100	4	1
6681	-6.3	1100000001100110	4	1
6682	-6.3	1100000001011010	4	1
6683	-6.3	1100000001100110	4	1
6689	-6.6	1100000001011010	4	1
6693	-6.6	1100000001100110	4	1
6696	-6.6	1100000001111110	4	1
6697	-4.9	1100000000000011	4	1
6698	-6.6	1100000000000011	4	1
6700	-6.3	1100000000100000	4	1
6701	-6.3	1100000001100000	4	1
6702	-6.3	1100000011000000	4	2
6705	-6.3	1100000000000100	4	2
6716	-6.3	1100000000000110	4	1
6719	-6.6	1100000011100000	4	2
6723	-6.3	1100000000011000	4	2
6724	-6.3	1100000000011000	4	2
6727	-6.6	1100000000011000	4	2
6738	-6.3	1100000000011010	4	1
6745	-6.3	1100000001011000	4	2
6747	-6.6	1100000000100001	4	1
6748	-6.6	1100000001000001	4	1
6749	-6.6	1100000001100001	4	1
6755	-6.3	1100000000011100	4	2
6760	-6.3	1100000000111000	4	2
6780	-6.3	1100000000100010	4	1
6783	-6.3	1100000001000100	4	2
6785	-6.6	1100000000100011	4	1
6786	-6.3	1100000001000010	4	1
6787	-6.3	1100000001000010	4	1
6788	-6.3	1100000001100010	4	1
6789	-6.3	1100000000100100	4	2
6790	-6.3	1100000000100100	4	2
6793	-6.6	1100000000100100	4	2
6796	-6.6	1100000000100101	4	1
6800	-6.3	1100000000100110	4	1
6803	-6.3	1100000001100100	4	2
6809	-6.3	1100000001000110	4	1
6810	-6.6	1100000001000101	4	1
6811	-6.6	1100000001000011	4	1
6812	-6.6	1100000001000010	4	1
6814	-6.3	1100000000111010	4	1
6817	-6.3	1100000001011100	4	1
6818	-6.6	1100000001100011	4	1
6820	-6.3	1100000001011010	4	1
6821	-6.3	1100000001100110	4	1
6827	-6.6	1100000001011010	4	1
6830	-6.6	1100000001100101	4	1
6836	-4.9	1100000001100110	4	1
6837	-6.6	1100000001100110	4	1
6839	-6.6	1100000011100110	4	1
6841	-6.6	1100000001111110	4	1
6842	-6.9	1100000011111111	4	1
6845	-6.3	0000010000000101	4	1
6850	-6.3	0000010000100001	4	1
6851	-6.3	0000010001000001	4	1
6852	-6.3	0000010001100001	4	1
6882	-6.3	0000010001011001	4	1
6883	-6.3	0000010001100101	4	1
6888	-6.3	0000011000000101	4	1
6895	-6.3	0000011000100001	4	1
6896	-6.3	0000011001000001	4	1
6913	-6.3	0000011001011001	4	1
6924	-6.6	1100000000000101	4	1
6931	-6.6	1100000000000111	4	1
6936	-6.6	0000001110000001	4	2
6937	-6.6	1100000000100001	4	1
6938	-6.6	1100000001000001	4	1
6939	-6.6	1100000001100001	4	1
6949	-6.6	0000001110000101	4	2
6985	-6.6	1100000000100011	4	1
6993	-6.6	1100000000100101	4	1
7004	-6.6	1100000001000101	4	1
7005	-6.6	1100000001000011	4	1
7009	-6.6	0000001110100011	4	2
7010	-6.6	1100000001100011	4	1
7019	-6.6	1100000001011001	4	1
7020	-6.6	0000001110100101	4	2
7021	-6.6	1100000001100101	4	1
7031	-6.6	1100000001100111	4	1
7032	-6.6	1100000001111001	4	1
7037	-4.6	1100000001011001	2	1
7039	-6.3	0000010110100000	4	1
7055	-6.3	0000010110000001	4	1
7070	-6.3	0000010110000101	4	1
7118	-6.3	0000010110100011	4	1
7122	-6.3	0000010110100101	4	1
7125	-6.3	0000010110100111	4	1
7135	-6.6	1100000000100000	4	1
7136	-6.6	1100000001100000	4	1
7138	-6.6	1100000000000100	4	2
7140	-4.9	1100000000100000	3	2
7147	-6.6	1100000000000110	4	1
7151	-6.6	1100000000011000	4	2
7153	-6.9	1100000000011000	4	2
7159	-6.6	1100000000011010	4	1
7163	-6.6	1100000001011000	4	2
7174	-6.6	1100000000011100	4	2
7177	-6.6	1100000000111000	4	2
7178	-6.6	0000001110000011	4	2
7199	-6.6	1100000000100010	4	1
7202	-6.6	1100000001000100	4	2
7206	-6.6	1100000001000010	4	1
7207	-6.6	1100000001100010	4	1
7208	-6.6	1100000000100100	4	2
7210	-6.9	1100000000100100	4	2
7218	-6.6	1100000000100110	4	1
7221	-6.6	1100000001100100	4	2
7225	-6.6	1100000001000110	4	1
7226	-6.9	1100000001000010	4	1
7229	-6.6	1100000000111010	4	1
7232	-6.6	1100000001011100	4	2
7235	-6.6	1100000001011010	4	1
7236	-6.6	1100000001100110	4	1
7241	-6.9	1100000001011010	4	1
7248	-6.9	1100000001100110	4	1
7251	-6.9	1100000001111110	4	1
7252	-6.3	0000010000100000	4	1
7261	-6.3	0000010000000101	4	1
7262	-6.3	0000010000000101	4	1
7264	-6.6	0000010000000101	4	1
7270	-6.3	0000010000000111	4	1
7280	-4.6	0000010000011001	4	1
7281	-6.3	0000010000100001	4	1
7282	-6.3	0000010001000001	4	1
7283	-6.3	0000010000100001	4	1
7284	-6.3	0000010001000001	4	1
7285	-6.3	0000010001100001	4	1
7313	-6.6	0000010000100001	4	1
7314	-6.6	0000010001000001	4	1
7315	-6.6	0000010001100001	4	1
7336	-6.3	0000010000100011	4	1
7346	-6.3	0000010000100101	4	1
7349	-6.6	0000010000100101	4	1
7356	-6.3	0000010001000101	4	1
7357	-6.3	0000010001000011	4	1
7359	-6.6	0000010001000101	4	1
7360	-6.6	0000010001000011	4	1
7365	-6.3	0000010001100011	4	1
7374	-6.3	0000010001011001	4	1
7375	-6.3	0000010001011001	4	1
7376	-6.3	0000010001100101	4	1
7380	-6.3	0000010001011011	4	1
7383	-6.6	0000010001100101	4	1
7390	-6.3	0000010001100111	4	1
7392	-6.3	0000010001111001	4	1
7395	-6.3	0000011001100000	4	1
7403	-6.3	0000011000000101	4	1
7404	-6.3	0000011000000101	4	1
7406	-6.6	0000011000000101	4	1
7412	-6.3	0000011000000111	4	1
7422	-4.6	0000011000011001	4	1
7423	-6.3	0000011000100001	4	1
7424	-6.3	0000011001000001	4	1
7425	-6.3	0000011000100001	4	1
7426	-6.3	0000011001000001	4	1
7427	-6.3	0000011001100001	4	1
7455	-6.6	0000011000100001	4	1
7456	-6.6	0000011001000001	4	1
7457	-6.6	0000011001100001	4	1
7472	-6.3	0000001110000001	2	2
7478	-6.3	0000011000100011	4	1
7488	-6.3	0000011000100101	4	1
7491	-6.6	0000011000100101	4	1
7498	-6.3	0000011001000101	4	1
7499	-6.3	0000011001000011	4	1
7501	-6.6	0000011001000101	4	1
7502	-6.6	0000011001000011	4	1
7507	-6.3	0000011001100011	4	1
7516	-6.3	0000011001011001	4	1
7517	-6.3	0000011001011001	4	1
7518	-6.3	0000011001100101	4	1
7522	-6.3	0000011001011011	4	1
7525	-6.6	0000011001100101	4	1
7532	-6.3	0000011001100111	4	1
7559	-6.3	0000001100000101	4	2
7567	-6.3	0000001100000111	4	2
7582	-6.3	0000001110000001	4	2
7583	-6.3	0000001100100001	4	2
7584	-6.3	0000001101000001	4	2
7585	-6.3	0000001101100001	4	2
7602	-6.3	0000001110000101	4	2
7619	-6.3	0000001110000011	4	2
7639	-6.6	0000001110000001	2	1
7642	-6.3	0000001110000111	4	2
7646	-6.6	0000001110000111	4	2
7661	-6.3	0000001100100011	4	2
7677	-6.3	0000001100100101	4	2
7694	-6.3	0000001101000101	4	2
7695	-6.3	0000001101000011	4	2
7703	-6.3	0000001101100011	4	2
7713	-6.3	0000001101011001	4	2
7715	-6.3	0000001101100101	4	2
7724	-6.6	0000001110100101	2	1
7730	-6.3	0000001101100111	4	2
7732	-6.6	0000001110011001	2	1
7736	-6.3	0000001100100000	3	2
7744	-6.6	0000001101100110	3	2
7747	-4.3	0010000000000100	4	2
7748	-4.3	0010000000000100	4	2
7909	-4.3	0010000000000100	4	2
8054	-4.6	0010000000111001	2	2
8055	-4.6	0010000001011001	2	2
8061	-6.3	0010000000000101	4	2
8066	-6.3	0010000000100001	4	1
8067	-6.3	0010000001000001	4	1
8068	-6.3	0010000001100001	4	1
8098	-6.3	0010000001011001	4	2
8099	-6.3	0010000001100101	4	2
8102	-6.3	0010000000000100	4	2
8106	-6.3	0010000000000101	4	2
8107	-6.3	0010000000000101	4	2
8109	-6.6	0010000000000101	4	2
8115	-6.3	0010000000000111	4	2
8125	-4.6	0010000000011001	4	2
8126	-6.3	0010000000100001	4	1
8127	-6.3	0010000001000001	4	1
8128	-6.3	0010000000100001	4	1
8129	-6.3	0010000001000001	4	1
8130	-6.3	0010000001100001	4	1
8158	-6.6	0010000000100001	4	1
8159	-6.6	0010000001000001	4	1
8160	-6.6	0010000001100001	4	1
8181	-6.3	0010000000100011	4	2
8191	-6.3	0010000000100101	4	2
8194	-6.6	0010000000100101	4	2
8201	-6.3	0010000001000101	4	2
8202	-6.3	0010000001000011	4	2
8204	-6.6	0010000001000101	4	2
8205	-6.6	0010000001000011	4	2
8210	-6.3	0010000001100011	4	2
8219	-6.3	0010000001011001	4	2
8220	-6.3	0010000001011001	4	2
8221	-6.3	0010000001100101	4	2
8225	-6.3	0010000001011011	4	2
8228	-6.6	0010000001100101	4	2
8235	-6.3	0010000001100111	4	2
8237	-6.3	0010000001111001	4	2
8241	-4.6	0010000010100000	3	2
8243	-6.3	0010000011100000	3	2
8248	-4.6	0010000010100110	3	2
8249	-4.6	0010000001100110	3	2
8250	-6.3	0010000011100110	3	2
8251	-6.6	0010000011111111	3	2
8252	-4.9	0010000000000100	3	2
8253	-4.6	0010000000100000	3	2
8390	-4.6	0000010000100000	3	2
8394	-4.6	0000010010100000	3	1
8396	-4.9	0000010000000101	3	2
8398	-6.3	0000010010100000	3	2
8399	-4.3	00011100	0	0
8402	-4.6	0000010000000110	3	2
8404	-6.3	0000010011100000	3	1
8409	-4.6	0000010000011000	3	2
8410	-4.6	0000010000011000	3	2
8411	-6.3	0000010000011000	3	2
8412	-2.9	00011100	0	0
8418	-4.6	0000010010011000	3	1
8419	-6.3	0000010010011000	3	2
8424	-4.6	0000010000011010	3	2
8428	-4.6	0000010001011000	3	2
8434	-4.6	0000010010000100	3	2
8435	-4.6	0000010010000010	3	2
8446	-4.6	0000010000011100	3	2
8449	-4.6	0000010000111000	3	2
8452	-4.6	0000010010000100	3	2
8453	-4.6	0000010010000010	3	2
8457	-4.9	0000010000100001	3	2
8458	-4.9	0000010001000001	3	2
8459	-4.9	0000010001100001	3	2
8471	-4.6	0000010010000100	3	1
8472	-4.6	0000010010000010	3	1
8473	-4.6	0000010010000110	3	1
8476	-4.3	00011100	0	0
8478	-4.6	0000010010000100	3	2
8479	-4.6	0000010010000010	3	2
8480	-4.6	0000010010000110	3	2
8484	-6.3	0000010010000100	3	2
8485	-6.3	0000010010000010	3	2
8486	-6.3	0000010010000110	3	2
8487	-6.6	0000010010000001	3	2
8491	-4.6	0000010000100010	3	2
8493	-4.6	0000010001000100	3	2
8504	-6.3	0000010011000100	3	2
8507	-4.6	0000010000100100	3	2
8508	-4.6	0000010000100100	3	2
8509	-6.3	0000010000100100	3	2
8518	-4.9	0000010000100101	3	2
8519	-4.6	0000010001000010	3	2
8523	-6.3	0000010010100100	3	2
8530	-4.6	0000010000100110	3	2
8531	-4.6	0000010001000010	3	2
8536	-4.6	0000010001000110	3	2
8537	-4.9	0000010001000101	3	2
8538	-4.9	0000010001000011	3	2
8542	-6.3	0000010001000010	3	2
8543	-6.3	0000010010100010	3	2
8544	-6.3	0000010011000010	3	2
8547	-4.6	0000010010011100	3	2
8548	-4.6	0000010010011100	3	1
8550	-4.6	0000010000111010	3	2
8551	-4.6	0000010001011100	3	2
8555	-4.6	0000010000111100	3	2
8556	-4.6	0000010000111100	3	2
8559	-6.3	0000010011000110	3	2
8562	-4.6	0000010010011010	3	2
8563	-4.6	0000010010011010	3	1
8564	-4.6	0000010010011010	3	2
8565	-4.6	0000010001011010	3	2
8566	-4.6	0000010001011010	3	2
8567	-6.3	0000010001011010	3	2
8572	-4.9	0000010001100101	3	2
8577	-4.6	0000010010100110	3	1
8578	-6.3	0000010010100110	3	2
8579	-4.6	0000010001100110	3	1
8580	-6.3	0000010001100110	3	2
8582	-6.3	0000010011100110	3	1
8584	-6.3	0000010001111110	3	2
8585	-6.6	0000010011100111	3	2
8586	-6.6	0000010011111111	3	1
8587	-4.9	0000010000100000	3	2
8782	-4.9	1010000000000101	4	1
8783	-6.3	1010000000000110	4	1
8786	-6.3	1010000000000110	4	1
8791	-6.3	1010000000011000	4	2
8792	-6.3	1010000000011000	4	2
8795	-6.6	1010000000011000	4	2
8810	-6.3	1010000000011010	4	2
8821	-6.3	1010000001011000	4	2
8823	-6.3	1010000000011100	4	2
8824	-6.3	1010000000011100	4	2
8825	-6.3	1010000000111000	4	2
8828	-6.3	1010000000111000	4	2
8844	-6.3	1010000000100010	4	1
8845	-6.3	1010000000100010	4	1
8846	-6.3	1010000001000100	4	2
8849	-6.3	1010000001000100	4	2
8852	-6.3	1010000001000010	4	1
8853	-6.3	1010000001100010	4	1
8854	-6.3	1010000001000010	4	1
8855	-6.3	1010000001100010	4	1
8856	-6.3	1010000000100100	4	2
8857	-6.3	1010000000100100	4	2
8860	-6.6	1010000000100100	4	2
8863	-6.3	1010000001000110	4	1
8866	-6.3	1010000000100110	4	1
8867	-6.3	1010000000100110	4	1
8868	-6.3	1010000001100100	4	2
8871	-6.3	1010000001100100	4	2
8875	-6.3	1010000001000110	4	1
8876	-6.6	1010000001000010	4	1
8879	-6.3	1010000000111010	4	1
8880	-6.3	1010000001011100	4	2
8882	-6.3	1010000001100110	4	1
8884	-6.3	1010000001011100	4	2
8886	-6.3	1010000001011010	4	1
8887	-6.3	1010000001100110	4	1
8893	-6.6	1010000001011010	4	1
8897	-6.6	1010000001100110	4	1
8900	-6.6	1010000001111110	4	1
8901	-4.9	1010000000000101	4	1
8907	-6.3	1010000000000110	4	1
8910	-6.6	1010000011100000	4	2
8914	-6.3	1010000000011000	4	2
8915	-6.3	1010000000011000	4	2
8918	-6.6	1010000000011000	4	2
8929	-6.3	1010000000011010	4	2
8936	-6.3	1010000001011000	4	2
8938	-6.6	1010000000100001	4	1
8939	-6.6	1010000001000001	4	1
8940	-6.6	1010000001100001	4	1
8946	-6.3	1010000000011100	4	2
8951	-6.3	1010000000111000	4	2
8971	-6.3	1010000000100010	4	1
8974	-6.3	1010000001000100	4	2
8976	-6.6	1010000000100011	4	1
8977	-6.3	1010000001000010	4	1
8978	-6.3	1010000001000010	4	1
8979	-6.3	1010000001100010	4	1
8980	-6.3	1010000000100100	4	2
8981	-6.3	1010000000100100	4	2
8984	-6.6	1010000000100100	4	2
8987	-6.6	1010000000100101	4	1
8991	-6.3	1010000000100110	4	1
8994	-6.3	1010000001100100	4	2
9000	-6.3	1010000001000110	4	1
9001	-6.6	1010000001000101	4	1
9002	-6.6	1010000001000011	4	1
9003	-6.6	1010000001000010	4	1
9005	-6.3	1010000000111010	4	1
9008	-6.3	1010000001011100	4	2
9009	-6.6	1010000001100011	4	1
9011	-6.3	1010000001011010	4	1
9012	-6.3	1010000001100110	4	1
9018	-6.6	1010000001011010	4	1
9021	-6.6	1010000001100101	4	1
9027	-4.9	1010000001100110	4	1
9028	-6.6	1010000001100110	4	1
9030	-6.6	1010000011100110	4	1
9032	-6.6	1010000001111110	4	1
9033	-6.9	1010000011111111	4	1
9036	-4.6	1010000000111001	2	1
9055	-4.6	0000010100011000	3	2
9251	-6.3	0110000000100001	4	1
9252	-6.3	0110000001000001	4	1
9269	-6.3	0110000001011001	4	2
9275	-6.6	1010000000000110	4	1
9279	-6.6	1010000000011000	4	2
9281	-6.9	1010000000011000	4	2
9287	-6.6	1010000000011010	4	2
9291	-6.6	1010000001011000	4	2
9302	-6.6	1010000000011100	4	2
9305	-6.6	1010000000111000	4	2
9306	-6.6	0000010110000011	4	2
9327	-6.6	1010000000100010	4	1
9330	-6.6	1010000001000100	4	2
9334	-6.6	1010000001000010	4	1
9335	-6.6	1010000001100010	4	1
9336	-6.6	1010000000100100	4	2
9338	-6.9	1010000000100100	4	2
9346	-6.6	1010000000100110	4	1
9349	-6.6	1010000001100100	4	2
9353	-6.6	1010000001000110	4	1
9354	-6.9	1010000001000010	4	1
9357	-6.6	1010000000111010	4	2
9360	-6.6	1010000001011100	4	2
9363	-6.6	1010000001011010	4	2
9364	-6.6	1010000001100110	4	1
9369	-6.9	1010000001011010	4	2
9376	-6.9	1010000001100110	4	1
9379	-6.9	1010000001111110	4	1
9445	-6.3	0000010110000001	2	2
9501	-6.3	0000010110100101	2	2
9507	-6.3	0000010110011001	2	2
9516	-6.6	0000010101100110	3	2
9532	-4.3	00011100	0	0
9835	-6.3	0110000000000110	4	2
9837	-6.3	0110000000000111	4	2
9847	-4.6	0110000000011001	4	2
9848	-6.3	0110000000100001	4	1
9849	-6.3	0110000001000001	4	1
9850	-6.3	0110000000100001	4	1
9851	-6.3	0110000001000001	4	1
9852	-6.3	0110000001100001	4	1
9880	-6.6	0110000000100001	4	1
9881	-6.6	0110000001000001	4	1
9882	-6.6	0110000001100001	4	1
9903	-6.3	0110000000100011	4	1
9913	-6.3	0110000000100101	4	1
9916	-6.6	0110000000100101	4	1
9923	-6.3	0110000001000101	4	1
9924	-6.3	0110000001000011	4	1
9926	-6.6	0110000001000101	4	1
9927	-6.6	0110000001000011	4	1
9932	-6.3	0110000001100011	4	1
9941	-6.3	0110000001011001	4	2
9942	-6.3	0110000001011001	4	2
9943	-6.3	0110000001100101	4	1
9947	-6.3	0110000001011011	4	2
9950	-6.6	0110000001100101	4	1
9957	-6.3	0110000001100111	4	2
9959	-6.3	0110000001111001	4	2
9962	-4.9	0110000000000110	3	2
10089	-6.6	0000011100000111	4	2
10093	-6.3	1110000000011000	4	2
10094	-6.3	1110000000011000	4	2
10097	-6.6	1110000000011000	4	2
10109	-6.3	1110000000011010	4	2
10116	-6.3	1110000001011000	4	2
10118	-6.6	1110000000100001	4	1
10119	-6.6	1110000001000001	4	1
10120	-6.6	1110000001100001	4	1
10126	-6.3	1110000000011100	4	2
10131	-6.3	1110000000111000	4	2
10151	-6.3	1110000000100010	4	1
10154	-6.3	1110000001000100	4	2
10156	-6.6	1110000000100011	4	1
10157	-6.3	1110000001000010	4	1
10158	-6.3	1110000001000010	4	1
10159	-6.3	1110000001100010	4	1
10160	-6.3	1110000000100100	4	2
10161	-6.3	1110000000100100	4	2
10164	-6.6	1110000000100100	4	2
10167	-6.6	1110000000100101	4	1
10171	-6.3	1110000000100110	4	1
10174	-6.3	1110000001100100	4	2
10180	-6.3	1110000001000110	4	2
10181	-6.6	1110000001000101	4	1
10182	-6.6	1110000001000011	4	1
10183	-6.6	1110000001000010	4	1
10185	-6.3	1110000000111010	4	2
10188	-6.3	1110000001011100	4	2
10189	-6.6	1110000001100011	4	1
10191	-6.3	1110000001011010	4	2
10192	-6.3	1110000001100110	4	1
10198	-6.6	1110000001011010	4	2
10201	-6.6	1110000001100101	4	1
10208	-6.6	1110000001100110	4	2
10210	-6.6	1110000011100110	4	2
10212	-6.6	1110000001111110	4	1
10213	-6.9	1110000011111111	4	1
10215	-6.6	0000011110000001	4	2
10219	-6.6	0000011110000101	4	2
10225	-6.6	0000011110000011	4	2
10250	-6.3	0000011100011000	3	2
10253	-6.6	0000011100011000	3	2
10256	-6.6	0000011110000001	4	2
10257	-6.6	0000011100100001	4	2
10258	-6.6	0000011101000001	4	2
10276	-6.6	0000011110000101	4	2
10293	-6.6	0000011110000011	4	2
10310	-6.6	0000011110000100	3	1
10311	-6.6	0000011110000010	3	1
10312	-6.6	0000011110000110	3	1
10316	-6.6	0000011110000111	4	2
10320	-6.9	0000011110000111	4	2
10335	-6.6	0000011100100011	4	2
10349	-6.6	0000011100100100	3	2
10351	-6.6	0000011100100101	4	2
10365	-6.6	0000011101000010	3	2
10368	-6.6	0000011101000101	4	2
10369	-6.6	0000011101000011	4	2
10387	-6.6	0000011101011001	4	2
10402	-6.6	0000011101100110	3	2
10414	-4.3	0001100000011000	4	2
10415	-4.3	0001100000011000	4	2
10455	-4.6	1000000110000100	4	1
10456	-4.6	1000000110000110	4	1
10548	-4.9	1000000110100101	4	1
10559	-4.3	0001100000011000	4	2
10560	-4.3	0001100000011000	4	2
10611	-4.6	1000000110000100	4	1
10612	-4.6	1000000110000110	4	1
10701	-4.3	0001100000011000	4	2
10824	-4.6	0001100000111001	2	2
10825	-4.6	0001100001011001	2	2
10832	-6.3	0001100000100001	4	2
10833	-6.3	0001100001000001	4	2
10834	-6.3	0001100001100001	4	2
10864	-6.3	0001100001011001	4	2
10865	-6.3	0001100001100101	4	2
10868	-6.3	0001100000011000	4	2
10869	-6.3	0001100000011000	4	2
10872	-6.3	0001100001100001	4	2
10873	-6.3	0001100010000001	4	2
10874	-6.3	0001100000100001	4	2
10875	-6.3	0001100001000001	4	2
10876	-6.3	0001100001100001	4	2
10890	-6.3	0001100010000101	4	2
10941	-6.3	0001100001000101	4	2
10942	-6.3	0001100000100011	4	2
10955	-6.3	0001100000100101	4	2
10956	-6.3	0001100000100101	4	2
10970	-6.3	0001100001000101	4	2
10971	-6.3	0001100001000011	4	2
10975	-6.3	0001100001100011	4	2
10976	-6.3	0001100010100011	4	2
10977	-6.3	0001100001100011	4	2
10990	-6.3	0001100001011001	4	2
10991	-6.3	0001100010100101	4	2
10992	-6.3	0001100001100101	4	2
11002	-6.3	0001100001100111	4	2
11004	-6.3	0001100001111001	4	2
11007	-6.3	0001100000011000	4	2
11011	-4.6	0001100000011001	4	2
11012	-6.3	0001100000100001	4	2
11013	-6.3	0001100001000001	4	2
11014	-6.3	0001100000100001	4	2
11015	-6.3	0001100001000001	4	2
11016	-6.3	0001100001100001	4	2
11044	-6.6	0001100000100001	4	2
11045	-6.6	0001100001000001	4	2
11046	-6.6	0001100001100001	4	2
11067	-6.3	0001100000100011	4	2
11077	-6.3	0001100000100101	4	2
11080	-6.6	0001100000100101	4	2
11087	-6.3	0001100001000101	4	2
11088	-6.3	0001100001000011	4	2
11090	-6.6	0001100001000101	4	2
11091	-6.6	0001100001000011	4	2
11096	-6.3	0001100001100011	4	2
11105	-6.3	0001100001011001	4	2
11106	-6.3	0001100001011001	4	2
11107	-6.3	0001100001100101	4	2
11111	-6.3	0001100001011011	4	2
11114	-6.6	0001100001100101	4	2
11121	-6.3	0001100001100111	4	2
11123	-6.3	0001100001111001	4	2
11130	-4.6	0001100010100110	3	2
11131	-4.6	0001100001100110	3	2
11132	-6.3	0001100011100110	3	2
11133	-6.6	0001100011111111	3	2
11134	-4.9	0001100000011000	3	2
11135	-4.9	0001100000011000	3	2
11275	-4.9	0001100000011000	3	2
11398	-6.6	0001100011100110	3	2
11399	-6.9	0001100011111111	3	2
11400	-6.9	0001100000011000	3	2
11402	-6.6	0001100000100001	4	2
11403	-6.6	0001100001000001	4	2
11404	-6.6	0001100000100001	4	2
11405	-6.6	0001100001000001	4	2
11406	-6.6	0001100001100001	4	2
11434	-6.9	0001100000100001	4	2
11435	-6.9	0001100001000001	4	2
11436	-6.9	0001100001100001	4	2
11457	-6.6	0001100000100011	4	2
11467	-6.6	0001100000100101	4	2
11470	-6.9	0001100000100101	4	2
11477	-6.6	0001100001000101	4	2
11478	-6.6	0001100001000011	4	2
11480	-6.9	0001100001000101	4	2
11481	-6.9	0001100001000011	4	2
11486	-6.6	0001100001100011	4	2
11495	-6.6	0001100001011001	4	2
11496	-6.6	0001100001011001	4	2
11497	-6.6	0001100001100101	4	2
11501	-6.6	0001100001011011	4	2
11504	-6.9	0001100001100101	4	2
11509	-6.6	0001100001100110	3	2
11511	-6.6	0001100001100111	4	2
11513	-6.6	0001100001111001	4	2
11535	-4.6	1001100000011010	4	2
11542	-4.6	1001100001011000	4	2
11554	-4.6	1001100000011100	4	2
11560	-4.6	1001100000111000	4	2
11583	-4.6	1001100000100010	4	1
11588	-4.6	1001100001000100	4	2
11596	-4.6	1001100001000010	4	1
11597	-4.6	1001100001100010	4	1
11599	-4.6	1001100000100100	4	2
11617	-4.6	1001100000100110	4	1
11623	-4.6	1001100001100100	4	2
11627	-4.6	1001100001000110	4	2
11631	-4.6	1001100000111010	4	2
11634	-4.6	1001100001011100	4	2
11638	-4.6	1001100001011010	4	2
11639	-4.6	1001100001100110	4	1
11657	-4.9	1000010000100001	4	1
11668	-6.3	1000010000011010	4	1
11679	-6.3	1000010001011000	4	1
11681	-6.3	1000010000011100	4	1
11682	-6.3	1000010000011100	4	1
11683	-6.3	1000010000111000	4	1
11686	-6.3	1000010000111000	4	1
11702	-6.3	1000010000100010	4	1
11703	-6.3	1000010000100010	4	1
11704	-6.3	1000010001000100	4	1
11707	-6.3	1000010001000100	4	1
11709	-6.3	1000010001000010	4	1
11710	-6.3	1000010001100010	4	1
11711	-6.3	1000010001000010	4	1
11712	-6.3	1000010001100010	4	1
11713	-6.3	1000010000100100	4	1
11714	-6.3	1000010000100100	4	1
11717	-6.6	1000010000100100	4	1
11720	-6.3	1000010001000110	4	1
11723	-6.3	1000010000100110	4	1
11724	-6.3	1000010000100110	4	1
11725	-6.3	1000010001100100	4	1
11728	-6.3	1000010001100100	4	1
11732	-6.3	1000010001000110	4	1
11733	-6.6	1000010001000010	4	1
11736	-6.3	1000010000111010	4	1
11737	-6.3	1000010001011100	4	1
11739	-6.3	1000010001100110	4	1
11741	-6.3	1000010001011100	4	1
11743	-6.3	1000010001011010	4	1
11744	-6.3	1000010001100110	4	1
11750	-6.6	1000010001011010	4	1
11754	-6.6	1000010001100110	4	1
11757	-6.6	1000010001111110	4	1
11759	-4.9	1000001001000001	4	1
11769	-6.3	1000001000011010	4	1
11780	-6.3	1000001001011000	4	1
11782	-6.3	1000001000011100	4	1
11783	-6.3	1000001000011100	4	1
11784	-6.3	1000001000111000	4	1
11787	-6.3	1000001000111000	4	1
11802	-6.3	0001100110000001	2	2
11803	-6.3	1000001000100010	4	1
11804	-6.3	1000001000100010	4	1
11805	-6.3	1000001001000100	4	1
11808	-6.3	1000001001000100	4	1
11810	-6.3	1000001001000010	4	1
11811	-6.3	1000001001100010	4	1
11812	-6.3	1000001001000010	4	1
11813	-6.3	1000001001100010	4	1
11814	-6.3	1000001000100100	4	1
11815	-6.3	1000001000100100	4	1
11818	-6.6	1000001000100100	4	1
11821	-6.3	1000001001000110	4	1
11824	-6.3	1000001000100110	4	1
11825	-6.3	1000001000100110	4	1
11826	-6.3	1000001001100100	4	1
11829	-6.3	1000001001100100	4	1
11833	-6.3	1000001001000110	4	1
11834	-6.6	1000001001000010	4	1
11837	-6.3	1000001000111010	4	1
11838	-6.3	1000001001011100	4	1
11840	-6.3	1000001001100110	4	1
11842	-6.3	1000001001011100	4	1
11844	-6.3	1000001001011010	4	1
11845	-6.3	1000001001100110	4	1
11851	-6.6	1000001001011010	4	1
11854	-6.3	0001100110100101	2	2
11855	-6.6	1000001001100110	4	1
11857	-6.3	0001100110011001	2	2
11858	-6.6	1000001001111110	4	1
11868	-6.3	1000011000011100	4	1
11869	-6.3	1000011000111000	4	1
11870	-6.3	1000011000100010	4	1
11871	-6.3	1000011001000100	4	1
11872	-6.3	1000011001000010	4	1
11873	-6.3	1000011000100100	4	1
11876	-6.3	1000011001011100	4	1
11893	-6.3	1000011001000010	4	1
11895	-6.3	1000011000100100	4	1
11899	-4.9	1000000110000001	4	1
11904	-4.6	1000000110000100	4	1
11905	-4.6	1000000110000010	4	1
11906	-4.6	1000000110000110	4	1
11907	-4.9	1000000110000001	4	1
11908	-4.9	1000000110000100	4	1
11909	-4.9	1000000110000010	4	1
11910	-4.9	1000000110000110	4	1
11918	-6.3	1000000110000100	4	1
11919	-6.3	1000000110000110	4	1
11920	-6.6	1000000110000100	4	1
11921	-6.6	1000000110000010	4	1
11922	-6.6	1000000110000110	4	1
11945	-6.6	1000000111000100	4	1
11946	-6.3	1000000101000010	4	1
11947	-6.3	1000000110100010	4	1
11948	-6.3	1000000100100100	4	1
11952	-6.3	1000000110100100	4	1
11953	-6.6	1000000110100100	4	1
11959	-6.6	1000000110100010	4	1
11960	-6.6	1000000111000010	4	1
11961	-6.6	1000000111100010	4	1
11964	-6.6	1000000111000110	4	1
11965	-6.3	1000000101100110	4	1
11967	-4.9	1000000110100101	4	1
11968	-4.9	1000000110100110	4	1
11971	-6.6	1000000110100101	4	1
11972	-6.6	1000000110100110	4	1
11975	-4.9	1000000101100110	4	1
11976	-6.6	1000000111100110	4	1
11977	-6.6	1000000111100110	4	1
11978	-6.9	1000000111111111	4	1
11979	-4.9	1000010000100001	4	1
11986	-6.3	1000010000011010	4	1
11993	-6.3	1000010001011000	4	1
11995	-6.6	1000010000100001	4	1
11996	-6.6	1000010001000001	4	1
11997	-6.6	1000010001100001	4	1
12003	-6.3	1000010000011100	4	1
12008	-6.3	1000010000111000	4	1
12028	-6.3	1000010000100010	4	1
12031	-6.3	1000010001000100	4	1
12033	-6.6	1000010000100011	4	1
12034	-6.3	1000010001000010	4	1
12035	-6.3	1000010001000010	4	1
12036	-6.3	1000010001100010	4	1
12037	-6.3	1000010000100100	4	1
12038	-6.3	1000010000100100	4	1
12041	-6.6	1000010000100100	4	1
12044	-6.6	1000010000100101	4	1
12048	-6.3	1000010000100110	4	1
12051	-6.3	1000010001100100	4	1
12057	-6.3	1000010001000110	4	1
12058	-6.6	1000010001000101	4	1
12059	-6.6	1000010001000011	4	1
12060	-6.6	1000010001000010	4	1
12062	-6.3	1000010000111010	4	1
12065	-6.3	1000010001011100	4	1
12066	-6.6	1000010001100011	4	1
12068	-6.3	1000010001011010	4	1
12069	-6.3	1000010001100110	4	1
12075	-6.6	1000010001011010	4	1
12078	-6.6	1000010001100101	4	1
12084	-4.9	1000010001100110	4	1
12085	-6.6	1000010001100110	4	1
12087	-6.6	1000010011100110	4	1
12089	-6.6	1000010001111110	4	1
12090	-6.9	1000010011111111	4	1
12091	-4.9	1000001001000001	4	1
12097	-6.3	1000001000011010	4	1
12104	-6.3	1000001001011000	4	1
12106	-6.6	1000001000100001	4	1
12107	-6.6	1000001001000001	4	1
12108	-6.6	1000001001100001	4	1
12114	-6.3	1000001000011100	4	1
12119	-6.3	1000001000111000	4	1
12137	-6.3	0001100110000001	2	2
12139	-6.3	1000001000100010	4	1
12142	-6.3	1000001001000100	4	1
12144	-6.6	1000001000100011	4	1
12145	-6.3	1000001001000010	4	1
12146	-6.3	1000001001000010	4	1
12147	-6.3	1000001001100010	4	1
12148	-6.3	1000001000100100	4	1
12149	-6.3	1000001000100100	4	1
12152	-6.6	1000001000100100	4	1
12155	-6.6	1000001000100101	4	1
12159	-6.3	1000001000100110	4	1
12162	-6.3	1000001001100100	4	1
12168	-6.3	1000001001000110	4	1
12169	-6.6	1000001001000101	4	1
12170	-6.6	1000001001000011	4	1
12171	-6.6	1000001001000010	4	1
12173	-6.3	1000001000111010	4	1
12176	-6.3	1000001001011100	4	1
12177	-6.6	1000001001100011	4	1
12179	-6.3	1000001001011010	4	1
12180	-6.3	1000001001100110	4	1
12186	-6.6	1000001001011010	4	1
12189	-6.6	1000001001100101	4	1
12193	-6.3	0001100110100101	2	2
12195	-4.9	1000001001100110	4	1
12196	-6.6	1000001001100110	4	1
12198	-6.6	1000001011100110	4	1
12199	-6.3	0001100110011001	2	2
12200	-6.6	1000001001111110	4	1
12201	-6.9	1000001011111111	4	1
12207	-6.3	1000011000011010	4	1
12214	-6.3	1000011001011000	4	1
12216	-6.6	1000011000100001	4	1
12217	-6.6	1000011001000001	4	1
12218	-6.6	1000011001100001	4	1
12224	-6.3	1000011000011100	4	1
12229	-6.3	1000011000111000	4	1
12247	-6.3	0001100110000001	2	2
12249	-6.3	1000011000100010	4	1
12252	-6.3	1000011001000100	4	1
12254	-6.6	1000011000100011	4	1
12255	-6.3	1000011001000010	4	1
12256	-6.3	1000011001000010	4	1
12257	-6.3	1000011001100010	4	1
12258	-6.3	1000011000100100	4	1
12259	-6.3	1000011000100100	4	1
12262	-6.6	1000011000100100	4	1
12265	-6.6	1000011000100101	4	1
12269	-6.3	1000011000100110	4	1
12272	-6.3	1000011001100100	4	1
12278	-6.3	1000011001000110	4	1
12279	-6.6	1000011001000101	4	1
12280	-6.6	1000011001000011	4	1
12281	-6.6	1000011001000010	4	1
12283	-6.3	1000011000111010	4	1
12286	-6.3	1000011001011100	4	1
12287	-6.6	1000011001100011	4	1
12289	-6.3	1000011001011010	4	1
12290	-6.3	1000011001100110	4	1
12296	-6.6	1000011001011010	4	1
12299	-6.6	1000011001100101	4	1
12303	-6.3	0001100110100101	2	2
12306	-6.6	1000011001100110	4	1
12309	-6.3	0001100110011001	2	2
12310	-6.6	1000011001111110	4	1
12316	-6.6	0001100101100110	3	2
12346	-4.6	1010000110000100	4	2
12347	-4.6	1010000110000110	4	1
12439	-4.9	1010000110100101	4	1
12589	-4.3	0100010000100010	4	1
12600	-4.6	0010000110000100	3	2
12601	-4.6	0010000110000010	3	2
12602	-4.6	0010000110000110	3	2
12610	-4.6	0010000110000100	3	2
12611	-4.6	0010000110000010	3	2
12612	-4.6	0010000110000110	3	2
12629	-4.3	0100010000100010	4	1
12639	-4.6	0010000110000100	3	2
12640	-4.6	0010000110000010	3	2
12641	-4.6	0010000110000110	3	2
12717	-4.3	0010010000100100	4	2
12727	-4.6	0100000110000100	3	2
12728	-4.6	0100000110000010	3	1
12729	-4.6	0100000110000110	3	1
12737	-4.6	0100000110000100	3	2
12738	-4.6	0100000110000010	3	1
12739	-4.6	0100000110000110	3	1
12757	-4.3	0010010000100100	4	2
12766	-4.6	0100000110000100	3	2
12767	-4.6	0100000110000010	3	1
12768	-4.6	0100000110000110	3	1
12853	-4.6	0110000110000100	3	2
12854	-4.6	0110000110000010	3	1
12855	-4.6	0110000110000110	3	2
12880	-4.6	0101100000111001	2	2
12890	-4.6	1000000110000100	2	1
12891	-4.6	1000000110000010	2	1
12892	-4.6	1000000110000110	2	1
12893	-4.6	1000000110000001	2	1
12901	-4.6	1000000110000001	2	1
12902	-4.6	1000000110000100	2	1
12903	-4.6	1000000110000010	2	1
12904	-4.6	1000000110000110	2	1
12933	-4.6	1100000110000100	2	2
12934	-4.6	1100000110000010	2	1
12935	-4.6	1100000110000110	2	1
12936	-4.6	1100000110000001	2	1
12946	-6.3	0101100000011010	4	2
12969	-6.6	0101100000100001	4	1
12970	-6.6	0101100001000001	4	1
12971	-6.6	0101100001100001	4	1
12992	-6.3	0101100000100011	4	1
13002	-6.3	0101100000100101	4	2
13005	-6.6	0101100000100101	4	2
13012	-6.3	0101100001000101	4	2
13013	-6.3	0101100001000011	4	1
13015	-6.6	0101100001000101	4	2
13016	-6.6	0101100001000011	4	1
13021	-6.3	0101100001100011	4	1
13030	-6.3	0101100001011001	4	2
13031	-6.3	0101100001011001	4	2
13032	-6.3	0101100001100101	4	2
13036	-6.3	0101100001011011	4	2
13039	-6.6	0101100001100101	4	2
13046	-6.3	0101100001100111	4	2
13048	-6.3	0101100001111001	4	2
13051	-4.3	0100001001000010	4	1
13054	-4.6	0010000110000001	2	1
13059	-4.6	0010000110000001	2	1
13065	-4.6	0010000110000101	4	2
13088	-4.6	0010000110000101	2	2
13089	-4.6	0010000110000011	2	2
13090	-4.3	0100001001000010	4	1
13093	-4.6	0010000110000101	2	2
13094	-4.6	0010000110000011	2	2
13098	-6.3	0010000110000001	2	1
13165	-6.3	0010000110100101	2	2
13170	-6.3	0010000110011001	2	2
13173	-4.3	0010001001000100	4	2
13175	-4.6	0100000110000001	2	1
13180	-4.6	0100000110000001	2	1
13186	-4.6	0100000110000101	4	1
13209	-4.6	0100000110000101	2	1
13210	-4.6	0100000110000011	2	1
13212	-4.3	0010001001000100	4	2
13214	-4.6	0100000110000101	2	1
13215	-4.6	0100000110000011	2	1
13219	-6.3	0100000110000001	2	1
13286	-6.3	0100000110100101	2	1
13291	-6.3	0100000110011001	2	1
13294	-4.6	0110000110000001	2	1
13298	-4.6	0110000110000101	4	1
13335	-4.6	0101100001100110	3	2
13336	-4.6	1000000110000001	2	1
13341	-4.6	1000000110000001	2	1
13347	-4.9	1000000110000101	4	1
13370	-4.6	1000000110000101	2	1
13371	-4.6	1000000110000011	2	1
13372	-4.6	1000000110000100	2	1
13373	-4.6	1000000110000010	2	1
13374	-4.6	1000000110000110	2	1
13380	-6.3	1000000110000001	2	1
13422	-4.9	1000000110100011	4	1
13437	-4.9	1000000110100101	4	1
13447	-6.3	1000000110100101	2	1
13452	-6.3	1000000110011001	2	1
13470	-4.9	0101100000011010	3	2
13574	-4.9	0010000110000101	4	2
13602	-4.6	1000010000111001	2	1
13603	-4.9	0010000110100011	4	2
13607	-4.9	0010000110100101	4	2
13615	-4.9	0100000110000101	4	1
13644	-4.9	0100000110100011	4	1
13648	-4.9	0100000110100101	4	1
13656	-4.9	0110000110000101	4	1
13684	-4.9	0110000110100011	4	1
13688	-4.9	0110000110100101	4	1
13692	-4.6	1000000110000001	2	1
13703	-4.6	1000000110000001	2	1
13705	-4.6	1000000110000100	2	1
13706	-4.6	1000000110000010	2	1
13717	-4.6	1000000110000101	2	1
13718	-4.6	1000000110000011	2	1
13719	-4.6	1000000110000100	2	1
13720	-4.6	1000000110000010	2	1
13721	-4.6	1000000110000110	2	1
13727	-6.3	1000000110000001	2	1
13783	-6.3	1000000110100101	2	1
13789	-6.3	1000000110011001	2	1
13792	-4.9	0001101001011000	3	2
13826	-6.3	1000010110000001	2	1
13882	-6.3	1000010110100101	2	1
13888	-6.3	1000010110011001	2	1
13891	-6.3	0001101001011000	4	2
13907	-6.6	0001101000100001	4	2
13908	-6.6	0001101001000001	4	2
13909	-6.6	0001101001100001	4	2
13924	-6.3	1000001110000001	2	1
13930	-6.3	0001101000100011	4	2
13940	-6.3	0001101000100101	4	2
13943	-6.6	0001101000100101	4	2
13950	-6.3	0001101001000101	4	2
13951	-6.3	0001101001000011	4	2
13953	-6.6	0001101001000101	4	2
13954	-6.6	0001101001000011	4	2
13959	-6.3	0001101001100011	4	2
13968	-6.3	0001101001011001	4	2
13969	-6.3	0001101001011001	4	2
13970	-6.3	0001101001100101	4	2
13974	-6.3	0001101001011011	4	2
13977	-6.6	0001101001100101	4	2
13984	-6.3	0001101001100111	4	2
14276	-4.9	1010000110000101	4	1
14280	-6.3	1010000110000100	4	2
14281	-6.3	1010000110000110	4	1
14282	-6.6	1010000110000100	4	2
14283	-6.6	1010000110000010	4	1
14284	-6.6	1010000110000110	4	1
14307	-6.6	1010000111000100	4	2
14308	-6.3	1010000101000010	4	1
14309	-6.3	1010000110100010	4	1
14310	-6.3	1010000100100100	4	2
14314	-6.3	1010000110100100	4	2
14315	-6.6	1010000110100100	4	2
14321	-6.6	1010000110100010	4	1
14322	-6.6	1010000111000010	4	1
14323	-6.6	1010000111100010	4	1
14326	-6.6	1010000111000110	4	1
14327	-6.3	1010000101100110	4	1
14329	-4.9	1010000110100101	4	1
14330	-4.9	1010000110100110	4	1
14333	-6.6	1010000110100101	4	1
14334	-6.6	1010000110100110	4	1
14337	-4.9	1010000101100110	4	1
14338	-6.6	1010000111100110	4	1
14339	-6.6	1010000111100110	4	1
14340	-6.9	1010000111111111	4	1
14341	-4.9	0010000110000100	3	2
14405	-4.9	0100000110000010	3	1
14468	-4.9	0110000110000110	3	2
14530	-6.3	0010000110000100	4	2
14574	-6.3	0010000110100011	4	2
14578	-6.3	0010000110100101	4	2
14581	-6.3	0010000110100111	4	2
14591	-6.3	0110000110000110	4	2
14634	-6.3	0110000110100011	4	1
14638	-6.3	0110000110100101	4	1
14641	-6.3	0110000110100111	4	2
14681	-6.6	1000010000100011	4	1
14689	-6.6	1000010000100101	4	1
14700	-6.6	1000010001000101	4	1
14701	-6.6	1000010001000011	4	1
14705	-6.6	0010000110100011	4	2
14706	-6.6	1000010001100011	4	1
14715	-6.6	1000010001011001	4	1
14716	-6.6	0010000110100101	4	2
14717	-6.6	1000010001100101	4	1
14727	-6.6	1000010001100111	4	1
14728	-6.6	1000010001111001	4	1
14760	-6.6	1000001000100011	4	1
14768	-6.6	1000001000100101	4	1
14779	-6.6	1000001001000101	4	1
14780	-6.6	1000001001000011	4	1
14784	-6.6	0100000110100011	4	1
14785	-6.6	1000001001100011	4	1
14794	-6.6	1000001001011001	4	1
14795	-6.6	0100000110100101	4	1
14796	-6.6	1000001001100101	4	1
14806	-6.6	1000001001100111	4	1
14807	-6.6	1000001001111001	4	1
14839	-6.6	1000011000100011	4	1
14847	-6.6	1000011000100101	4	1
14858	-6.6	1000011001000101	4	1
14859	-6.6	1000011001000011	4	1
14863	-6.6	0110000110100011	4	1
14864	-6.6	1000011001100011	4	1
14873	-6.6	1000011001011001	4	1
14874	-6.6	0110000110100101	4	1
14875	-6.6	1000011001100101	4	1
14885	-6.6	1000011001100111	4	1
14886	-6.6	1000011001111001	4	1
14909	-4.6	1100000110000100	4	2
14910	-4.6	1100000110000110	4	1
15091	-4.3	0100010000100010	4	1
15101	-4.6	0010000110000100	3	2
15102	-4.6	0010000110000010	3	2
15103	-4.6	0010000110000110	3	2
15107	-4.6	0010000110000100	3	2
15108	-4.6	0010000110000010	3	2
15109	-4.6	0010000110000110	3	2
15113	-4.3	0100010000100010	4	1
15123	-4.6	0010000110000100	3	2
15124	-4.6	0010000110000010	3	2
15125	-4.6	0010000110000110	3	2
15200	-4.3	0010010000100100	4	2
15209	-4.6	0100000110000100	3	2
15210	-4.6	0100000110000010	3	1
15211	-4.6	0100000110000110	3	1
15215	-4.6	0100000110000100	3	2
15216	-4.6	0100000110000010	3	1
15217	-4.6	0100000110000110	3	1
15222	-4.3	0010010000100100	4	2
15231	-4.6	0100000110000100	3	2
15232	-4.6	0100000110000010	3	1
15233	-4.6	0100000110000110	3	1
15313	-4.6	0110000110000100	3	2
15314	-4.6	0110000110000010	3	1
15315	-4.6	0110000110000110	3	2
15336	-4.6	0011100001011001	2	2
15343	-4.6	1000000110000100	2	1
15344	-4.6	1000000110000010	2	1
15345	-4.6	1000000110000110	2	1
15346	-4.6	1000000110000101	2	1
15365	-4.6	1000000110000100	2	1
15366	-4.6	1000000110000010	2	1
15367	-4.6	1000000110000110	2	1
15368	-4.6	1000000110000101	2	1
15369	-4.6	1000000110000011	2	1
15449	-6.3	0011100001011001	4	2
15450	-6.3	0011100001100101	4	2
15453	-6.3	0011100000011100	4	2
15459	-6.6	0011100000100001	4	1
15460	-6.6	0011100001000001	4	1
15461	-6.6	0011100001100001	4	1
15482	-6.3	0011100000100011	4	2
15492	-6.3	0011100000100101	4	2
15495	-6.6	0011100000100101	4	2
15502	-6.3	0011100001000101	4	2
15503	-6.3	0011100001000011	4	2
15505	-6.6	0011100001000101	4	2
15506	-6.6	0011100001000011	4	2
15511	-6.3	0011100001100011	4	2
15520	-6.3	0011100001011001	4	2
15521	-6.3	0011100001011001	4	2
15522	-6.3	0011100001100101	4	2
15526	-6.3	0011100001011011	4	2
15529	-6.6	0011100001100101	4	2
15536	-6.3	0011100001100111	4	2
15538	-6.3	0011100001111001	4	2
15541	-4.3	0100001001000010	4	1
15544	-4.6	0010000110000101	2	2
15551	-4.6	0010000110000011	4	2
15561	-4.6	0010000110000101	2	2
15562	-4.6	0010000110000011	2	2
15563	-4.3	0100001001000010	4	1
15566	-4.6	0010000110000101	2	2
15567	-4.6	0010000110000011	2	2
15571	-6.3	0010000110000001	2	1
15637	-6.3	0010000110100101	2	2
15642	-6.3	0010000110011001	2	2
15645	-4.3	0010001001000100	4	2
15647	-4.6	0100000110000101	2	1
15654	-4.6	0100000110000011	4	1
15664	-4.6	0100000110000101	2	1
15665	-4.6	0100000110000011	2	1
15667	-4.3	0010001001000100	4	2
15669	-4.6	0100000110000101	2	1
15670	-4.6	0100000110000011	2	1
15674	-6.3	0100000110000001	2	1
15740	-6.3	0100000110100101	2	1
15745	-6.3	0100000110011001	2	1
15748	-4.6	0110000110000101	2	1
15749	-4.6	0110000110000011	4	1
15777	-4.6	0011100001100110	3	2
15787	-6.3	0001110001011001	4	2
15788	-6.3	0001110001100101	4	2
15791	-4.9	0011100000011100	3	2
15876	-4.9	0010000110000011	4	2
15900	-4.6	1000010001011001	2	1
15905	-4.9	0100000110000011	4	1
15934	-4.9	0110000110000011	4	1
15961	-4.9	0001110000111000	3	2
16045	-6.3	0001110000111000	4	2
16046	-6.6	0001110000100001	4	2
16047	-6.6	0001110001000001	4	2
16048	-6.6	0001110001100001	4	2
16069	-6.3	0001110000100011	4	2
16079	-6.3	0001110000100101	4	2
16082	-6.6	0001110000100101	4	2
16089	-6.3	0001110001000101	4	2
16090	-6.3	0001110001000011	4	2
16092	-6.6	0001110001000101	4	2
16093	-6.6	0001110001000011	4	2
16098	-6.3	0001110001100011	4	2
16107	-6.3	0001110001011001	4	2
16108	-6.3	0001110001011001	4	2
16109	-6.3	0001110001100101	4	2
16113	-6.3	0001110001011011	4	2
16116	-6.6	0001110001100101	4	2
16123	-6.3	0001110001100111	4	2
16125	-6.3	0001110001111001	4	2
16128	-4.9	1100000110000011	4	1
16132	-6.3	1100000110000100	4	2
16133	-6.3	1100000110000110	4	1
16134	-6.6	1100000110000100	4	2
16135	-6.6	1100000110000010	4	1
16136	-6.6	1100000110000110	4	1
16138	-6.3	1100000110100010	4	1
16149	-6.3	1100000110100100	4	2
16150	-6.6	1100000110100100	4	2
16151	-6.6	1100000110100010	4	1
16152	-6.6	1100000111000010	4	1
16155	-6.6	1100000111100100	4	2
16157	-6.3	1100000110100110	4	1
16167	-6.6	1100000110100110	4	1
16169	-4.9	1100000101100110	4	1
16170	-6.6	1100000111100110	4	1
16171	-6.6	1100000111100110	4	1
16172	-6.9	1100000111111111	4	1
16173	-4.9	0010000110000100	3	2
16217	-4.9	0100000110000010	3	1
16260	-4.9	0110000110000110	3	2
16302	-6.3	0010000110000100	4	2
16343	-6.3	0110000110000110	4	2
16398	-6.6	1000010000100010	4	1
16401	-6.6	1000010001000100	4	1
16405	-6.6	1000010001000010	4	1
16406	-6.6	1000010001100010	4	1
16407	-6.6	1000010000100100	4	1
16409	-6.9	1000010000100100	4	1
16417	-6.6	1000010000100110	4	1
16420	-6.6	1000010001100100	4	1
16424	-6.6	1000010001000110	4	1
16425	-6.9	1000010001000010	4	1
16428	-6.6	1000010000111010	4	1
16431	-6.6	1000010001011100	4	1
16434	-6.6	1000010001011010	4	1
16435	-6.6	1000010001100110	4	1
16440	-6.9	1000010001011010	4	1
16447	-6.9	1000010001100110	4	1
16450	-6.9	1000010001111110	4	1
16465	-6.3	0001110110000001	2	2
16466	-6.6	1000001000100010	4	1
16469	-6.6	1000001001000100	4	1
16473	-6.6	1000001001000010	4	1
16474	-6.6	1000001001100010	4	1
16475	-6.6	1000001000100100	4	1
16477	-6.9	1000001000100100	4	1
16485	-6.6	1000001000100110	4	1
16488	-6.6	1000001001100100	4	1
16492	-6.6	1000001001000110	4	1
16493	-6.9	1000001001000010	4	1
16496	-6.6	1000001000111010	4	1
16499	-6.6	1000001001011100	4	1
16502	-6.6	1000001001011010	4	1
16503	-6.6	1000001001100110	4	1
16508	-6.9	1000001001011010	4	1
16513	-6.3	0001110110100101	2	2
16515	-6.9	1000001001100110	4	1
16517	-6.3	0001110110011001	2	2
16518	-6.9	1000001001111110	4	1
16533	-6.3	0001110110000001	2	2
16534	-6.6	1000011000100010	4	1
16537	-6.6	1000011001000100	4	1
16541	-6.6	1000011001000010	4	1
16542	-6.6	1000011001100010	4	1
16543	-6.6	1000011000100100	4	1
16545	-6.9	1000011000100100	4	1
16553	-6.6	1000011000100110	4	1
16556	-6.6	1000011001100100	4	1
16560	-6.6	1000011001000110	4	1
16561	-6.9	1000011001000010	4	1
16564	-6.6	1000011000111010	4	1
16567	-6.6	1000011001011100	4	1
16570	-6.6	1000011001011010	4	1
16571	-6.6	1000011001100110	4	1
16576	-6.9	1000011001011010	4	1
16581	-6.3	0001110110100101	2	2
16583	-6.9	1000011001100110	4	1
16585	-6.3	0001110110011001	2	2
16586	-6.9	1000011001111110	4	1
16666	-4.3	0100010000100010	4	1
16676	-4.6	0010000110000100	3	2
16677	-4.6	0010000110000010	3	2
16678	-4.6	0010000110000110	3	2
16744	-4.3	0010010000100100	4	2
16753	-4.6	0100000110000100	3	2
16754	-4.6	0100000110000010	3	1
16755	-4.6	0100000110000110	3	1
16829	-4.6	0110000110000100	3	2
16830	-4.6	0110000110000010	3	1
16831	-4.6	0110000110000110	3	2
16899	-4.6	1010000110000100	2	2
16900	-4.6	1010000110000010	2	1
16901	-4.6	1010000110000110	2	1
16902	-4.6	1010000110000101	2	1
16903	-4.6	1010000110000011	2	1
16973	-4.6	1100000110000100	2	2
16974	-4.6	1100000110000010	2	1
16975	-4.6	1100000110000110	2	1
16976	-4.6	1100000110000101	2	1
16977	-4.6	1100000110000011	2	1
17046	-4.3	0100001001000010	4	1
17049	-4.6	0010000110000101	2	2
17050	-4.6	0010000110000011	2	2
17054	-6.3	0010000110000001	2	1
17110	-6.3	0010000110100101	2	2
17116	-6.3	0010000110011001	2	2
17119	-4.3	0010001001000100	4	2
17121	-4.6	0100000110000101	2	1
17122	-4.6	0100000110000011	2	1
17126	-6.3	0100000110000001	2	1
17182	-6.3	0100000110100101	2	1
17188	-6.3	0100000110011001	2	1
17192	-4.6	0110000110000101	2	1
17193	-4.6	0110000110000011	2	1
17197	-6.3	0110000110000001	2	1
17253	-6.3	0110000110100101	2	1
17259	-6.3	0110000110011001	2	2
17262	-4.6	1010000110000101	2	1
17267	-6.3	1010000110000001	2	1
17323	-6.3	1010000110100101	2	1
17329	-6.3	1010000110011001	2	1
17332	-4.6	1100000110000011	2	1
17336	-6.3	1100000110000001	2	1
17392	-6.3	1100000110100101	2	1
17398	-6.3	1100000110011001	2	1
17401	-4.9	0010000110000100	3	2
17404	-6.3	0010000110000001	2	1
17460	-6.3	0010000110100101	2	2
17465	-6.6	0010000111100110	3	2
17466	-6.3	0010000110011001	2	2
17468	-6.9	0010000111111111	3	2
17469	-4.9	0100000110000010	3	1
17471	-6.3	0100000110000001	2	1
17527	-6.3	0100000110100101	2	1
17532	-6.6	0100000111100110	3	1
17533	-6.3	0100000110011001	2	1
17535	-6.9	0100000111111111	3	1
17536	-4.9	0110000110000110	3	2
17537	-6.3	0110000110000001	2	1
17593	-6.3	0110000110100101	2	1
17598	-6.6	0110000111100110	3	2
17599	-6.3	0110000110011001	2	2
17601	-6.9	0110000111111111	3	2
17602	-6.3	1000000110000001	2	1
17606	-6.3	1000000110100010	2	1
17607	-6.3	1000000111000010	2	1
17610	-6.3	1000000111000100	2	1
17611	-6.3	1000000111000100	2	1
17612	-6.3	1000000111000100	2	1
17619	-6.3	1000000110100100	2	1
17622	-6.3	1000000110100100	2	1
17623	-6.3	1000000110100100	2	1
17626	-6.3	1000000110100010	2	1
17627	-6.3	1000000111000010	2	1
17628	-6.3	1000000110011010	2	1
17629	-6.3	1000000110011100	2	1
17630	-6.3	1000000110100110	2	1
17631	-6.3	1000000110111010	2	1
17632	-6.3	1000000110111100	2	1
17633	-6.3	1000000111000110	2	1
17637	-6.3	1000000110011100	2	1
17640	-6.3	1000000110100011	2	1
17641	-6.3	1000000111000011	2	1
17644	-6.3	1000000111000101	2	1
17645	-6.3	1000000111000110	2	1
17646	-6.3	1000000110011001	2	1
17647	-6.3	1000000110011001	2	1
17648	-6.3	1000000110011010	2	1
17649	-6.3	1000000110100101	2	1
17650	-6.3	1000000110100101	2	1
17652	-6.3	1000000110011101	2	1
17655	-6.3	1000000110111010	2	1
17656	-6.3	1000000110100111	2	1
17657	-6.3	1000000110100110	2	1
17660	-6.3	1000000101100110	2	1
17662	-6.3	1000000110011110	2	1
17666	-6.9	1000000111111111	3	1
17771	-6.6	1110000111100110	4	2
17772	-6.9	1110000111111111	4	1
17791	-6.9	1110000111100110	4	2
17792	-7.2	1110000111111111	4	1
17805	-6.6	0010000101100110	3	2
17810	-6.6	0100000101100110	3	1
17815	-6.6	0110000101100110	3	2
17820	-6.9	1000000101100110	3	1
17826	-4.6	0100010000111001	2	1
17827	-4.6	0100010001011001	2	1
17838	-6.3	0100010001011001	4	1
17839	-6.3	0100010001100101	4	1
17842	-6.3	0100010000100010	4	1
17846	-6.3	0100010000100011	4	1
17856	-6.3	0100010000100101	4	1
17859	-6.6	0100010000100101	4	1
17866	-6.3	0100010001000101	4	1
17867	-6.3	0100010001000011	4	1
17869	-6.6	0100010001000101	4	1
17870	-6.6	0100010001000011	4	1
17875	-6.3	0100010001100011	4	1
17884	-6.3	0100010001011001	4	1
17885	-6.3	0100010001011001	4	1
17886	-6.3	0100010001100101	4	1
17890	-6.3	0100010001011011	4	1
17893	-6.6	0100010001100101	4	1
17900	-6.3	0100010001100111	4	1
17902	-6.3	0100010001111001	4	1
17917	-6.3	0010001001011001	4	2
17918	-6.3	0010001001100101	4	2
17921	-4.9	0100010000100010	3	1
17989	-4.9	0010001001000100	3	2
18041	-6.3	0100010110100101	2	1
18047	-6.3	0100010110011001	2	1
18050	-6.3	0010001001000100	4	2
18051	-6.3	0010001000100011	4	2
18061	-6.3	0010001000100101	4	2
18064	-6.6	0010001000100101	4	2
18071	-6.3	0010001001000101	4	2
18072	-6.3	0010001001000011	4	2
18074	-6.6	0010001001000101	4	2
18075	-6.6	0010001001000011	4	2
18080	-6.3	0010001001100011	4	2
18089	-6.3	0010001001011001	4	2
18090	-6.3	0010001001011001	4	2
18091	-6.3	0010001001100101	4	2
18095	-6.3	0010001001011011	4	2
18098	-6.6	0010001001100101	4	2
18105	-6.3	0010001001100111	4	2
18110	-6.3	1010001001000010	4	1
18111	-6.3	1010001000100100	4	2
18114	-6.3	1010001001100110	4	1
18118	-4.9	1100010000100011	4	1
18119	-6.6	1100010000100011	4	1
18120	-6.3	1100010001000010	4	1
18121	-6.3	1100010001000010	4	1
18122	-6.3	1100010001100010	4	1
18123	-6.3	1100010000100100	4	2
18124	-6.3	1100010000100100	4	2
18127	-6.6	1100010000100100	4	2
18130	-6.6	1100010000100101	4	1
18134	-6.3	1100010000100110	4	1
18137	-6.3	1100010001100100	4	2
18143	-6.3	1100010001000110	4	1
18144	-6.6	1100010001000101	4	1
18145	-6.6	1100010001000011	4	1
18146	-6.6	1100010001000010	4	1
18148	-6.3	1100010000111010	4	1
18151	-6.3	1100010001011100	4	1
18152	-6.6	1100010001100011	4	1
18154	-6.3	1100010001011010	4	1
18155	-6.3	1100010001100110	4	1
18161	-6.6	1100010001011010	4	1
18164	-6.6	1100010001100101	4	1
18170	-4.9	1100010001100110	4	1
18171	-6.6	1100010001100110	4	1
18173	-6.6	1100010011100110	4	1
18175	-6.6	1100010001111110	4	1
18176	-6.9	1100010011111111	4	1
18183	-6.3	0100001001011001	4	1
18184	-6.3	0100001001100101	4	1
18191	-6.3	0100011001011001	4	1
18194	-6.3	0100010110100010	4	1
18235	-6.6	1100010000100101	4	1
18246	-6.6	1100010001000101	4	1
18247	-6.6	1100010001000011	4	1
18251	-6.6	0010001110100011	4	2
18252	-6.6	1100010001100011	4	1
18261	-6.6	1100010001011001	4	1
18262	-6.6	0010001110100101	4	2
18263	-6.6	1100010001100101	4	1
18273	-6.6	1100010001100111	4	1
18274	-6.6	1100010001111001	4	1
18276	-6.3	0100001001000010	4	1
18278	-6.3	0100001001000010	4	1
18285	-6.3	0100001000100101	4	1
18286	-6.3	0100001000100101	4	1
18300	-6.3	0100001001000101	4	1
18301	-6.3	0100001001000011	4	1
18305	-6.3	0100001001100011	4	1
18306	-6.3	0100001010100011	4	1
18307	-6.3	0100001001100011	4	1
18320	-6.3	0100001001011001	4	1
18321	-6.3	0100001010100101	4	1
18322	-6.3	0100001001100101	4	1
18332	-6.3	0100001001100111	4	1
18337	-4.6	1100010001011001	2	1
18339	-6.3	0100010110100010	4	1
18354	-6.3	0100010110100011	4	1
18358	-6.3	0100010110100101	4	1
18361	-6.3	0100010110100111	4	1
18371	-6.3	0100001001000010	4	1
18378	-6.3	0100001000100101	4	1
18381	-6.6	0100001000100101	4	1
18388	-6.3	0100001001000101	4	1
18389	-6.3	0100001001000011	4	1
18391	-6.6	0100001001000101	4	1
18392	-6.6	0100001001000011	4	1
18397	-6.3	0100001001100011	4	1
18406	-6.3	0100001001011001	4	1
18407	-6.3	0100001001011001	4	1
18408	-6.3	0100001001100101	4	1
18412	-6.3	0100001001011011	4	1
18415	-6.6	0100001001100101	4	1
18422	-6.3	0100001001100111	4	1
18427	-6.3	0100011001100010	4	1
18433	-6.3	0100011000100101	4	1
18436	-6.6	0100011000100101	4	1
18443	-6.3	0100011001000101	4	1
18444	-6.3	0100011001000011	4	1
18446	-6.6	0100011001000101	4	1
18447	-6.6	0100011001000011	4	1
18452	-6.3	0100011001100011	4	1
18461	-6.3	0100011001011001	4	1
18462	-6.3	0100011001011001	4	1
18463	-6.3	0100011001100101	4	1
18467	-6.3	0100011001011011	4	1
18470	-6.6	0100011001100101	4	1
18477	-6.3	0100011001100111	4	1
18489	-6.6	0010001101100110	3	2
18495	-4.6	0010010000111001	2	2
18496	-4.6	0010010001011001	2	2
18506	-6.3	0010010001011001	4	2
18507	-6.3	0010010001100101	4	2
18510	-6.3	0010010000100100	4	2
18511	-6.3	0010010000100100	4	2
18514	-6.3	0010010000100101	4	2
18515	-6.3	0010010000100101	4	2
18529	-6.3	0010010001000101	4	2
18530	-6.3	0010010001000011	4	2
18534	-6.3	0010010001100011	4	2
18535	-6.3	0010010010100011	4	2
18536	-6.3	0010010001100011	4	2
18549	-6.3	0010010001011001	4	2
18550	-6.3	0010010010100101	4	2
18551	-6.3	0010010001100101	4	2
18561	-6.3	0010010001100111	4	2
18563	-6.3	0010010001111001	4	2
18566	-6.3	0010010000100100	4	2
18570	-6.3	0010010000100101	4	2
18573	-6.6	0010010000100101	4	2
18580	-6.3	0010010001000101	4	2
18581	-6.3	0010010001000011	4	2
18583	-6.6	0010010001000101	4	2
18584	-6.6	0010010001000011	4	2
18589	-6.3	0010010001100011	4	2
18598	-6.3	0010010001011001	4	2
18599	-6.3	0010010001011001	4	2
18600	-6.3	0010010001100101	4	2
18604	-6.3	0010010001011011	4	2
18607	-6.6	0010010001100101	4	2
18614	-6.3	0010010001100111	4	2
18616	-6.3	0010010001111001	4	2
18619	-4.9	0010010000100100	3	2
18620	-4.9	0010010000100100	3	2
18676	-4.9	0010010000100100	3	2
18731	-6.6	0010010011100110	3	2
18732	-6.9	0010010011111111	3	2
18733	-6.9	0010010000100100	3	2
18734	-6.6	0010010000100101	4	2
18737	-6.9	0010010000100101	4	2
18744	-6.6	0010010001000101	4	2
18745	-6.6	0010010001000011	4	2
18747	-6.9	0010010001000101	4	2
18748	-6.9	0010010001000011	4	2
18753	-6.6	0010010001100011	4	2
18762	-6.6	0010010001011001	4	2
18763	-6.6	0010010001011001	4	2
18764	-6.6	0010010001100101	4	2
18768	-6.6	0010010001011011	4	2
18771	-6.9	0010010001100101	4	2
18776	-6.6	0010010001100110	3	2
18778	-6.6	0010010001100111	4	2
18780	-6.6	0010010001111001	4	2
18785	-6.3	1010010001100110	4	1
18788	-4.9	1010010000100101	4	1
18790	-6.6	1010010000100101	4	1
18794	-6.3	1010010000100110	4	1
18797	-6.3	1010010001100100	4	2
18803	-6.3	1010010001000110	4	1
18804	-6.6	1010010001000101	4	1
18805	-6.6	1010010001000011	4	1
18806	-6.6	1010010001000010	4	1
18808	-6.3	1010010000111010	4	1
18811	-6.3	1010010001011100	4	2
18812	-6.6	1010010001100011	4	1
18814	-6.3	1010010001011010	4	1
18815	-6.3	1010010001100110	4	1
18821	-6.6	1010010001011010	4	1
18824	-6.6	1010010001100101	4	1
18830	-4.9	1010010001100110	4	1
18831	-6.6	1010010001100110	4	1
18833	-6.6	1010010011100110	4	1
18835	-6.6	1010010001111110	4	1
18836	-6.9	1010010011111111	4	1
18837	-4.9	0100001001000010	3	1
18843	-4.9	0100001001000010	3	1
18881	-6.3	0010010110100101	2	2
18886	-6.3	0010010110011001	2	2
18889	-4.6	1010010000111001	2	1
18919	-6.3	0010010110100100	4	2
18929	-6.3	0010010110100011	4	2
18933	-6.3	0010010110100101	4	2
18936	-6.3	0010010110100111	4	2
18954	-6.6	1010010001000101	4	1
18955	-6.6	1010010001000011	4	1
18959	-6.6	0010010110100011	4	2
18960	-6.6	1010010001100011	4	1
18969	-6.6	1010010001011001	4	1
18970	-6.6	0010010110100101	4	2
18971	-6.6	1010010001100101	4	1
18981	-6.6	1010010001100111	4	1
18982	-6.6	1010010001111001	4	1
18984	-6.3	0110001001011001	4	2
19012	-6.3	0010010110100100	4	2
19038	-6.6	1010010000100110	4	1
19041	-6.6	1010010001100100	4	2
19045	-6.6	1010010001000110	4	1
19046	-6.9	1010010001000010	4	1
19049	-6.6	1010010000111010	4	2
19052	-6.6	1010010001011100	4	2
19055	-6.6	1010010001011010	4	2
19056	-6.6	1010010001100110	4	1
19061	-6.9	1010010001011010	4	2
19068	-6.9	1010010001100110	4	1
19071	-6.9	1010010001111110	4	1
19072	-4.9	0100001001000010	3	1
19108	-6.3	0010010110100101	2	2
19114	-6.3	0010010110011001	2	2
19152	-6.3	0010010110100101	2	2
19158	-6.3	0010010110011001	2	2
19173	-6.6	0010010101100110	3	2
19176	-4.6	0110010000111001	2	1
19177	-4.6	0110010001011001	2	1
19182	-6.3	0110010001011001	4	1
19187	-6.3	0110010000100110	4	1
19191	-6.3	0110010001000101	4	1
19192	-6.3	0110010001000011	4	1
19194	-6.6	0110010001000101	4	1
19195	-6.6	0110010001000011	4	1
19200	-6.3	0110010001100011	4	1
19209	-6.3	0110010001011001	4	1
19210	-6.3	0110010001011001	4	1
19211	-6.3	0110010001100101	4	1
19215	-6.3	0110010001011011	4	1
19218	-6.6	0110010001100101	4	1
19225	-6.3	0110010001100111	4	1
19227	-6.3	0110010001111001	4	1
19232	-6.3	0010011001011001	4	2
19235	-4.9	0110010000100110	3	2
19281	-6.6	0100001011100110	3	1
19282	-6.9	0100001011111111	3	1
19315	-6.3	0100010110100101	2	1
19321	-6.3	0100010110011001	2	1
19324	-6.3	0010011001100100	4	2
19325	-6.3	0010011001000101	4	2
19326	-6.3	0010011001000011	4	2
19328	-6.6	0010011001000101	4	2
19329	-6.6	0010011001000011	4	2
19334	-6.3	0010011001100011	4	2
19343	-6.3	0010011001011001	4	2
19344	-6.3	0010011001011001	4	2
19345	-6.3	0010011001100101	4	2
19349	-6.3	0010011001011011	4	2
19352	-6.6	0010011001100101	4	2
19359	-6.3	0010011001100111	4	2
19364	-4.9	1010001001000101	4	1
19369	-6.3	1010001001000110	4	1
19370	-6.6	1010001001000101	4	1
19371	-6.6	1010001001000011	4	1
19372	-6.6	1010001001000010	4	1
19374	-6.3	1010001000111010	4	1
19377	-6.3	1010001001011100	4	2
19378	-6.6	1010001001100011	4	1
19380	-6.3	1010001001011010	4	1
19381	-6.3	1010001001100110	4	1
19387	-6.6	1010001001011010	4	1
19390	-6.6	1010001001100101	4	1
19394	-6.3	0101100110100101	2	2
19396	-4.9	1010001001100110	4	1
19397	-6.6	1010001001100110	4	1
19399	-6.6	1010001011100110	4	1
19400	-6.3	0101100110011001	2	2
19401	-6.6	1010001001111110	4	1
19402	-6.9	1010001011111111	4	1
19403	-4.9	1100001001000011	4	1
19407	-6.3	1100001001000110	4	1
19408	-6.6	1100001001000101	4	1
19409	-6.6	1100001001000011	4	1
19410	-6.6	1100001001000010	4	1
19412	-6.3	1100001000111010	4	1
19415	-6.3	1100001001011100	4	1
19416	-6.6	1100001001100011	4	1
19418	-6.3	1100001001011010	4	1
19419	-6.3	1100001001100110	4	1
19425	-6.6	1100001001011010	4	1
19428	-6.6	1100001001100101	4	1
19432	-6.3	0011100110100101	2	2
19434	-4.9	1100001001100110	4	1
19435	-6.6	1100001001100110	4	1
19437	-6.6	1100001011100110	4	1
19438	-6.3	0011100110011001	2	2
19439	-6.6	1100001001111110	4	1
19440	-6.9	1100001011111111	4	1
19441	-4.9	0110001001000110	3	2
19469	-6.3	0110010110100101	2	1
19475	-6.3	0110010110011001	2	1
19478	-6.6	1010001001000110	4	1
19479	-6.9	1010001001000010	4	1
19482	-6.6	1010001000111010	4	2
19485	-6.6	1010001001011100	4	2
19488	-6.6	1010001001011010	4	2
19489	-6.6	1010001001100110	4	1
19494	-6.9	1010001001011010	4	2
19499	-6.3	0101110110100101	2	2
19501	-6.9	1010001001100110	4	1
19503	-6.3	0101110110011001	2	2
19504	-6.9	1010001001111110	4	1
19505	-6.6	1100001001000110	4	1
19506	-6.9	1100001001000010	4	1
19509	-6.6	1100001000111010	4	1
19512	-6.6	1100001001011100	4	2
19515	-6.6	1100001001011010	4	1
19516	-6.6	1100001001100110	4	1
19521	-6.9	1100001001011010	4	1
19526	-6.3	0011110110100101	2	2
19528	-6.9	1100001001100110	4	1
19530	-6.3	0011110110011001	2	2
19531	-6.9	1100001001111110	4	1
19532	-6.3	0110001001000110	4	2
19536	-6.3	0110001001100011	4	1
19545	-6.3	0110001001011001	4	2
19546	-6.3	0110001001011001	4	2
19547	-6.3	0110001001100101	4	1
19551	-6.3	0110001001011011	4	2
19554	-6.6	0110001001100101	4	1
19561	-6.3	0110001001100111	4	2
19567	-6.6	0100010110100011	4	1
19568	-6.6	1010001001100011	4	1
19577	-6.6	1010001001011001	4	1
19578	-6.6	0100010110100101	4	1
19579	-6.6	1010001001100101	4	1
19589	-6.6	1010001001100111	4	1
19590	-6.6	1010001001111001	4	1
19593	-6.6	0100001110100011	4	1
19594	-6.6	1100001001100011	4	1
19603	-6.6	1100001001011001	4	1
19604	-6.6	0100001110100101	4	1
19605	-6.6	1100001001100101	4	1
19615	-6.6	1100001001100111	4	1
19616	-6.6	1100001001111001	4	1
19623	-6.9	0100001001000010	3	1
19624	-6.6	0100001001100011	4	1
19633	-6.6	0100001001011001	4	1
19634	-6.6	0100001001011001	4	1
19635	-6.6	0100001001100101	4	1
19639	-6.6	0100001001011011	4	1
19642	-6.9	0100001001100101	4	1
19647	-6.6	0100001001100110	3	1
19649	-6.6	0100001001100111	4	1
19651	-6.6	0100001001111001	4	1
19656	-6.6	0100010101100110	3	1
19661	-6.6	0100001101100110	3	1
19676	-6.6	1100010111000110	4	1
19677	-6.3	1100010101100110	4	1
19683	-6.6	1100010110100101	4	1
19684	-6.6	1100010110100110	4	1
19692	-6.3	1100011000111010	4	1
19695	-6.3	1100011001011100	4	1
19696	-6.6	1100011001100011	4	1
19698	-6.3	1100011001011010	4	1
19699	-6.3	1100011001100110	4	1
19705	-6.6	1100011001011010	4	1
19708	-6.6	1100011001100101	4	1
19712	-6.3	0011100110100101	2	2
19715	-6.6	1100011001100110	4	1
19718	-6.3	0011100110011001	2	2
19719	-6.6	1100011001111110	4	1
19721	-6.3	0101110000111010	4	2
19729	-6.3	0101110001011001	4	2
19730	-6.3	0101110001011001	4	2
19731	-6.3	0101110001100101	4	1
19735	-6.3	0101110001011011	4	2
19738	-6.6	0101110001100101	4	2
19745	-6.3	0101110001100111	4	2
19747	-6.3	0101110001111001	4	2
19752	-6.3	0011101001011001	4	2
19753	-6.3	0011101001100101	4	2
19756	-4.9	0101110000111010	3	2
19784	-6.3	0110011001011001	4	1
19786	-4.9	0011101001011100	3	2
19804	-6.3	1100010110100101	2	1
19810	-6.3	1100010110011001	2	1
19813	-6.3	0011101001011100	4	2
19818	-6.3	0011101001011001	4	2
19819	-6.3	0011101001011001	4	2
19820	-6.3	0011101001100101	4	2
19824	-6.3	0011101001011011	4	2
19827	-6.6	0011101001100101	4	2
19834	-6.3	0011101001100111	4	2
19839	-6.3	0110010110100110	4	1
19858	-6.6	1100011001011001	4	1
19859	-6.6	0110001110100101	4	1
19860	-6.6	1100011001100101	4	1
19870	-6.6	1100011001100111	4	1
19871	-6.6	1100011001111001	4	1
19873	-4.9	0011110000111100	3	2
19898	-6.3	0110011010100101	4	1
19902	-6.3	0101101001011010	4	2
19904	-6.3	0101101001011001	4	2
19905	-6.3	0101101001011001	4	2
19906	-6.3	0101101001100101	4	1
19910	-6.3	0101101001011011	4	2
19913	-6.6	0101101001100101	4	2
19920	-6.3	0101101001100111	4	2
19925	-6.3	0110011001100110	4	1
19926	-6.3	0110011001011001	4	1
19927	-6.3	0110011001011001	4	1
19928	-6.3	0110011001100101	4	1
19932	-6.3	0110011001011011	4	1
19935	-6.6	0110011001100101	4	1
19942	-6.3	0110011001100111	4	1
19949	-6.6	0110001101100110	3	2
19952	-4.9	1001101001011001	4	1
19957	-6.6	1001101001011010	4	2
19960	-6.3	1001100110100101	2	1
19961	-6.6	1001101001100110	4	2
19963	-6.3	1001100110011001	2	2
19964	-6.6	1001101001111110	4	2
19965	-4.9	1001101001011001	4	1
19969	-6.6	1001101001011010	4	2
19972	-6.6	1001101001100101	4	1
19976	-6.3	1001100110100101	2	1
19978	-4.9	1001101001100110	4	2
19979	-6.6	1001101001100110	4	2
19981	-6.6	1001101011100110	4	2
19982	-6.3	1001100110011001	2	2
19983	-6.6	1001101001111110	4	2
19984	-6.9	1001101011111111	4	1
19992	-6.6	1010010110100101	4	1
19993	-6.6	1010010110100110	4	1
20003	-6.6	1010011001011010	4	1
20006	-6.6	1010011001100101	4	1
20010	-6.3	0101100110100101	2	2
20013	-6.6	1010011001100110	4	1
20016	-6.3	0101100110011001	2	2
20017	-6.6	1010011001111110	4	1
20024	-4.9	0101101001011010	3	2
20025	-4.9	0101101001011010	3	2
20032	-6.3	1010010110100101	2	1
20037	-6.3	1010010110011001	2	1
20040	-4.9	0101101001011010	3	2
20048	-6.3	1010010110100101	2	1
20054	-6.3	1010010110011001	2	1
20060	-6.9	0101101001011010	3	2
20061	-6.6	0101101001011011	4	2
20064	-6.9	0101101001100101	4	2
20069	-6.6	0101101001100110	3	2
20071	-6.6	0101101001100111	4	2
20073	-6.6	0101101001111001	4	2
20077	-6.6	1110010110100101	4	1
20080	-6.3	1011100110100101	2	1
20081	-4.9	1101101001100110	4	2
20082	-6.6	1101101001100110	4	2
20084	-6.3	1011100110011001	2	2
20085	-6.6	1101101001111110	4	2
20105	-6.9	1010010110100101	4	1
20118	-6.6	1010011001100111	4	1
20119	-6.6	1010011001111001	4	1
20123	-6.3	0101110110100101	2	2
20125	-6.9	1010011001100110	4	1
20127	-6.3	0101110110011001	2	2
20128	-6.9	1010011001111110	4	1
20131	-6.3	1110010110100101	2	1
20137	-6.3	1110010110011001	2	1
20141	-6.3	0110010110100101	2	1
20147	-6.3	0110010110011001	2	2
20150	-6.3	1010010110100101	2	1
20152	-6.3	1010010101100110	2	1
20154	-6.3	1010010110011110	2	1
20173	-6.6	0110010101100110	3	2
20177	-6.6	0110011001100110	3	2
20179	-6.6	0110011011100110	3	1
20180	-6.3	0110011010011001	2	1
20181	-6.6	0110011001111110	3	2
20182	-6.9	0110011011100111	3	2
20183	-6.9	0110011011111111	3	1
20184	-6.9	0110011001100110	3	2
20185	-6.6	0110011001100111	4	2
20187	-6.6	0110011001111001	4	2
20192	-6.3	0111100110011001	2	2
20193	-6.6	1110011001111110	4	1
20200	-6.3	1001100110011001	2	2
20201	-6.6	1001111001111110	4	2
20203	-6.9	0111111001111110	3	2
