11	-4.6	00011111	0	0
101	-4.6	00011111	0	0
114	-4.6	00011111	0	0
178	-4.6	00011111	0	0
296	-4.9	0000000000000000	4	2
297	-4.9	0000000000000000	4	2
494	-4.9	0000000000000000	4	2
495	-4.9	0000000000000000	4	2
689	-4.9	0000000000000000	4	2
946	-8.3	0000000000000000	5	2
947	-8.3	0000000000000000	5	2
1138	-8.3	0000000000000000	5	2
1318	-8.6	0000000011111111	4	2
1329	-5.2	0000000000111001	4	2
1334	-8.6	0000000011111111	4	2
1335	-6.9	0000000000000000	4	2
1336	-6.9	0000000000000000	4	2
1528	-10.3	0000000011111111	4	2
1529	-6.9	0000000000000000	4	2
1540	-8.6	0000000000000001	4	2
1557	-8.6	0000000000000011	4	2
1570	-8.6	0000000000000101	4	2
1619	-8.6	0000000000100001	4	2
1620	-8.6	0000000001000001	4	2
1621	-8.6	0000000001100001	4	2
1655	-8.6	0000000000100101	4	2
1665	-8.6	0000000001000101	4	2
1666	-8.6	0000000001000011	4	2
1689	-8.6	0000000001100101	4	2
1700	-10.3	0000000011111111	4	2
1709	-5.2	0000000000011001	4	2
1712	-6.9	0000000001011001	5	2
1717	-10.3	0000000000000000	5	2
1718	-8.6	0000000000000001	4	2
1719	-8.6	0000000000000001	4	2
1720	-8.6	0000000000000001	4	2
1724	-10.3	0000000000000001	5	2
1741	-8.6	0000000000000011	4	2
1742	-8.6	0000000000000011	4	2
1743	-10.3	0000000000000011	5	2
1754	-8.6	0000000000000101	4	2
1755	-8.6	0000000000000101	4	2
1763	-8.6	0000000000000111	4	2
1773	-6.9	0000000000011001	4	2
1774	-8.6	0000000000100001	4	2
1775	-8.6	0000000001000001	4	2
1776	-8.6	0000000000100001	4	2
1777	-8.6	0000000001000001	4	2
1778	-8.6	0000000001100001	4	2
1792	-10.3	0000000000100001	5	2
1793	-10.3	0000000001000001	5	2
1794	-10.3	0000000001100001	5	2
1829	-8.6	0000000000100011	4	2
1830	-10.3	0000000000100011	5	2
1839	-8.6	0000000000100101	4	2
1841	-10.3	0000000000100101	5	2
1849	-8.6	0000000001000101	4	2
1850	-8.6	0000000001000011	4	2
1855	-10.3	0000000001000101	5	2
1856	-10.3	0000000001000011	5	2
1858	-8.6	0000000001100011	4	2
1863	-10.3	0000000001100011	5	2
1867	-8.6	0000000001011001	4	2
1868	-8.6	0000000001011001	4	2
1869	-8.6	0000000001100101	4	2
1873	-8.6	0000000001011011	4	2
1875	-10.3	0000000001100101	5	2
1883	-8.6	0000000001100111	4	2
1885	-8.6	0000000001111001	4	2
1895	-6.9	1000000011100000	4	2
1898	-5.2	1000000000111001	4	1
1899	-5.2	1000000001011001	4	1
1901	-5.2	1000000001100110	4	1
1902	-6.9	1000000011100110	4	1
1903	-8.6	1000000011111111	4	1
1904	-6.9	1000000000000001	4	1
1945	-8.6	1000000000011000	4	2
2007	-8.6	1000000000100100	4	1
2023	-8.6	1000000001000010	4	1
2040	-8.6	1000000001011010	4	1
2044	-8.6	1000000001100110	4	1
2047	-8.6	1000000001111110	4	1
2048	-6.9	1000000000000001	4	1
2089	-8.6	1000000000011000	4	2
2152	-8.6	1000000000100100	4	1
2167	-8.6	1000000001000010	4	1
2184	-8.6	1000000001011010	4	1
2188	-8.6	1000000001100110	4	1
2191	-8.6	1000000001111110	4	1
2192	-6.9	1000000000000001	4	1
2196	-8.6	1000000000000001	4	1
2199	-8.6	1000000000000001	4	1
2215	-8.6	1000000000000011	4	1
2216	-8.6	1000000000000011	4	1
2229	-8.6	1000000000000101	4	1
2236	-8.6	1000000011100000	4	2
2244	-8.6	1000000000011000	4	2
2264	-8.6	1000000000100001	4	1
2265	-8.6	1000000001000001	4	1
2266	-8.6	1000000001100001	4	1
2278	-8.6	1000000000100001	4	1
2279	-8.6	1000000001000001	4	1
2280	-8.6	1000000001100001	4	1
2302	-8.6	1000000000100011	4	1
2310	-8.6	1000000000100100	4	1
2313	-8.6	1000000000100101	4	1
2314	-8.6	1000000000100101	4	1
2324	-8.6	1000000001000101	4	1
2325	-8.6	1000000001000011	4	1
2327	-8.6	1000000001000101	4	1
2328	-8.6	1000000001000011	4	1
2329	-8.6	1000000001000010	4	1
2335	-8.6	1000000001100011	4	1
2344	-8.6	1000000001011010	4	1
2347	-8.6	1000000001100101	4	1
2348	-8.6	1000000001100101	4	1
2353	-6.9	1000000001100110	4	1
2354	-8.6	1000000001100110	4	1
2356	-8.6	1000000011100110	4	1
2358	-8.6	1000000001111110	4	1
2359	-10.3	1000000011111111	4	1
2360	-4.9	0000010000100000	4	1
2367	-4.9	0000010000100000	4	1
2424	-5.2	0000000110000001	4	2
2425	-5.2	0000000110000011	4	2
2464	-5.2	0000000110000101	4	2
2465	-5.2	0000000110000011	4	2
2474	-6.9	0000000110000001	4	2
2541	-6.9	0000000110100101	4	2
2546	-6.9	0000000110011001	4	2
2754	-5.2	0000000110000001	4	2
2757	-5.2	1000000000011001	4	1
2760	-6.9	0000000110000001	4	2
2761	-5.2	0000000110000101	4	2
2762	-5.2	0000000110000011	4	2
2769	-6.9	0000000110000001	5	2
2773	-6.9	0000000110000101	4	2
2802	-6.9	0000000110100011	4	2
2803	-6.9	0000000111000011	5	2
2805	-6.9	0000000110011001	5	2
2806	-6.9	0000000110100101	4	2
2807	-6.9	0000000110100101	5	2
2809	-8.6	0000000110100101	5	2
2810	-6.9	1000000001100110	5	1
2864	-4.6	00011111	0	0
3067	-6.9	0000000110000000	4	2
3177	-10.3	0000000111111111	4	2
3178	-8.3	0000000110000000	5	2
3298	-8.6	1000000000000011	4	1
3307	-8.6	1000000000000101	4	1
3314	-8.6	1000000000000111	4	1
3318	-10.3	1000000000011000	5	2
3319	-8.6	0000000110000001	4	2
3320	-8.6	1000000000100001	4	1
3321	-8.6	1000000001000001	4	1
3322	-8.6	1000000001100001	4	1
3332	-8.6	0000000110000101	4	2
3368	-8.6	1000000000100011	4	1
3375	-10.3	1000000000100100	5	1
3376	-8.6	1000000000100101	4	1
3387	-8.6	1000000001000101	4	1
3388	-8.6	1000000001000011	4	1
3391	-10.3	1000000001000010	5	1
3392	-8.6	0000000110100011	4	2
3393	-8.6	1000000001100011	4	1
3402	-8.6	1000000001011001	4	1
3403	-8.6	0000000110100101	4	2
3404	-8.6	1000000001100101	4	1
3406	-10.3	1000000001011010	5	1
3408	-10.3	0000000110100101	5	2
3412	-8.6	1000000001100110	5	1
3413	-10.3	1000000001100110	5	1
3414	-8.6	1000000001100111	4	1
3415	-8.6	1000000001111001	4	1
3416	-10.3	1000000001111110	5	1
3417	-4.9	0000010000100000	4	1
3421	-4.9	0000010000100000	4	1
3494	-5.2	0000000110000001	4	2
3516	-5.2	0000000110000101	4	2
3517	-5.2	0000000110000011	4	2
3526	-6.9	0000000110000001	4	2
3592	-6.9	0000000110100101	4	2
3597	-6.9	0000000110011001	4	2
3793	-5.2	1000000000100000	4	2
3796	-5.2	0000000110000001	4	2
3799	-5.2	1000000000011001	4	1
3801	-5.2	0000000110000101	4	2
3802	-6.9	0000000110000001	5	2
3803	-6.9	0000000110100001	5	2
3814	-5.2	0000000110000011	4	2
3820	-6.9	0000000110000101	5	2
3821	-6.9	0000000110000011	4	2
3842	-6.9	0000000110100101	5	2
3850	-6.9	0000000110000000	4	2
3903	-6.9	0000000110000001	4	2
3954	-10.3	0000000111111111	4	2
3960	-8.6	1000000000000010	4	1
3962	-8.6	1000000001000000	4	2
3964	-8.6	1000000000000011	4	1
3970	-8.6	1000000000000100	4	1
3971	-6.9	1000000000100000	4	2
3972	-8.6	1000000000100000	4	2
3973	-8.6	1000000000000101	4	1
3975	-8.6	1000000001100000	4	1
3979	-8.6	1000000000000110	4	1
3980	-8.6	1000000000000111	4	1
3983	-8.6	1000000000011000	4	2
3986	-8.6	1000000000100001	4	1
3987	-8.6	1000000001000001	4	1
3988	-8.6	1000000001100001	4	1
3991	-8.6	1000000000011010	4	1
3993	-8.6	1000000001011000	4	2
4006	-8.6	1000000000011100	4	1
4007	-8.6	1000000000111000	4	2
4009	-8.6	0000000110000011	4	2
4031	-8.6	1000000000100010	4	1
4032	-8.6	1000000001000100	4	1
4034	-8.6	1000000000100011	4	1
4040	-8.6	1000000000100100	4	1
4042	-8.6	1000000000100101	4	1
4047	-8.6	1000000001000010	4	1
4048	-8.6	1000000001100010	4	1
4050	-8.6	1000000000100110	4	1
4051	-8.6	1000000001100100	4	1
4053	-8.6	1000000001000101	4	1
4054	-8.6	1000000001000011	4	1
4055	-8.6	1000000001000110	4	1
4059	-8.6	1000000001100011	4	1
4061	-8.6	1000000000111010	4	1
4062	-8.6	1000000001011100	4	1
4065	-8.6	1000000000111100	4	1
4068	-8.6	1000000001011001	4	1
4070	-8.6	1000000001100101	4	1
4071	-8.6	1000000001011010	4	1
4075	-8.6	1000000001011110	4	1
4076	-8.6	1000000001100110	4	1
4077	-8.6	1000000001111010	4	1
4080	-8.6	1000000001100111	4	1
4081	-8.6	1000000001111001	4	1
4083	-4.9	0000010000100000	4	1
4154	-5.2	0000000110000001	4	2
4168	-5.2	0000000110000101	4	2
4169	-5.2	0000000110000011	4	2
4178	-6.9	0000000110000001	4	2
4234	-6.9	0000000110100101	4	2
4240	-6.9	0000000110011001	4	2
4402	-6.9	0000000110000000	5	2
4437	-5.2	0000000110000001	4	2
4438	-5.2	0000000110000001	4	2
4439	-5.2	0000000110000001	4	2
4445	-5.2	0000000100011001	4	2
4451	-5.2	0000000110000101	4	2
4452	-5.2	0000000110000101	4	2
4458	-6.9	0000000110000001	5	2
4460	-6.9	0000000110000001	5	2
4461	-6.9	0000000110100001	5	2
4462	-6.9	0000000111000001	5	2
4467	-5.2	0000000110000011	4	2
4468	-5.2	0000000110000011	4	2
4490	-6.9	0000000110000101	5	2
4491	-6.9	0000000110000011	5	2
4533	-6.9	0000000110100011	5	2
4534	-6.9	0000000111000011	5	2
4537	-6.9	0000000111000101	5	2
4539	-6.9	0000000110011001	5	2
4540	-6.9	0000000110011001	5	2
4542	-6.9	0000000110100101	5	2
4543	-6.9	0000000110100101	5	2
4545	-6.9	0000000110011101	5	2
4549	-6.9	0000000110100111	5	2
4598	-4.6	00011111	0	0
4783	-10.3	0000000111111111	4	2
4836	-4.9	0100000000000010	4	1
4837	-4.9	0100000000000010	4	1
5014	-4.9	0100000000000010	4	1
5015	-4.9	0100000000000010	4	1
5189	-4.9	0100000000000010	4	1
5403	-8.3	0100000000000010	5	1
5564	-5.2	0100000000111001	4	1
5569	-8.6	0100000011111111	4	1
5616	-6.9	0100000000000010	4	1
5624	-8.6	0100000000000011	4	1
5637	-8.6	0100000000000101	4	1
5686	-8.6	0100000000100001	4	1
5687	-8.6	0100000001000001	4	1
5688	-8.6	0100000001100001	4	1
5722	-8.6	0100000000100101	4	1
5732	-8.6	0100000001000101	4	1
5733	-8.6	0100000001000011	4	1
5756	-8.6	0100000001100101	4	1
5767	-10.3	0100000011111111	4	1
5812	-4.6	00011111	0	0
5825	-4.6	00011111	0	0
6000	-6.9	0000001001000000	4	2
6006	-8.6	0000001000000011	4	2
6019	-8.6	0000001000000101	4	2
6068	-8.6	0000001000100001	4	2
6069	-8.6	0000001001000001	4	2
6070	-8.6	0000001001100001	4	2
6104	-8.6	0000001000100101	4	2
6114	-8.6	0000001001000101	4	2
6115	-8.6	0000001001000011	4	2
6138	-8.6	0000001001100101	4	2
6149	-10.3	0000001011111111	4	2
6150	-8.3	0000001001000000	5	2
6299	-4.9	0010000000000100	4	2
6310	-4.9	0010000000000100	4	2
6523	-5.2	1100000001011001	4	1
6527	-5.2	1100000001100110	4	1
6564	-6.9	1100000000000011	4	1
6588	-8.6	1100000000011000	4	2
6655	-8.6	1100000000100100	4	2
6671	-8.6	1100000001000010	4	1
6689	-8.6	1100000001011010	4	1
6693	-8.6	1100000001100110	4	1
6696	-8.6	1100000001111110	4	1
6697	-6.9	1100000000000011	4	1
6698	-8.6	1100000000000011	4	1
6699	-8.6	1100000000000011	4	1
6712	-8.6	1100000000000101	4	1
6719	-8.6	1100000011100000	4	2
6727	-8.6	1100000000011000	4	2
6747	-8.6	1100000000100001	4	1
6748	-8.6	1100000001000001	4	1
6749	-8.6	1100000001100001	4	1
6761	-8.6	1100000000100001	4	1
6762	-8.6	1100000001000001	4	1
6763	-8.6	1100000001100001	4	1
6785	-8.6	1100000000100011	4	1
6793	-8.6	1100000000100100	4	2
6796	-8.6	1100000000100101	4	1
6797	-8.6	1100000000100101	4	1
6807	-8.6	1100000001000101	4	1
6808	-8.6	1100000001000011	4	1
6810	-8.6	1100000001000101	4	1
6811	-8.6	1100000001000011	4	1
6812	-8.6	1100000001000010	4	1
6818	-8.6	1100000001100011	4	1
6827	-8.6	1100000001011010	4	1
6830	-8.6	1100000001100101	4	1
6831	-8.6	1100000001100101	4	1
6836	-6.9	1100000001100110	4	1
6837	-8.6	1100000001100110	4	1
6839	-8.6	1100000011100110	4	1
6841	-8.6	1100000001111110	4	1
6842	-10.3	1100000011111111	4	1
6894	-5.2	1100000000011001	4	1
6902	-6.9	0000001110000001	5	2
6915	-6.9	1100000001100110	5	1
6924	-8.6	1100000000000101	4	1
6931	-8.6	1100000000000111	4	1
6935	-10.3	1100000000011000	5	2
6936	-8.6	0000001110000001	4	2
6937	-8.6	1100000000100001	4	1
6938	-8.6	1100000001000001	4	1
6939	-8.6	1100000001100001	4	1
6949	-8.6	0000001110000101	4	2
6985	-8.6	1100000000100011	4	1
6992	-10.3	1100000000100100	5	2
6993	-8.6	1100000000100101	4	1
7004	-8.6	1100000001000101	4	1
7005	-8.6	1100000001000011	4	1
7008	-10.3	1100000001000010	5	1
7009	-8.6	0000001110100011	4	2
7010	-8.6	1100000001100011	4	1
7019	-8.6	1100000001011001	4	1
7020	-8.6	0000001110100101	4	2
7021	-8.6	1100000001100101	4	1
7023	-10.3	1100000001011010	5	1
7025	-10.3	0000001110100101	5	2
7029	-8.6	1100000001100110	5	1
7030	-10.3	1100000001100110	5	1
7031	-8.6	1100000001100111	4	1
7032	-8.6	1100000001111001	4	1
7033	-10.3	1100000001111110	5	1
7034	-5.2	1100000000100000	4	2
7036	-5.2	1100000000011001	4	1
7039	-8.3	0000010110100000	5	1
7083	-6.9	0000001110000001	4	2
7139	-8.6	1100000000000100	4	2
7140	-6.9	1100000000100000	4	2
7141	-8.6	1100000000100000	4	2
7142	-8.6	1100000000000101	4	1
7144	-8.6	1100000001100000	4	1
7148	-8.6	1100000000000110	4	1
7149	-8.6	1100000000000111	4	1
7152	-8.6	1100000000011000	4	2
7155	-8.6	1100000000100001	4	1
7156	-8.6	1100000001000001	4	1
7157	-8.6	1100000001100001	4	1
7160	-8.6	1100000000011010	4	1
7162	-8.6	1100000001011000	4	2
7175	-8.6	1100000000011100	4	2
7176	-8.6	1100000000111000	4	2
7178	-8.6	0000001110000011	4	2
7200	-8.6	1100000000100010	4	1
7201	-8.6	1100000001000100	4	2
7203	-8.6	1100000000100011	4	1
7209	-8.6	1100000000100100	4	2
7211	-8.6	1100000000100101	4	1
7216	-8.6	1100000001000010	4	1
7217	-8.6	1100000001100010	4	1
7219	-8.6	1100000000100110	4	1
7220	-8.6	1100000001100100	4	2
7222	-8.6	1100000001000101	4	1
7223	-8.6	1100000001000011	4	1
7224	-8.6	1100000001000110	4	1
7228	-8.6	1100000001100011	4	1
7230	-8.6	1100000000111010	4	1
7231	-8.6	1100000001011100	4	2
7234	-8.6	1100000000111100	4	2
7237	-8.6	1100000001011001	4	1
7239	-8.6	1100000001100101	4	1
7240	-8.6	1100000001011010	4	1
7244	-8.6	1100000001011110	4	1
7245	-8.6	1100000001100110	4	1
7246	-8.6	1100000001111010	4	1
7249	-8.6	1100000001100111	4	1
7250	-8.6	1100000001111001	4	1
7252	-8.3	0000010000100000	5	1
7330	-6.9	0000001110000001	4	2
7395	-8.3	0000011001100000	5	1
7435	-6.9	0000001110000001	5	2
7437	-6.9	0000001110000001	5	2
7467	-6.9	0000001110000101	5	2
7468	-6.9	0000001110000011	5	2
7747	-4.9	0010000000000100	4	2
7748	-4.9	0010000000000100	4	2
7909	-4.9	0010000000000100	4	2
8102	-8.3	0010000000000100	5	2
8246	-5.2	0010000000111001	4	2
8251	-8.6	0010000011111111	4	2
8252	-6.9	0010000000000100	4	2
8258	-8.6	0010000000000101	4	2
8307	-8.6	0010000000100001	4	1
8308	-8.6	0010000001000001	4	1
8309	-8.6	0010000001100001	4	1
8343	-8.6	0010000000100101	4	2
8353	-8.6	0010000001000101	4	2
8354	-8.6	0010000001000011	4	2
8377	-8.6	0010000001100101	4	2
8388	-10.3	0010000011111111	4	2
8395	-5.2	0000010000000101	4	2
8396	-6.9	0000010000000101	4	2
8399	-4.6	00011111	0	0
8412	-4.6	00011111	0	0
8414	-5.2	0000010000011001	4	2
8447	-5.2	0000010000100001	4	2
8448	-5.2	0000010001000001	4	1
8457	-6.9	0000010000100001	4	2
8458	-6.9	0000010001000001	4	2
8459	-6.9	0000010001100001	4	2
8464	-5.2	0000010010000101	4	1
8465	-5.2	0000010010000011	4	1
8474	-6.9	0000010010000001	4	1
8481	-6.9	0000010010000111	4	2
8487	-8.6	0000010010000001	4	2
8499	-5.2	0000010000100011	4	2
8515	-5.2	0000010000100101	4	2
8518	-6.9	0000010000100101	4	2
8525	-5.2	0000010001000101	4	1
8526	-5.2	0000010001000011	4	1
8537	-6.9	0000010001000101	4	2
8538	-6.9	0000010001000011	4	2
8546	-5.2	0000010000111001	4	1
8572	-6.9	0000010001100101	4	2
8575	-6.9	0000010010100101	4	1
8583	-6.9	0000010010011001	4	1
8585	-8.6	0000010011100111	4	2
8586	-8.6	0000010011111111	4	1
8587	-6.9	0000010000100000	4	2
8591	-8.6	0000010000000101	4	2
8640	-8.6	0000010000100001	4	2
8641	-8.6	0000010001000001	4	2
8642	-8.6	0000010001100001	4	2
8657	-6.9	0000010110000001	4	1
8676	-8.6	0000010000100101	4	2
8686	-8.6	0000010001000101	4	2
8687	-8.6	0000010001000011	4	2
8710	-8.6	0000010001100101	4	2
8721	-10.3	0000010011111111	4	2
8772	-5.2	1010000000111001	4	1
8781	-5.2	1010000001100110	4	1
8782	-6.9	1010000000000101	4	1
8795	-8.6	1010000000011000	4	2
8860	-8.6	1010000000100100	4	2
8876	-8.6	1010000001000010	4	1
8893	-8.6	1010000001011010	4	1
8897	-8.6	1010000001100110	4	1
8900	-8.6	1010000001111110	4	1
8901	-6.9	1010000000000101	4	1
8903	-8.6	1010000000000101	4	1
8910	-8.6	1010000011100000	4	2
8918	-8.6	1010000000011000	4	2
8938	-8.6	1010000000100001	4	1
8939	-8.6	1010000001000001	4	1
8940	-8.6	1010000001100001	4	1
8952	-8.6	1010000000100001	4	1
8953	-8.6	1010000001000001	4	1
8954	-8.6	1010000001100001	4	1
8976	-8.6	1010000000100011	4	1
8984	-8.6	1010000000100100	4	2
8987	-8.6	1010000000100101	4	1
8988	-8.6	1010000000100101	4	1
8998	-8.6	1010000001000101	4	1
8999	-8.6	1010000001000011	4	1
9001	-8.6	1010000001000101	4	1
9002	-8.6	1010000001000011	4	1
9003	-8.6	1010000001000010	4	1
9009	-8.6	1010000001100011	4	1
9018	-8.6	1010000001011010	4	1
9021	-8.6	1010000001100101	4	1
9022	-8.6	1010000001100101	4	1
9027	-6.9	1010000001100110	4	1
9028	-8.6	1010000001100110	4	1
9030	-8.6	1010000011100110	4	1
9032	-8.6	1010000001111110	4	1
9033	-10.3	1010000011111111	4	1
9035	-5.2	1010000000011001	4	1
9037	-6.9	1010000001100110	5	1
9101	-6.9	0000010110000001	4	1
9125	-6.9	0000010110000101	4	1
9126	-6.9	0000010110000011	4	1
9135	-8.6	0000010110000001	4	1
9142	-8.6	0000010110000111	4	2
9148	-10.3	0000010110000001	4	2
9232	-8.6	0000010110100101	4	1
9241	-8.6	0000010110011001	4	1
9243	-10.3	0000010111100111	4	2
9244	-10.3	0000010111111111	4	1
9250	-5.2	1010000000011001	4	1
9272	-8.6	1010000001100000	4	1
9276	-8.6	1010000000000110	4	1
9277	-8.6	1010000000000111	4	1
9280	-8.6	1010000000011000	4	2
9283	-8.6	1010000000100001	4	1
9284	-8.6	1010000001000001	4	1
9285	-8.6	1010000001100001	4	1
9288	-8.6	1010000000011010	4	2
9290	-8.6	1010000001011000	4	2
9303	-8.6	1010000000011100	4	2
9304	-8.6	1010000000111000	4	2
9306	-8.6	0000010110000011	4	2
9328	-8.6	1010000000100010	4	1
9329	-8.6	1010000001000100	4	2
9331	-8.6	1010000000100011	4	1
9337	-8.6	1010000000100100	4	2
9339	-8.6	1010000000100101	4	1
9344	-8.6	1010000001000010	4	1
9345	-8.6	1010000001100010	4	1
9347	-8.6	1010000000100110	4	1
9348	-8.6	1010000001100100	4	2
9350	-8.6	1010000001000101	4	1
9351	-8.6	1010000001000011	4	1
9352	-8.6	1010000001000110	4	1
9356	-8.6	1010000001100011	4	1
9358	-8.6	1010000000111010	4	2
9359	-8.6	1010000001011100	4	2
9362	-8.6	1010000000111100	4	2
9365	-8.6	1010000001011001	4	1
9367	-8.6	1010000001100101	4	1
9368	-8.6	1010000001011010	4	2
9372	-8.6	1010000001011110	4	1
9373	-8.6	1010000001100110	4	1
9374	-8.6	1010000001111010	4	1
9377	-8.6	1010000001100111	4	1
9378	-8.6	1010000001111001	4	1
9408	-6.9	0000010110000001	5	2
9410	-6.9	0000010110000001	5	2
9428	-8.6	0000011000100001	4	1
9429	-8.6	0000011001000001	4	1
9430	-8.6	0000011001100001	4	1
9440	-6.9	0000010110000101	5	2
9441	-6.9	0000010110000011	5	2
9464	-8.6	0000011000100101	4	1
9474	-8.6	0000011001000101	4	1
9475	-8.6	0000011001000011	4	1
9498	-8.6	0000011001100101	4	1
9509	-10.3	0000011011111111	4	1
9707	-4.9	0110000000000110	4	2
9835	-8.3	0110000000000110	5	2
9962	-6.9	0110000000000110	4	2
10006	-8.6	0110000000100001	4	1
10007	-8.6	0110000001000001	4	1
10008	-8.6	0110000001100001	4	1
10042	-8.6	0110000000100101	4	1
10052	-8.6	0110000001000101	4	1
10053	-8.6	0110000001000011	4	1
10076	-8.6	0110000001100101	4	1
10087	-10.3	0110000011111111	4	2
10088	-6.9	1110000000000111	4	1
10089	-8.6	0000011100000111	4	2
10097	-8.6	1110000000011000	4	2
10118	-8.6	1110000000100001	4	1
10119	-8.6	1110000001000001	4	1
10120	-8.6	1110000001100001	4	1
10132	-8.6	1110000000100001	4	1
10133	-8.6	1110000001000001	4	1
10134	-8.6	1110000001100001	4	1
10156	-8.6	1110000000100011	4	1
10164	-8.6	1110000000100100	4	2
10167	-8.6	1110000000100101	4	1
10168	-8.6	1110000000100101	4	1
10178	-8.6	1110000001000101	4	1
10179	-8.6	1110000001000011	4	1
10181	-8.6	1110000001000101	4	1
10182	-8.6	1110000001000011	4	1
10183	-8.6	1110000001000010	4	1
10189	-8.6	1110000001100011	4	1
10198	-8.6	1110000001011010	4	2
10201	-8.6	1110000001100101	4	1
10202	-8.6	1110000001100101	4	1
10207	-6.9	1110000001100110	4	2
10208	-8.6	1110000001100110	4	2
10210	-8.6	1110000011100110	4	2
10212	-8.6	1110000001111110	4	1
10213	-10.3	1110000011111111	4	1
10215	-8.6	0000011110000001	4	2
10219	-8.6	0000011110000101	4	2
10225	-8.6	0000011110000011	4	2
10241	-10.3	0000011110100101	5	2
10256	-8.6	0000011110000001	4	2
10257	-8.6	0000011100100001	4	2
10258	-8.6	0000011101000001	4	2
10268	-8.6	0000011110000001	5	1
10270	-8.6	0000011110000001	5	1
10276	-8.6	0000011110000101	4	2
10293	-8.6	0000011110000011	4	2
10308	-8.6	0000011110000101	5	1
10309	-8.6	0000011110000011	5	1
10316	-8.6	0000011110000111	4	2
10335	-8.6	0000011100100011	4	2
10351	-8.6	0000011100100101	4	2
10368	-8.6	0000011101000101	4	2
10369	-8.6	0000011101000011	4	2
10395	-10.3	0000011110100101	5	2
10414	-4.9	0001100000011000	4	2
10415	-4.9	0001100000011000	4	2
10434	-5.2	1000000110000001	4	1
10435	-5.2	1000000110000011	4	1
10440	-5.2	1000000110000001	4	1
10442	-5.2	1000000110000100	4	1
10443	-5.2	1000000110000010	4	1
10444	-5.2	1000000110000110	4	1
10445	-5.2	1000000110000001	4	1
10474	-5.2	1000000110000101	4	1
10475	-5.2	1000000110000011	4	1
10479	-5.2	1000000110000101	4	1
10480	-5.2	1000000110000011	4	1
10481	-5.2	1000000110000100	4	1
10482	-5.2	1000000110000010	4	1
10483	-5.2	1000000110000110	4	1
10484	-6.9	1000000110000001	4	1
10548	-6.9	1000000110100101	4	1
10551	-6.9	1000000110100101	4	1
10556	-6.9	1000000110011001	4	1
10559	-4.9	0001100000011000	4	2
10560	-4.9	0001100000011000	4	2
10573	-5.2	1000000110000001	4	1
10578	-5.2	1000000110000001	4	1
10595	-5.2	1000000110000001	4	1
10600	-5.2	1000000110000101	4	1
10602	-5.2	1000000110000100	4	1
10603	-5.2	1000000110000010	4	1
10604	-5.2	1000000110000110	4	1
10617	-5.2	1000000110000101	4	1
10618	-5.2	1000000110000011	4	1
10622	-5.2	1000000110000101	4	1
10623	-5.2	1000000110000011	4	1
10624	-5.2	1000000110000100	4	1
10625	-5.2	1000000110000010	4	1
10626	-5.2	1000000110000110	4	1
10627	-6.9	1000000110000001	4	1
10693	-6.9	1000000110100101	4	1
10698	-6.9	1000000110011001	4	1
10701	-4.9	0001100000011000	4	2
10720	-5.2	1000000110000001	4	1
10722	-5.2	1000000110000001	4	1
10733	-5.2	1000000110000001	4	1
10747	-5.2	1000000110000101	4	1
10748	-5.2	1000000110000011	4	1
10752	-5.2	1000000110000101	4	1
10753	-5.2	1000000110000011	4	1
10754	-5.2	1000000110000100	4	1
10755	-5.2	1000000110000010	4	1
10756	-5.2	1000000110000110	4	1
10757	-6.9	1000000110000001	4	1
10813	-6.9	1000000110100101	4	1
10819	-6.9	1000000110011001	4	1
10868	-8.3	0001100000011000	5	2
10869	-8.3	0001100000011000	5	2
10933	-6.9	1000001110000001	4	1
11007	-8.3	0001100000011000	5	2
11061	-6.9	1000001110000001	4	1
11134	-6.9	0001100000011000	4	2
11135	-6.9	0001100000011000	4	2
11200	-6.9	1000010110000001	4	1
11274	-10.3	0001100011111111	4	2
11275	-6.9	0001100000011000	4	2
11310	-8.6	0001100000100001	4	2
11311	-8.6	0001100001000001	4	2
11312	-8.6	0001100001100001	4	2
11327	-6.9	1000010110000001	4	1
11346	-8.6	0001100000100101	4	2
11356	-8.6	0001100001000101	4	2
11357	-8.6	0001100001000011	4	2
11380	-8.6	0001100001100101	4	2
11391	-10.3	0001100011111111	4	2
11392	-5.2	0001100000011001	4	2
11395	-6.9	0001100001011001	5	2
11400	-10.3	0001100000011000	5	2
11401	-6.9	0001100000011001	4	2
11402	-8.6	0001100000100001	4	2
11403	-8.6	0001100001000001	4	2
11404	-8.6	0001100000100001	4	2
11405	-8.6	0001100001000001	4	2
11406	-8.6	0001100001100001	4	2
11420	-10.3	0001100000100001	5	2
11421	-10.3	0001100001000001	5	2
11422	-10.3	0001100001100001	5	2
11457	-8.6	0001100000100011	4	2
11458	-10.3	0001100000100011	5	2
11467	-8.6	0001100000100101	4	2
11469	-10.3	0001100000100101	5	2
11477	-8.6	0001100001000101	4	2
11478	-8.6	0001100001000011	4	2
11483	-10.3	0001100001000101	5	2
11484	-10.3	0001100001000011	5	2
11486	-8.6	0001100001100011	4	2
11491	-10.3	0001100001100011	5	2
11495	-8.6	0001100001011001	4	2
11496	-8.6	0001100001011001	4	2
11497	-8.6	0001100001100101	4	2
11501	-8.6	0001100001011011	4	2
11503	-10.3	0001100001100101	5	2
11511	-8.6	0001100001100111	4	2
11513	-8.6	0001100001111001	4	2
11538	-5.2	1001100000100001	4	1
11539	-5.2	1001100001000001	4	1
11540	-5.2	1001100010000001	4	1
11557	-5.2	1001100000100001	4	1
11558	-5.2	1001100001000001	4	1
11571	-5.2	1001100010000101	4	1
11572	-5.2	1001100010000011	4	1
11576	-5.2	1001100010000101	4	1
11577	-5.2	1001100010000011	4	1
11578	-5.2	1001100010000100	4	2
11579	-5.2	1001100010000010	4	1
11580	-5.2	1001100010000110	4	2
11581	-6.9	1001100010000001	4	1
11592	-5.2	1001100000100011	4	1
11594	-5.2	1001100000100011	4	1
11601	-5.2	1001100000100100	4	2
11602	-6.9	1001100000100100	4	2
11606	-5.2	1001100000100101	4	1
11609	-5.2	1001100000100101	4	1
11615	-5.2	1001100001000101	4	1
11616	-5.2	1001100001000011	4	1
11618	-5.2	1001100001000101	4	1
11619	-5.2	1001100001000011	4	1
11621	-5.2	1001100001000010	4	1
11628	-6.9	1001100001000010	4	1
11646	-6.9	1001100001011010	4	2
11651	-6.9	1001100010100101	4	1
11652	-5.2	1001100001100110	4	2
11653	-6.9	1001100001100110	4	2
11655	-6.9	1001100010011001	4	1
11657	-6.9	1000010000100001	4	1
11701	-6.9	0001100110000001	4	2
11717	-8.6	1000010000100100	4	1
11733	-8.6	1000010001000010	4	1
11750	-8.6	1000010001011010	4	1
11754	-8.6	1000010001100110	4	1
11757	-8.6	1000010001111110	4	1
11759	-6.9	1000001001000001	4	1
11818	-8.6	1000001000100100	4	1
11834	-8.6	1000001001000010	4	1
11851	-8.6	1000001001011010	4	1
11855	-8.6	1000001001100110	4	1
11858	-8.6	1000001001111110	4	1
11867	-6.9	0001100110000001	5	2
11878	-6.9	1001100001100110	5	2
11880	-6.9	0001100110000001	5	2
11889	-6.9	0001100110000101	5	2
11899	-6.9	1000000110000001	4	1
11907	-6.9	1000000110000001	4	1
11908	-6.9	1000000110000100	4	1
11909	-6.9	1000000110000010	4	1
11910	-6.9	1000000110000110	4	1
11920	-8.6	1000000110000100	4	1
11921	-8.6	1000000110000010	4	1
11922	-8.6	1000000110000110	4	1
11945	-8.6	1000000111000100	4	1
11953	-8.6	1000000110100100	4	1
11959	-8.6	1000000110100010	4	1
11960	-8.6	1000000111000010	4	1
11961	-8.6	1000000111100010	4	1
11964	-8.6	1000000111000110	4	1
11967	-6.9	1000000110100101	4	1
11968	-6.9	1000000110100110	4	1
11971	-8.6	1000000110100101	4	1
11972	-8.6	1000000110100110	4	1
11975	-6.9	1000000101100110	4	1
11976	-8.6	1000000111100110	4	1
11977	-8.6	1000000111100110	4	1
11978	-10.3	1000000111111111	4	1
11979	-6.9	1000010000100001	4	1
11995	-8.6	1000010000100001	4	1
11996	-8.6	1000010001000001	4	1
11997	-8.6	1000010001100001	4	1
12009	-8.6	1000010000100001	4	1
12010	-8.6	1000010001000001	4	1
12011	-8.6	1000010001100001	4	1
12026	-6.9	0001100110000001	4	2
12033	-8.6	1000010000100011	4	1
12041	-8.6	1000010000100100	4	1
12044	-8.6	1000010000100101	4	1
12045	-8.6	1000010000100101	4	1
12055	-8.6	1000010001000101	4	1
12056	-8.6	1000010001000011	4	1
12058	-8.6	1000010001000101	4	1
12059	-8.6	1000010001000011	4	1
12060	-8.6	1000010001000010	4	1
12066	-8.6	1000010001100011	4	1
12075	-8.6	1000010001011010	4	1
12078	-8.6	1000010001100101	4	1
12079	-8.6	1000010001100101	4	1
12084	-6.9	1000010001100110	4	1
12085	-8.6	1000010001100110	4	1
12087	-8.6	1000010011100110	4	1
12089	-8.6	1000010001111110	4	1
12090	-10.3	1000010011111111	4	1
12091	-6.9	1000001001000001	4	1
12106	-8.6	1000001000100001	4	1
12107	-8.6	1000001001000001	4	1
12108	-8.6	1000001001100001	4	1
12120	-8.6	1000001000100001	4	1
12121	-8.6	1000001001000001	4	1
12122	-8.6	1000001001100001	4	1
12144	-8.6	1000001000100011	4	1
12152	-8.6	1000001000100100	4	1
12155	-8.6	1000001000100101	4	1
12156	-8.6	1000001000100101	4	1
12166	-8.6	1000001001000101	4	1
12167	-8.6	1000001001000011	4	1
12169	-8.6	1000001001000101	4	1
12170	-8.6	1000001001000011	4	1
12171	-8.6	1000001001000010	4	1
12177	-8.6	1000001001100011	4	1
12186	-8.6	1000001001011010	4	1
12189	-8.6	1000001001100101	4	1
12190	-8.6	1000001001100101	4	1
12195	-6.9	1000001001100110	4	1
12196	-8.6	1000001001100110	4	1
12198	-8.6	1000001011100110	4	1
12200	-8.6	1000001001111110	4	1
12201	-10.3	1000001011111111	4	1
12210	-6.9	0001100110000001	5	2
12212	-6.9	0001100110000001	5	2
12216	-8.6	1000011000100001	4	1
12217	-8.6	1000011001000001	4	1
12218	-8.6	1000011001100001	4	1
12230	-8.6	1000011000100001	4	1
12231	-8.6	1000011001000001	4	1
12232	-8.6	1000011001100001	4	1
12242	-6.9	0001100110000101	5	2
12243	-6.9	0001100110000011	5	2
12254	-8.6	1000011000100011	4	1
12262	-8.6	1000011000100100	4	1
12265	-8.6	1000011000100101	4	1
12266	-8.6	1000011000100101	4	1
12276	-8.6	1000011001000101	4	1
12277	-8.6	1000011001000011	4	1
12279	-8.6	1000011001000101	4	1
12280	-8.6	1000011001000011	4	1
12281	-8.6	1000011001000010	4	1
12287	-8.6	1000011001100011	4	1
12296	-8.6	1000011001011010	4	1
12299	-8.6	1000011001100101	4	1
12300	-8.6	1000011001100101	4	1
12306	-8.6	1000011001100110	4	1
12310	-8.6	1000011001111110	4	1
12311	-10.3	1000011011111111	4	1
12319	-4.9	0101100000011010	4	2
12321	-4.9	0101100000011010	4	2
12325	-5.2	1010000110000001	4	1
12326	-5.2	1010000110000011	4	1
12331	-5.2	1010000110000001	4	1
12333	-5.2	1010000110000100	4	2
12334	-5.2	1010000110000010	4	1
12335	-5.2	1010000110000110	4	1
12336	-5.2	1010000110000001	4	1
12365	-5.2	1010000110000101	4	1
12366	-5.2	1010000110000011	4	1
12370	-5.2	1010000110000101	4	1
12371	-5.2	1010000110000011	4	1
12372	-5.2	1010000110000100	4	2
12373	-5.2	1010000110000010	4	1
12374	-5.2	1010000110000110	4	1
12375	-6.9	1010000110000001	4	1
12439	-6.9	1010000110100101	4	1
12442	-6.9	1010000110100101	4	1
12447	-6.9	1010000110011001	4	1
12456	-5.2	1100000110000001	4	1
12457	-5.2	1100000110000100	4	2
12458	-5.2	1100000110000010	4	1
12459	-5.2	1100000110000110	4	1
12464	-5.2	1010000110000001	4	1
12468	-5.2	1010000110000100	4	2
12469	-5.2	1010000110000010	4	1
12470	-5.2	1010000110000110	4	1
12481	-4.9	0101100000011010	4	2
12487	-5.2	1010000110000001	4	1
12489	-5.2	1010000110000001	4	1
12500	-5.2	1010000110000001	4	1
12514	-5.2	1010000110000101	4	1
12515	-5.2	1010000110000011	4	1
12519	-5.2	1010000110000101	4	1
12520	-5.2	1010000110000011	4	1
12521	-5.2	1010000110000100	4	2
12522	-5.2	1010000110000010	4	1
12523	-5.2	1010000110000110	4	1
12524	-6.9	1010000110000001	4	1
12580	-6.9	1010000110100101	4	1
12586	-6.9	1010000110011001	4	1
12589	-4.9	0100010000100010	4	1
12592	-5.2	0010000110000001	4	1
12593	-5.2	0010000110000011	4	2
12629	-4.9	0100010000100010	4	1
12632	-5.2	0010000110000101	4	2
12633	-5.2	0010000110000011	4	2
12642	-6.9	0010000110000001	4	1
12709	-6.9	0010000110100101	4	2
12714	-6.9	0010000110011001	4	2
12717	-4.9	0010010000100100	4	2
12719	-5.2	0100000110000001	4	1
12720	-5.2	0100000110000011	4	1
12757	-4.9	0010010000100100	4	2
12759	-5.2	0100000110000101	4	1
12760	-5.2	0100000110000011	4	1
12769	-6.9	0100000110000001	4	1
12836	-6.9	0100000110100101	4	1
12841	-6.9	0100000110011001	4	1
12844	-5.2	0110000110000001	4	1
12845	-5.2	0110000110000011	4	1
12897	-5.2	1000000110000011	4	1
12905	-6.9	1000000110000100	5	1
12906	-6.9	1000000110000010	5	1
12907	-6.9	1000000110000110	5	1
12912	-6.9	1000000110011100	5	1
12913	-6.9	1000000111000110	5	1
12926	-6.9	1000010110000100	5	1
12927	-6.9	1000010110000010	5	1
12928	-6.9	1000010110000110	5	1
12946	-8.3	0101100000011010	5	2
12986	-6.9	1010001110000001	4	1
13336	-5.5	1000000110000001	4	1
13338	-6.9	1000000110000100	5	1
13339	-6.9	1000000110000010	5	1
13340	-6.9	1000000110000110	5	1
13341	-5.5	1000000110000001	4	1
13347	-6.9	1000000110000101	4	1
13353	-5.2	1000000110000011	4	1
13377	-6.9	1000000110000100	5	1
13378	-6.9	1000000110000010	5	1
13379	-6.9	1000000110000110	5	1
13380	-7.2	1000000110000001	4	1
13391	-6.9	1000000111000100	5	1
13395	-6.9	1000000111000100	5	1
13410	-6.9	1000000110100100	5	1
13413	-6.9	1000000111000010	5	1
13415	-6.9	1000000110100010	5	1
13416	-6.9	1000000111000010	5	1
13422	-6.9	1000000110100011	4	1
13423	-6.9	1000000110011100	5	1
13427	-6.9	1000000111000110	5	1
13433	-6.9	1000000111000110	5	1
13436	-6.9	1000000110011010	5	1
13437	-6.9	1000000110100101	4	1
13438	-6.9	1000000110011010	5	1
13441	-6.9	1000000110100110	5	1
13446	-6.9	1000000110100110	5	1
13447	-7.2	1000000110100101	4	1
13450	-6.9	1000000110011110	5	1
13451	-8.6	1000000111100110	5	1
13452	-7.2	1000000110011001	4	1
13470	-6.9	0101100000011010	4	2
13489	-8.6	0101100000100001	4	1
13490	-8.6	0101100001000001	4	1
13491	-8.6	0101100001100001	4	1
13506	-6.9	1010010110000001	4	1
13525	-8.6	0101100000100101	4	2
13535	-8.6	0101100001000101	4	2
13536	-8.6	0101100001000011	4	1
13559	-8.6	0101100001100101	4	2
13570	-10.3	0101100011111111	4	2
13574	-6.9	0010000110000101	4	2
13603	-6.9	0010000110100011	4	2
13604	-6.9	0010000111000011	5	2
13606	-6.9	0010000110011001	5	2
13607	-6.9	0010000110100101	4	2
13608	-6.9	0010000110100101	5	2
13610	-8.6	0010000110100101	5	2
13611	-6.9	1000010001100110	5	1
13615	-6.9	0100000110000101	4	1
13644	-6.9	0100000110100011	4	1
13645	-6.9	0100000111000011	5	1
13647	-6.9	0100000110011001	5	1
13648	-6.9	0100000110100101	4	1
13649	-6.9	0100000110100101	5	1
13651	-8.6	0100000110100101	5	1
13652	-6.9	1000001001100110	5	1
13656	-6.9	0110000110000101	4	1
13684	-6.9	0110000110100011	4	1
13685	-6.9	0110000111000011	5	1
13687	-6.9	0110000110011001	5	2
13688	-6.9	0110000110100101	4	1
13689	-6.9	0110000110100101	5	1
13691	-8.6	0110000110100101	5	1
13692	-5.5	1000000110000001	4	1
13699	-5.2	1000000110000011	4	1
13700	-5.2	1000000110000011	4	1
13724	-6.9	1000000110000100	5	1
13725	-6.9	1000000110000010	5	1
13726	-6.9	1000000110000110	5	1
13727	-7.2	1000000110000001	4	1
13737	-6.9	1000000111000100	5	1
13748	-6.9	1000000110100100	5	1
13751	-6.9	1000000110100010	5	1
13752	-6.9	1000000111000010	5	1
13762	-6.9	1000000110011100	5	1
13770	-6.9	1000000111000110	5	1
13773	-6.9	1000000110011010	5	1
13782	-6.9	1000000110100110	5	1
13783	-7.2	1000000110100101	4	1
13785	-6.9	1000000101100110	5	1
13787	-6.9	1000000110011110	5	1
13788	-8.6	1000000111100110	5	1
13789	-7.2	1000000110011001	4	1
13792	-6.9	0001101001011000	4	2
13809	-8.6	0001101000100001	4	2
13810	-8.6	0001101001000001	4	2
13811	-8.6	0001101001100001	4	2
13823	-6.9	1000010110000100	5	1
13824	-6.9	1000010110000010	5	1
13825	-6.9	1000010110000110	5	1
13826	-7.2	1000010110000001	4	1
13845	-8.6	0001101000100101	4	2
13855	-8.6	0001101001000101	4	2
13856	-8.6	0001101001000011	4	2
13879	-8.6	0001101001100101	4	2
13882	-7.2	1000010110100101	4	1
13888	-7.2	1000010110011001	4	1
13890	-10.3	0001101011111111	4	2
13891	-8.3	0001101001011000	5	2
13921	-6.9	1000001110000100	5	1
13922	-6.9	1000001110000010	5	1
13923	-6.9	1000001110000110	5	1
13924	-7.2	1000001110000001	4	1
13986	-7.2	1000001110011001	4	1
14276	-6.9	1010000110000101	4	1
14282	-8.6	1010000110000100	4	2
14283	-8.6	1010000110000010	4	1
14284	-8.6	1010000110000110	4	1
14307	-8.6	1010000111000100	4	2
14315	-8.6	1010000110100100	4	2
14321	-8.6	1010000110100010	4	1
14322	-8.6	1010000111000010	4	1
14323	-8.6	1010000111100010	4	1
14326	-8.6	1010000111000110	4	1
14329	-6.9	1010000110100101	4	1
14330	-6.9	1010000110100110	4	1
14333	-8.6	1010000110100101	4	1
14334	-8.6	1010000110100110	4	1
14337	-6.9	1010000101100110	4	1
14338	-8.6	1010000111100110	4	1
14339	-8.6	1010000111100110	4	1
14340	-10.3	1010000111111111	4	1
14341	-6.9	0010000110000100	4	2
14404	-10.3	0010000111111111	4	2
14405	-6.9	0100000110000010	4	1
14467	-10.3	0100000111111111	4	1
14468	-6.9	0110000110000110	4	2
14526	-6.9	1101100001100110	5	2
14529	-10.3	0110000111111111	4	2
14530	-8.3	0010000110000100	5	2
14591	-8.3	0110000110000110	5	2
14681	-8.6	1000010000100011	4	1
14688	-10.3	1000010000100100	5	1
14689	-8.6	1000010000100101	4	1
14700	-8.6	1000010001000101	4	1
14701	-8.6	1000010001000011	4	1
14704	-10.3	1000010001000010	5	1
14705	-8.6	0010000110100011	4	2
14706	-8.6	1000010001100011	4	1
14715	-8.6	1000010001011001	4	1
14716	-8.6	0010000110100101	4	2
14717	-8.6	1000010001100101	4	1
14719	-10.3	1000010001011010	5	1
14721	-10.3	0010000110100101	5	2
14725	-8.6	1000010001100110	5	1
14726	-10.3	1000010001100110	5	1
14727	-8.6	1000010001100111	4	1
14728	-8.6	1000010001111001	4	1
14729	-10.3	1000010001111110	5	1
14760	-8.6	1000001000100011	4	1
14767	-10.3	1000001000100100	5	1
14768	-8.6	1000001000100101	4	1
14779	-8.6	1000001001000101	4	1
14780	-8.6	1000001001000011	4	1
14783	-10.3	1000001001000010	5	1
14784	-8.6	0100000110100011	4	1
14785	-8.6	1000001001100011	4	1
14794	-8.6	1000001001011001	4	1
14795	-8.6	0100000110100101	4	1
14796	-8.6	1000001001100101	4	1
14798	-10.3	1000001001011010	5	1
14800	-10.3	0100000110100101	5	1
14804	-8.6	1000001001100110	5	1
14805	-10.3	1000001001100110	5	1
14806	-8.6	1000001001100111	4	1
14807	-8.6	1000001001111001	4	1
14808	-10.3	1000001001111110	5	1
14839	-8.6	1000011000100011	4	1
14846	-10.3	1000011000100100	5	1
14847	-8.6	1000011000100101	4	1
14858	-8.6	1000011001000101	4	1
14859	-8.6	1000011001000011	4	1
14862	-10.3	1000011001000010	5	1
14863	-8.6	0110000110100011	4	1
14864	-8.6	1000011001100011	4	1
14873	-8.6	1000011001011001	4	1
14874	-8.6	0110000110100101	4	1
14875	-8.6	1000011001100101	4	1
14877	-10.3	1000011001011010	5	1
14879	-10.3	0110000110100101	5	1
14883	-8.6	1000011001100110	5	1
14884	-10.3	1000011001100110	5	1
14885	-8.6	1000011001100111	4	1
14886	-8.6	1000011001111001	4	1
14887	-10.3	1000011001111110	5	1
14888	-4.9	0011100000011100	4	2
14889	-4.9	0011100000011100	4	2
14893	-5.2	1100000110000001	4	1
14898	-5.2	1100000110000101	4	1
14900	-5.2	1100000110000100	4	2
14901	-5.2	1100000110000010	4	1
14902	-5.2	1100000110000110	4	1
14915	-5.2	1100000110000101	4	1
14916	-5.2	1100000110000011	4	1
14920	-5.2	1100000110000101	4	1
14921	-5.2	1100000110000011	4	1
14922	-5.2	1100000110000100	4	2
14923	-5.2	1100000110000010	4	1
14924	-5.2	1100000110000110	4	1
14925	-6.9	1100000110000001	4	1
14991	-6.9	1100000110100101	4	1
14996	-6.9	1100000110011001	4	1
14999	-4.9	0011100000011100	4	2
15002	-5.2	1100000110000001	4	1
15016	-5.2	1100000110000101	4	1
15017	-5.2	1100000110000011	4	1
15021	-5.2	1100000110000101	4	1
15022	-5.2	1100000110000011	4	1
15023	-5.2	1100000110000100	4	2
15024	-5.2	1100000110000010	4	1
15025	-5.2	1100000110000110	4	1
15026	-6.9	1100000110000001	4	1
15082	-6.9	1100000110100101	4	1
15088	-6.9	1100000110011001	4	1
15091	-4.9	0100010000100010	4	1
15094	-5.2	0010000110000001	4	1
15113	-4.9	0100010000100010	4	1
15116	-5.2	0010000110000101	4	2
15117	-5.2	0010000110000011	4	2
15126	-6.9	0010000110000001	4	1
15192	-6.9	0010000110100101	4	2
15197	-6.9	0010000110011001	4	2
15200	-4.9	0010010000100100	4	2
15202	-5.2	0100000110000001	4	1
15222	-4.9	0010010000100100	4	2
15224	-5.2	0100000110000101	4	1
15225	-5.2	0100000110000011	4	1
15234	-6.9	0100000110000001	4	1
15300	-6.9	0100000110100101	4	1
15305	-6.9	0100000110011001	4	1
15308	-5.2	0110000110000001	4	1
15341	-5.5	1000000110000001	4	1
15353	-6.9	1000000110000011	4	1
15354	-6.9	1000000110000100	4	1
15355	-6.9	1000000110000010	4	1
15356	-6.9	1000000110000110	4	1
15360	-5.2	1000000110000100	4	1
15361	-5.2	1000000110000010	4	1
15362	-5.2	1000000110000110	4	1
15373	-7.2	1000000110000001	4	1
15387	-6.9	1000000111000100	4	1
15397	-6.9	1000000110100010	4	1
15398	-6.9	1000000111000010	4	1
15400	-6.9	1000000110100100	4	1
15416	-6.9	1000000110011100	4	1
15431	-6.9	1000000110011010	4	1
15435	-6.9	1000000110100110	4	1
15439	-7.2	1000000110100101	4	1
15440	-6.9	1000000110100110	4	1
15444	-7.2	1000000110011001	4	1
15453	-8.3	0011100000011100	5	2
15476	-6.9	1100001110000001	4	1
15778	-6.9	1010000110000100	5	2
15779	-6.9	1010000110000010	5	1
15780	-6.9	1010000110000110	5	1
15783	-6.9	1010000110011100	5	2
15784	-6.9	1010000111000110	5	1
15791	-6.9	0011100000011100	4	2
15794	-8.6	0011100000100001	4	1
15795	-8.6	0011100001000001	4	1
15796	-8.6	0011100001100001	4	1
15811	-6.9	1100010110000001	4	1
15830	-8.6	0011100000100101	4	2
15840	-8.6	0011100001000101	4	2
15841	-8.6	0011100001000011	4	2
15864	-8.6	0011100001100101	4	2
15875	-10.3	0011100011111111	4	2
15876	-6.9	0010000110000011	4	2
15897	-6.9	0010000110100101	5	2
15905	-6.9	0100000110000011	4	1
15926	-6.9	0100000110100101	5	1
15934	-6.9	0110000110000011	4	1
15955	-6.9	0110000110100101	5	1
15961	-6.9	0001110000111000	4	2
15963	-8.6	0001110000100001	4	2
15964	-8.6	0001110001000001	4	2
15965	-8.6	0001110001100001	4	2
15980	-7.2	1000010110000001	4	1
15999	-8.6	0001110000100101	4	2
16009	-8.6	0001110001000101	4	2
16010	-8.6	0001110001000011	4	2
16033	-8.6	0001110001100101	4	2
16036	-7.2	1000010110100101	4	1
16042	-7.2	1000010110011001	4	1
16044	-10.3	0001110011111111	4	2
16045	-8.3	0001110000111000	5	2
16063	-7.2	1000001110000001	4	1
16125	-7.2	1000001110011001	4	1
16128	-6.9	1100000110000011	4	1
16134	-8.6	1100000110000100	4	2
16135	-8.6	1100000110000010	4	1
16136	-8.6	1100000110000110	4	1
16150	-8.6	1100000110100100	4	2
16151	-8.6	1100000110100010	4	1
16152	-8.6	1100000111000010	4	1
16155	-8.6	1100000111100100	4	2
16159	-6.9	1100000111000110	4	1
16167	-8.6	1100000110100110	4	1
16169	-6.9	1100000101100110	4	1
16170	-8.6	1100000111100110	4	1
16171	-8.6	1100000111100110	4	1
16172	-10.3	1100000111111111	4	1
16173	-6.9	0010000110000100	4	2
16216	-10.3	0010000111111111	4	2
16217	-6.9	0100000110000010	4	1
16259	-10.3	0100000111111111	4	1
16260	-6.9	0110000110000110	4	2
16298	-6.9	1011100001100110	5	2
16301	-10.3	0110000111111111	4	2
16302	-8.3	0010000110000100	5	2
16343	-8.3	0110000110000110	5	2
16399	-8.6	1000010000100010	4	1
16400	-8.6	1000010001000100	4	1
16402	-8.6	1000010000100011	4	1
16408	-8.6	1000010000100100	4	1
16410	-8.6	1000010000100101	4	1
16415	-8.6	1000010001000010	4	1
16416	-8.6	1000010001100010	4	1
16418	-8.6	1000010000100110	4	1
16419	-8.6	1000010001100100	4	1
16421	-8.6	1000010001000101	4	1
16422	-8.6	1000010001000011	4	1
16423	-8.6	1000010001000110	4	1
16427	-8.6	1000010001100011	4	1
16429	-8.6	1000010000111010	4	1
16430	-8.6	1000010001011100	4	1
16433	-8.6	1000010000111100	4	1
16436	-8.6	1000010001011001	4	1
16438	-8.6	1000010001100101	4	1
16439	-8.6	1000010001011010	4	1
16443	-8.6	1000010001011110	4	1
16444	-8.6	1000010001100110	4	1
16445	-8.6	1000010001111010	4	1
16448	-8.6	1000010001100111	4	1
16449	-8.6	1000010001111001	4	1
16467	-8.6	1000001000100010	4	1
16468	-8.6	1000001001000100	4	1
16470	-8.6	1000001000100011	4	1
16476	-8.6	1000001000100100	4	1
16478	-8.6	1000001000100101	4	1
16483	-8.6	1000001001000010	4	1
16484	-8.6	1000001001100010	4	1
16486	-8.6	1000001000100110	4	1
16487	-8.6	1000001001100100	4	1
16489	-8.6	1000001001000101	4	1
16490	-8.6	1000001001000011	4	1
16491	-8.6	1000001001000110	4	1
16495	-8.6	1000001001100011	4	1
16497	-8.6	1000001000111010	4	1
16498	-8.6	1000001001011100	4	1
16501	-8.6	1000001000111100	4	1
16504	-8.6	1000001001011001	4	1
16506	-8.6	1000001001100101	4	1
16507	-8.6	1000001001011010	4	1
16511	-8.6	1000001001011110	4	1
16512	-8.6	1000001001100110	4	1
16513	-8.6	1000001001111010	4	1
16516	-8.6	1000001001100111	4	1
16517	-8.6	1000001001111001	4	1
16535	-8.6	1000011000100010	4	1
16536	-8.6	1000011001000100	4	1
16538	-8.6	1000011000100011	4	1
16544	-8.6	1000011000100100	4	1
16546	-8.6	1000011000100101	4	1
16551	-8.6	1000011001000010	4	1
16552	-8.6	1000011001100010	4	1
16554	-8.6	1000011000100110	4	1
16555	-8.6	1000011001100100	4	1
16557	-8.6	1000011001000101	4	1
16558	-8.6	1000011001000011	4	1
16559	-8.6	1000011001000110	4	1
16563	-8.6	1000011001100011	4	1
16565	-8.6	1000011000111010	4	1
16566	-8.6	1000011001011100	4	1
16569	-8.6	1000011000111100	4	1
16572	-8.6	1000011001011001	4	1
16574	-8.6	1000011001100101	4	1
16575	-8.6	1000011001011010	4	1
16579	-8.6	1000011001011110	4	1
16580	-8.6	1000011001100110	4	1
16581	-8.6	1000011001111010	4	1
16584	-8.6	1000011001100111	4	1
16585	-8.6	1000011001111001	4	1
16601	-6.9	1110000110000001	4	1
16657	-6.9	1110000110100101	4	1
16663	-6.9	1110000110011001	4	1
16666	-4.9	0100010000100010	4	1
16669	-5.2	0010000110000101	4	2
16670	-5.2	0010000110000011	4	2
16679	-6.9	0010000110000001	4	1
16735	-6.9	0010000110100101	4	2
16741	-6.9	0010000110011001	4	2
16744	-4.9	0010010000100100	4	2
16746	-5.2	0100000110000101	4	1
16747	-5.2	0100000110000011	4	1
16756	-6.9	0100000110000001	4	1
16812	-6.9	0100000110100101	4	1
16818	-6.9	0100000110011001	4	1
16821	-4.9	0110010000100110	4	1
16822	-5.2	0110000110000101	4	1
16823	-5.2	0110000110000011	4	1
16832	-6.9	0110000110000001	4	1
16888	-6.9	0110000110100101	4	1
16894	-6.9	0110000110011001	4	2
16897	-5.5	1010000110000101	4	1
16907	-7.2	1010000110000001	4	1
16958	-6.9	1010000110100110	4	1
16963	-7.2	1010000110100101	4	1
16964	-6.9	1010000110100110	4	1
16969	-7.2	1010000110011001	4	1
16972	-5.5	1100000110000011	4	1
16981	-7.2	1100000110000001	4	1
17032	-6.9	1100000110100110	4	1
17037	-7.2	1100000110100101	4	1
17038	-6.9	1100000110100110	4	1
17043	-7.2	1100000110011001	4	1
17262	-5.5	1010000110000101	4	1
17264	-6.9	1010000110000100	5	2
17265	-6.9	1010000110000010	5	1
17266	-6.9	1010000110000110	5	1
17267	-7.2	1010000110000001	4	1
17277	-6.9	1010000111000100	5	2
17288	-6.9	1010000110100100	5	2
17291	-6.9	1010000110100010	5	1
17292	-6.9	1010000111000010	5	1
17302	-6.9	1010000110011100	5	2
17310	-6.9	1010000111000110	5	1
17313	-6.9	1010000110011010	5	2
17322	-6.9	1010000110100110	5	1
17323	-7.2	1010000110100101	4	1
17325	-6.9	1010000101100110	5	1
17327	-6.9	1010000110011110	5	1
17328	-8.6	1010000111100110	5	1
17329	-7.2	1010000110011001	4	1
17332	-5.5	1100000110000011	4	1
17333	-6.9	1100000110000100	5	2
17334	-6.9	1100000110000010	5	1
17335	-6.9	1100000110000110	5	1
17336	-7.2	1100000110000001	4	1
17346	-6.9	1100000111000100	5	2
17357	-6.9	1100000110100100	5	2
17360	-6.9	1100000110100010	5	1
17361	-6.9	1100000111000010	5	1
17371	-6.9	1100000110011100	5	2
17379	-6.9	1100000111000110	5	1
17382	-6.9	1100000110011010	5	1
17391	-6.9	1100000110100110	5	1
17392	-7.2	1100000110100101	4	1
17394	-6.9	1100000101100110	5	1
17396	-6.9	1100000110011110	5	1
17397	-8.6	1100000111100110	5	1
17398	-7.2	1100000110011001	4	1
17401	-6.9	0010000110000100	5	2
17442	-6.9	0010000110100011	5	2
17443	-6.9	0010000111000011	5	2
17446	-6.9	0010000111000101	5	2
17448	-6.9	0010000110011001	5	2
17449	-6.9	0010000110011001	5	2
17451	-6.9	0010000110100101	5	2
17452	-6.9	0010000110100101	5	2
17454	-6.9	0010000110011101	5	2
17458	-6.9	0010000110100111	5	2
17469	-6.9	0100000110000010	5	1
17509	-6.9	0100000110100011	5	1
17510	-6.9	0100000111000011	5	1
17513	-6.9	0100000111000101	5	1
17515	-6.9	0100000110011001	5	1
17516	-6.9	0100000110011001	5	1
17518	-6.9	0100000110100101	5	1
17519	-6.9	0100000110100101	5	1
17521	-6.9	0100000110011101	5	1
17525	-6.9	0100000110100111	5	1
17536	-6.9	0110000110000110	5	2
17575	-6.9	0110000110100011	5	1
17576	-6.9	0110000111000011	5	1
17579	-6.9	0110000111000101	5	1
17581	-6.9	0110000110011001	5	2
17582	-6.9	0110000110011001	5	2
17584	-6.9	0110000110100101	5	1
17585	-6.9	0110000110100101	5	1
17587	-6.9	0110000110011101	5	2
17591	-6.9	0110000110100111	5	2
17602	-7.5	1000000110000001	4	1
17604	-6.9	1000000111000100	4	1
17605	-6.9	1000000110100100	4	1
17608	-6.9	1000000110011100	4	1
17613	-6.9	1000000111000010	4	1
17614	-6.9	1000000111000010	4	1
17615	-6.9	1000000110100010	4	1
17616	-6.9	1000000110100010	4	1
17618	-6.9	1000000110011010	4	1
17624	-6.9	1000000111000110	4	1
17625	-6.9	1000000110100110	4	1
17638	-7.2	1000000111000101	4	1
17639	-7.2	1000000110100101	4	1
17640	-7.2	1000000110100011	4	1
17641	-7.2	1000000111000011	4	1
17643	-7.2	1000000110100011	4	1
17644	-7.2	1000000111000101	4	1
17646	-7.2	1000000110011001	4	1
17647	-7.2	1000000110011001	4	1
17649	-7.2	1000000110100101	4	1
17650	-7.2	1000000110100101	4	1
17652	-7.2	1000000110011101	4	1
17653	-8.6	1000000110100110	4	1
17656	-7.2	1000000110100111	4	1
17659	-8.6	1000000110100110	4	1
17770	-6.9	1110000101100110	4	2
17771	-8.6	1110000111100110	4	2
17772	-10.3	1110000111111111	4	1
17777	-10.3	0010000111111111	4	2
17782	-10.3	0100000111111111	4	1
17787	-10.3	0110000111111111	4	2
17788	-8.6	1110000110100110	4	2
17789	-8.6	1110000110100110	4	2
17792	-10.6	1110000111111111	4	1
17818	-10.3	1000000110100110	4	1
17819	-10.3	1000000110100110	4	1
17842	-8.3	0100010000100010	5	1
17921	-6.9	0100010000100010	4	1
17937	-8.6	0100010000100101	4	1
17947	-8.6	0100010001000101	4	1
17948	-8.6	0100010001000011	4	1
17971	-8.6	0100010001100101	4	1
17982	-10.3	0100010011111111	4	1
17989	-6.9	0010001001000100	4	2
18004	-8.6	0010001000100101	4	2
18014	-8.6	0010001001000101	4	2
18015	-8.6	0010001001000011	4	2
18038	-8.6	0010001001100101	4	2
18049	-10.3	0010001011111111	4	2
18050	-8.3	0010001001000100	5	2
18118	-6.9	1100010000100011	4	1
18119	-8.6	1100010000100011	4	1
18127	-8.6	1100010000100100	4	2
18130	-8.6	1100010000100101	4	1
18131	-8.6	1100010000100101	4	1
18141	-8.6	1100010001000101	4	1
18142	-8.6	1100010001000011	4	1
18144	-8.6	1100010001000101	4	1
18145	-8.6	1100010001000011	4	1
18146	-8.6	1100010001000010	4	1
18152	-8.6	1100010001100011	4	1
18161	-8.6	1100010001011010	4	1
18164	-8.6	1100010001100101	4	1
18165	-8.6	1100010001100101	4	1
18170	-6.9	1100010001100110	4	1
18171	-8.6	1100010001100110	4	1
18173	-8.6	1100010011100110	4	1
18175	-8.6	1100010001111110	4	1
18176	-10.3	1100010011111111	4	1
18193	-6.9	1100010001100110	5	1
18194	-8.3	0100010110100010	5	1
18234	-10.3	1100010000100100	5	2
18235	-8.6	1100010000100101	4	1
18246	-8.6	1100010001000101	4	1
18247	-8.6	1100010001000011	4	1
18250	-10.3	1100010001000010	5	1
18251	-8.6	0010001110100011	4	2
18252	-8.6	1100010001100011	4	1
18261	-8.6	1100010001011001	4	1
18262	-8.6	0010001110100101	4	2
18263	-8.6	1100010001100101	4	1
18265	-10.3	1100010001011010	5	1
18267	-10.3	0010001110100101	5	2
18271	-8.6	1100010001100110	5	1
18272	-10.3	1100010001100110	5	1
18273	-8.6	1100010001100111	4	1
18274	-8.6	1100010001111001	4	1
18275	-10.3	1100010001111110	5	1
18276	-8.3	0100001001000010	5	1
18278	-8.3	0100001001000010	5	1
18339	-8.3	0100010110100010	5	1
18371	-8.3	0100001001000010	5	1
18427	-8.3	0100011001100010	5	1
18510	-8.3	0010010000100100	5	2
18511	-8.3	0010010000100100	5	2
18566	-8.3	0010010000100100	5	2
18619	-6.9	0010010000100100	4	2
18620	-6.9	0010010000100100	4	2
18675	-10.3	0010010011111111	4	2
18676	-6.9	0010010000100100	4	2
18681	-8.6	0010010000100101	4	2
18691	-8.6	0010010001000101	4	2
18692	-8.6	0010010001000011	4	2
18715	-8.6	0010010001100101	4	2
18726	-10.3	0010010011111111	4	2
18728	-6.9	0010010001011001	5	2
18733	-10.3	0010010000100100	5	2
18734	-8.6	0010010000100101	4	2
18736	-10.3	0010010000100101	5	2
18744	-8.6	0010010001000101	4	2
18745	-8.6	0010010001000011	4	2
18750	-10.3	0010010001000101	5	2
18751	-10.3	0010010001000011	5	2
18753	-8.6	0010010001100011	4	2
18758	-10.3	0010010001100011	5	2
18762	-8.6	0010010001011001	4	2
18763	-8.6	0010010001011001	4	2
18764	-8.6	0010010001100101	4	2
18768	-8.6	0010010001011011	4	2
18770	-10.3	0010010001100101	5	2
18778	-8.6	0010010001100111	4	2
18780	-8.6	0010010001111001	4	2
18788	-6.9	1010010000100101	4	1
18790	-8.6	1010010000100101	4	1
18791	-8.6	1010010000100101	4	1
18801	-8.6	1010010001000101	4	1
18802	-8.6	1010010001000011	4	1
18804	-8.6	1010010001000101	4	1
18805	-8.6	1010010001000011	4	1
18806	-8.6	1010010001000010	4	1
18812	-8.6	1010010001100011	4	1
18821	-8.6	1010010001011010	4	1
18824	-8.6	1010010001100101	4	1
18825	-8.6	1010010001100101	4	1
18830	-6.9	1010010001100110	4	1
18831	-8.6	1010010001100110	4	1
18833	-8.6	1010010011100110	4	1
18835	-8.6	1010010001111110	4	1
18836	-10.3	1010010011111111	4	1
18837	-6.9	0100001001000010	4	1
18843	-6.9	0100001001000010	4	1
18888	-10.3	0100001011111111	4	1
18890	-6.9	1010010001100110	5	1
18919	-8.3	0010010110100100	5	2
18954	-8.6	1010010001000101	4	1
18955	-8.6	1010010001000011	4	1
18958	-10.3	1010010001000010	5	1
18959	-8.6	0010010110100011	4	2
18960	-8.6	1010010001100011	4	1
18969	-8.6	1010010001011001	4	1
18970	-8.6	0010010110100101	4	2
18971	-8.6	1010010001100101	4	1
18973	-10.3	1010010001011010	5	2
18975	-10.3	0010010110100101	5	2
18979	-8.6	1010010001100110	5	1
18980	-10.3	1010010001100110	5	1
18981	-8.6	1010010001100111	4	1
18982	-8.6	1010010001111001	4	1
18983	-10.3	1010010001111110	5	1
19012	-8.3	0010010110100100	5	2
19036	-8.6	1010010001000010	4	1
19037	-8.6	1010010001100010	4	1
19039	-8.6	1010010000100110	4	1
19040	-8.6	1010010001100100	4	2
19042	-8.6	1010010001000101	4	1
19043	-8.6	1010010001000011	4	1
19044	-8.6	1010010001000110	4	1
19048	-8.6	1010010001100011	4	1
19050	-8.6	1010010000111010	4	2
19051	-8.6	1010010001011100	4	2
19054	-8.6	1010010000111100	4	2
19057	-8.6	1010010001011001	4	1
19059	-8.6	1010010001100101	4	1
19060	-8.6	1010010001011010	4	2
19064	-8.6	1010010001011110	4	1
19065	-8.6	1010010001100110	4	1
19066	-8.6	1010010001111010	4	1
19069	-8.6	1010010001100111	4	1
19070	-8.6	1010010001111001	4	1
19072	-6.9	0100001001000010	4	1
19081	-8.6	0100001001000101	4	1
19082	-8.6	0100001001000011	4	1
19105	-8.6	0100001001100101	4	1
19116	-10.3	0100001011111111	4	1
19125	-8.6	0100011001000101	4	1
19126	-8.6	0100011001000011	4	1
19149	-8.6	0100011001100101	4	1
19160	-10.3	0100011011111111	4	1
19187	-8.3	0110010000100110	5	1
19231	-6.9	1010001001100110	5	1
19234	-6.9	1100001001100110	5	1
19235	-6.9	0110010000100110	4	2
19241	-8.6	0110010001000101	4	1
19242	-8.6	0110010001000011	4	1
19265	-8.6	0110010001100101	4	1
19276	-10.3	0110010011111111	4	2
19278	-6.9	0100001001011001	5	1
19288	-8.6	0010011001000101	4	2
19289	-8.6	0010011001000011	4	2
19312	-8.6	0010011001100101	4	2
19323	-10.3	0010011011111111	4	2
19324	-8.3	0010011001100100	5	2
19364	-6.9	1010001001000101	4	1
19367	-8.6	1010001001000101	4	1
19368	-8.6	1010001001000011	4	1
19370	-8.6	1010001001000101	4	1
19371	-8.6	1010001001000011	4	1
19372	-8.6	1010001001000010	4	1
19378	-8.6	1010001001100011	4	1
19387	-8.6	1010001001011010	4	1
19390	-8.6	1010001001100101	4	1
19391	-8.6	1010001001100101	4	1
19396	-6.9	1010001001100110	4	1
19397	-8.6	1010001001100110	4	1
19399	-8.6	1010001011100110	4	1
19401	-8.6	1010001001111110	4	1
19402	-10.3	1010001011111111	4	1
19403	-6.9	1100001001000011	4	1
19405	-8.6	1100001001000101	4	1
19406	-8.6	1100001001000011	4	1
19408	-8.6	1100001001000101	4	1
19409	-8.6	1100001001000011	4	1
19410	-8.6	1100001001000010	4	1
19416	-8.6	1100001001100011	4	1
19425	-8.6	1100001001011010	4	1
19428	-8.6	1100001001100101	4	1
19429	-8.6	1100001001100101	4	1
19434	-6.9	1100001001100110	4	1
19435	-8.6	1100001001100110	4	1
19437	-8.6	1100001011100110	4	1
19439	-8.6	1100001001111110	4	1
19440	-10.3	1100001011111111	4	1
19441	-6.9	0110001001000110	4	2
19442	-8.6	0110001001000101	4	1
19443	-8.6	0110001001000011	4	1
19466	-8.6	0110001001100101	4	1
19477	-10.3	0110001011111111	4	2
19481	-8.6	1010001001100011	4	1
19483	-8.6	1010001000111010	4	2
19484	-8.6	1010001001011100	4	2
19487	-8.6	1010001000111100	4	2
19490	-8.6	1010001001011001	4	1
19492	-8.6	1010001001100101	4	1
19493	-8.6	1010001001011010	4	2
19497	-8.6	1010001001011110	4	1
19498	-8.6	1010001001100110	4	1
19499	-8.6	1010001001111010	4	1
19502	-8.6	1010001001100111	4	1
19503	-8.6	1010001001111001	4	1
19508	-8.6	1100001001100011	4	1
19510	-8.6	1100001000111010	4	1
19511	-8.6	1100001001011100	4	2
19514	-8.6	1100001000111100	4	2
19517	-8.6	1100001001011001	4	1
19519	-8.6	1100001001100101	4	1
19520	-8.6	1100001001011010	4	1
19524	-8.6	1100001001011110	4	1
19525	-8.6	1100001001100110	4	1
19526	-8.6	1100001001111010	4	1
19529	-8.6	1100001001100111	4	1
19530	-8.6	1100001001111001	4	1
19532	-8.3	0110001001000110	5	2
19566	-10.3	1010001001000010	5	1
19567	-8.6	0100010110100011	4	1
19568	-8.6	1010001001100011	4	1
19577	-8.6	1010001001011001	4	1
19578	-8.6	0100010110100101	4	1
19579	-8.6	1010001001100101	4	1
19581	-10.3	1010001001011010	5	2
19583	-10.3	0100010110100101	5	1
19587	-8.6	1010001001100110	5	1
19588	-10.3	1010001001100110	5	1
19589	-8.6	1010001001100111	4	1
19590	-8.6	1010001001111001	4	1
19591	-10.3	1010001001111110	5	1
19592	-10.3	1100001001000010	5	1
19593	-8.6	0100001110100011	4	1
19594	-8.6	1100001001100011	4	1
19603	-8.6	1100001001011001	4	1
19604	-8.6	0100001110100101	4	1
19605	-8.6	1100001001100101	4	1
19607	-10.3	1100001001011010	5	1
19609	-10.3	0100001110100101	5	1
19613	-8.6	1100001001100110	5	1
19614	-10.3	1100001001100110	5	1
19615	-8.6	1100001001100111	4	1
19616	-8.6	1100001001111001	4	1
19617	-10.3	1100001001111110	5	1
19622	-10.3	0100011110100101	5	1
19623	-10.3	0100001001000010	5	1
19624	-8.6	0100001001100011	4	1
19629	-10.3	0100001001100011	5	1
19633	-8.6	0100001001011001	4	1
19634	-8.6	0100001001011001	4	1
19635	-8.6	0100001001100101	4	1
19639	-8.6	0100001001011011	4	1
19641	-10.3	0100001001100101	5	1
19649	-8.6	0100001001100111	4	1
19651	-8.6	0100001001111001	4	1
19676	-8.6	1100010111000110	4	1
19683	-8.6	1100010110100101	4	1
19684	-8.6	1100010110100110	4	1
19696	-8.6	1100011001100011	4	1
19705	-8.6	1100011001011010	4	1
19708	-8.6	1100011001100101	4	1
19709	-8.6	1100011001100101	4	1
19715	-8.6	1100011001100110	4	1
19719	-8.6	1100011001111110	4	1
19720	-10.3	1100011011111111	4	1
19721	-8.3	0101110000111010	5	2
19747	-7.2	1010001110011001	4	1
19756	-6.9	0101110000111010	4	2
19772	-8.6	0101110001100101	4	2
19775	-7.2	1010010110100101	4	1
19781	-7.2	1010010110011001	4	1
19783	-10.3	0101110011111111	4	2
19786	-6.9	0011101001011100	4	2
19801	-8.6	0011101001100101	4	2
19804	-7.2	1100010110100101	4	1
19810	-7.2	1100010110011001	4	1
19812	-10.3	0011101011111111	4	2
19813	-8.3	0011101001011100	5	2
19836	-7.2	1100001110011001	4	1
19839	-8.3	0110010110100110	5	1
19851	-6.9	1101110001100110	5	2
19858	-8.6	1100011001011001	4	1
19859	-8.6	0110001110100101	4	1
19860	-8.6	1100011001100101	4	1
19862	-10.3	1100011001011010	5	1
19864	-10.3	0110001110100101	5	1
19868	-8.6	1100011001100110	5	1
19869	-10.3	1100011001100110	5	1
19870	-8.6	1100011001100111	4	1
19871	-8.6	1100011001111001	4	1
19872	-10.3	1100011001111110	5	1
19873	-6.9	0011110000111100	4	2
19885	-8.6	0011110001100101	4	2
19888	-7.2	1100010110100101	4	1
19894	-7.2	1100010110011001	4	1
19896	-10.3	0011110011111111	4	2
19897	-6.9	0011110001011001	5	2
19902	-8.3	0101101001011010	5	2
19922	-7.2	1010001110011001	4	1
19925	-8.3	0110011001100110	5	1
19952	-6.9	1001101001011001	4	1
19957	-8.6	1001101001011010	4	2
19960	-7.2	1001100110100101	4	1
19961	-8.6	1001101001100110	4	2
19963	-7.2	1001100110011001	4	2
19964	-8.6	1001101001111110	4	2
19965	-6.9	1001101001011001	4	1
19969	-8.6	1001101001011010	4	2
19972	-8.6	1001101001100101	4	1
19973	-8.6	1001101001100101	4	1
19976	-7.2	1001100110100101	4	1
19979	-8.6	1001101001100110	4	2
19982	-7.2	1001100110011001	4	2
19983	-8.6	1001101001111110	4	2
19984	-10.3	1001101011111111	4	1
19986	-6.9	1001101001100110	5	2
19992	-8.6	1010010110100101	4	1
19993	-8.6	1010010110100110	4	1
20003	-8.6	1010011001011010	4	1
20006	-8.6	1010011001100101	4	1
20007	-8.6	1010011001100101	4	1
20013	-8.6	1010011001100110	4	1
20017	-8.6	1010011001111110	4	1
20018	-10.3	1010011011111111	4	1
20024	-6.9	0101101001011010	4	2
20025	-6.9	0101101001011010	4	2
20032	-7.2	1010010110100101	4	1
20037	-7.2	1010010110011001	4	1
20039	-10.3	0101101011111111	4	2
20040	-6.9	0101101001011010	4	2
20045	-8.6	0101101001100101	4	2
20048	-7.2	1010010110100101	4	1
20054	-7.2	1010010110011001	4	1
20056	-10.3	0101101011111111	4	2
20058	-8.6	0110010110100101	5	1
20060	-10.3	0101101001011010	5	2
20061	-8.6	0101101001011011	4	2
20063	-10.3	0101101001100101	5	2
20071	-8.6	0101101001100111	4	2
20073	-8.6	0101101001111001	4	2
20077	-8.6	1110010110100101	4	1
20080	-7.2	1011100110100101	4	1
20082	-8.6	1101101001100110	4	2
20084	-7.2	1011100110011001	4	2
20085	-8.6	1101101001111110	4	2
20092	-8.6	0110010110100101	4	1
20101	-8.6	0110010110011001	4	1
20103	-10.3	0110010111100111	4	2
20104	-10.3	0110010111111111	4	1
20105	-8.9	1010010110100101	4	1
20106	-10.3	1010010110100110	5	1
20109	-8.6	1010010101100110	5	1
20110	-10.3	1010010111100110	5	1
20111	-10.3	1010010111100110	5	1
20112	-10.6	1010010111111111	4	1
20116	-8.6	1010011001100110	5	1
20117	-10.3	1010011001100110	5	1
20118	-8.6	1010011001100111	4	1
20119	-8.6	1010011001111001	4	1
20120	-10.3	1010011001111110	5	1
20121	-8.6	1010011001011110	4	1
20122	-8.6	1010011001100110	4	1
20123	-8.6	1010011001111010	4	1
20126	-8.6	1010011001100111	4	1
20127	-8.6	1010011001111001	4	1
20129	-6.9	0111101001011110	4	2
20131	-7.2	1110010110100101	4	1
20137	-7.2	1110010110011001	4	1
20139	-10.3	0111101011111111	4	2
20149	-10.3	0110011011111111	4	1
20150	-7.5	1010010110100101	4	1
20151	-8.6	1010010110100110	4	1
20158	-10.3	0101111011111111	4	2
20169	-8.6	0110010110011001	4	1
20171	-10.3	0110010111100111	4	2
20172	-10.3	0110010111111111	4	1
20184	-10.3	0110011001100110	5	2
20185	-8.6	0110011001100111	4	2
20187	-8.6	0110011001111001	4	2
20193	-8.6	1110011001111110	4	1
20194	-10.3	1110011011111111	4	1
20200	-7.5	1001100110011001	4	2
20201	-8.6	1001111001111110	4	2
20202	-10.3	1001111011111111	4	1
20203	-10.3	0111111001111110	5	2
