946	-3.2	0000000000000000	4	2
947	-3.2	0000000000000000	4	2
1138	-3.2	0000000000000000	4	2
1318	-4.9	0000000011111111	5	2
1329	-4.3	0000000000111001	5	2
1334	-4.9	0000000011111111	5	2
1335	-4.6	0000000000000000	5	2
1336	-4.6	0000000000000000	5	2
1528	-5.2	0000000011111111	5	2
1529	-4.6	0000000000000000	5	2
1540	-4.9	0000000000000001	5	2
1557	-4.9	0000000000000011	5	2
1570	-4.9	0000000000000101	5	2
1619	-4.9	0000000000100001	5	2
1620	-4.9	0000000001000001	5	2
1621	-4.9	0000000001100001	5	2
1655	-4.9	0000000000100101	5	2
1665	-4.9	0000000001000101	5	2
1666	-4.9	0000000001000011	5	2
1689	-4.9	0000000001100101	5	2
1700	-5.2	0000000011111111	5	2
1709	-4.3	0000000000011001	4	2
1712	-4.6	0000000001011001	4	2
1717	-5.2	0000000000000000	5	2
1718	-4.9	0000000000000001	4	2
1719	-4.9	0000000000000001	4	2
1720	-4.9	0000000000000001	4	2
1724	-5.2	0000000000000001	4	2
1741	-4.9	0000000000000011	4	2
1742	-4.9	0000000000000011	4	2
1743	-5.2	0000000000000011	4	2
1754	-4.9	0000000000000101	4	2
1755	-4.9	0000000000000101	4	2
1763	-4.9	0000000000000111	4	2
1773	-4.6	0000000000011001	4	2
1774	-4.9	0000000000100001	4	2
1775	-4.9	0000000001000001	4	2
1776	-4.9	0000000000100001	4	2
1777	-4.9	0000000001000001	4	2
1778	-4.9	0000000001100001	4	2
1792	-5.2	0000000000100001	4	2
1793	-5.2	0000000001000001	4	2
1794	-5.2	0000000001100001	4	2
1829	-4.9	0000000000100011	4	2
1830	-5.2	0000000000100011	4	2
1839	-4.9	0000000000100101	4	2
1841	-5.2	0000000000100101	4	2
1849	-4.9	0000000001000101	4	2
1850	-4.9	0000000001000011	4	2
1855	-5.2	0000000001000101	4	2
1856	-5.2	0000000001000011	4	2
1858	-4.9	0000000001100011	4	2
1863	-5.2	0000000001100011	4	2
1867	-4.9	0000000001011001	4	2
1868	-4.9	0000000001011001	4	2
1869	-4.9	0000000001100101	4	2
1873	-4.9	0000000001011011	4	2
1875	-5.2	0000000001100101	4	2
1883	-4.9	0000000001100111	4	2
1885	-4.9	0000000001111001	4	2
1895	-4.6	1000000011100000	4	2
1899	-4.3	1000000001011001	4	1
1901	-4.3	1000000001100110	4	1
1902	-4.6	1000000011100110	4	1
1903	-4.9	1000000011111111	4	1
1904	-3.2	1000000000000001	4	1
1945	-4.9	1000000000011000	4	2
2007	-4.9	1000000000100100	4	1
2023	-4.9	1000000001000010	4	1
2040	-4.9	1000000001011010	4	1
2044	-4.9	1000000001100110	4	1
2047	-4.9	1000000001111110	4	1
2048	-3.2	1000000000000001	4	1
2089	-4.9	1000000000011000	4	2
2152	-4.9	1000000000100100	4	1
2167	-4.9	1000000001000010	4	1
2184	-4.9	1000000001011010	4	1
2188	-4.9	1000000001100110	4	1
2191	-4.9	1000000001111110	4	1
2192	-3.2	1000000000000001	4	1
2196	-4.9	1000000000000001	4	1
2215	-4.9	1000000000000011	4	1
2236	-4.9	1000000011100000	4	2
2244	-4.9	1000000000011000	4	2
2264	-4.9	1000000000100001	4	1
2265	-4.9	1000000001000001	4	1
2266	-4.9	1000000001100001	4	1
2302	-4.9	1000000000100011	4	1
2310	-4.9	1000000000100100	4	1
2313	-4.9	1000000000100101	4	1
2327	-4.9	1000000001000101	4	1
2328	-4.9	1000000001000011	4	1
2329	-4.9	1000000001000010	4	1
2335	-4.9	1000000001100011	4	1
2344	-4.9	1000000001011010	4	1
2347	-4.9	1000000001100101	4	1
2353	-4.6	1000000001100110	4	1
2354	-4.9	1000000001100110	4	1
2356	-4.9	1000000011100110	4	1
2358	-4.9	1000000001111110	4	1
2359	-5.2	1000000011111111	4	1
2360	-4	0000000110000000	5	2
2367	-4	0000000110000000	5	2
2424	-4.3	0000000110000001	5	2
2425	-4.3	0000000110000011	5	2
2450	-4.3	0000000111000001	5	2
2452	-4.3	0000000110100001	5	2
2453	-4.3	0000000111000001	5	2
2464	-4.3	0000000110000101	5	2
2465	-4.3	0000000110000011	5	2
2474	-4.6	0000000110000001	5	2
2518	-4.3	0000000111000101	5	2
2520	-4.3	0000000110100101	5	2
2525	-4.3	0000000110100011	5	2
2541	-4.6	0000000110100101	5	2
2546	-4.6	0000000110011001	5	2
2547	-4.6	0000000111100111	5	2
2548	-4.9	0000000111111111	5	2
2754	-4.3	0000000110000001	4	2
2755	-4.3	0000000111000001	4	2
2756	-4.3	0000000110100001	4	2
2757	-4.3	1000000000011001	4	1
2760	-4.6	0000000110000001	4	2
2761	-4.3	0000000110000101	4	2
2762	-4.3	0000000110000011	4	2
2769	-4.6	0000000110000001	4	2
2773	-4.6	0000000110000101	4	2
2779	-4.3	0000000111000011	4	2
2801	-4.6	1000000000111001	4	1
2802	-4.6	0000000110100011	4	2
2803	-4.6	0000000111000011	4	2
2805	-4.6	0000000110011001	4	2
2806	-4.6	0000000110100101	4	2
2807	-4.6	0000000110100101	4	2
2809	-4.9	0000000110100101	4	2
2810	-4.6	1000000001100110	4	1
3067	-4.6	0000000110000000	5	2
3177	-5.2	0000000111111111	5	2
3178	-3.2	0000000110000000	4	2
3298	-4.9	1000000000000011	4	1
3307	-4.9	1000000000000101	4	1
3314	-4.9	1000000000000111	4	1
3318	-5.2	1000000000011000	4	2
3319	-4.9	0000000110000001	4	2
3320	-4.9	1000000000100001	4	1
3321	-4.9	1000000001000001	4	1
3322	-4.9	1000000001100001	4	1
3332	-4.9	0000000110000101	4	2
3368	-4.9	1000000000100011	4	1
3375	-5.2	1000000000100100	4	1
3376	-4.9	1000000000100101	4	1
3387	-4.9	1000000001000101	4	1
3388	-4.9	1000000001000011	4	1
3391	-5.2	1000000001000010	4	1
3392	-4.9	0000000110100011	4	2
3393	-4.9	1000000001100011	4	1
3402	-4.9	1000000001011001	4	1
3403	-4.9	0000000110100101	4	2
3404	-4.9	1000000001100101	4	1
3406	-5.2	1000000001011010	4	1
3408	-5.2	0000000110100101	4	2
3412	-4.9	1000000001100110	4	1
3413	-5.2	1000000001100110	4	1
3414	-4.9	1000000001100111	4	1
3415	-4.9	1000000001111001	4	1
3416	-5.2	1000000001111110	4	1
3417	-4	0000000110000000	5	2
3421	-4	0000000110000000	5	2
3494	-4.3	0000000110000001	5	2
3504	-4.3	0000000110100001	5	2
3505	-4.3	0000000111000001	5	2
3516	-4.3	0000000110000101	5	2
3517	-4.3	0000000110000011	5	2
3526	-4.6	0000000110000001	5	2
3571	-4.3	0000000111000101	5	2
3573	-4.3	0000000110100101	5	2
3574	-4.3	0000000110100101	5	2
3579	-4.3	0000000110100011	5	2
3592	-4.6	0000000110100101	5	2
3597	-4.6	0000000110011001	5	2
3598	-4.6	0000000111100111	5	2
3599	-4.9	0000000111111111	5	2
3793	-4.3	1000000000100000	5	2
3796	-4.3	0000000110000001	4	2
3797	-4.3	0000000110100001	4	2
3798	-4.3	0000000111000001	4	2
3801	-4.3	0000000110000101	4	2
3802	-4.6	0000000110000001	4	2
3803	-4.6	0000000110100001	4	2
3804	-4.3	0000000110100101	4	2
3814	-4.3	0000000110000011	4	2
3820	-4.6	0000000110000101	4	2
3821	-4.6	0000000110000011	4	2
3842	-4.6	0000000110100101	4	2
3845	-4.6	1000000001011001	4	1
3850	-4.6	0000000110000000	5	2
3903	-4.6	0000000110000001	5	2
3954	-5.2	0000000111111111	5	2
3960	-4.9	1000000000000010	5	1
3962	-4.9	1000000001000000	5	2
3970	-4.9	1000000000000100	5	1
3971	-4.6	1000000000100000	5	2
3972	-4.9	1000000000100000	5	2
3975	-4.9	1000000001100000	5	1
3979	-4.9	1000000000000110	5	1
3983	-4.9	1000000000011000	5	2
3991	-4.9	1000000000011010	5	1
3993	-4.9	1000000001011000	5	2
4006	-4.9	1000000000011100	5	1
4007	-4.9	1000000000111000	5	2
4009	-4.9	0000000110000011	4	2
4031	-4.9	1000000000100010	5	1
4032	-4.9	1000000001000100	5	1
4040	-4.9	1000000000100100	5	1
4047	-4.9	1000000001000010	5	1
4048	-4.9	1000000001100010	5	1
4050	-4.9	1000000000100110	5	1
4051	-4.9	1000000001100100	5	1
4055	-4.9	1000000001000110	5	1
4061	-4.9	1000000000111010	5	1
4062	-4.9	1000000001011100	5	1
4065	-4.9	1000000000111100	5	1
4071	-4.9	1000000001011010	5	1
4075	-4.9	1000000001011110	5	1
4076	-4.9	1000000001100110	5	1
4077	-4.9	1000000001111010	5	1
4083	-4	0000000110000000	5	2
4154	-4.3	0000000110000001	5	2
4159	-4.3	0000000110100001	5	2
4160	-4.3	0000000111000001	5	2
4168	-4.3	0000000110000101	5	2
4169	-4.3	0000000110000011	5	2
4178	-4.6	0000000110000001	5	2
4214	-4.3	0000000111000101	5	2
4215	-4.3	0000000110100101	5	2
4219	-4.3	0000000110100011	5	2
4234	-4.6	0000000110100101	5	2
4240	-4.6	0000000110011001	5	2
4241	-4.6	0000000111100111	5	2
4242	-4.9	0000000111111111	5	2
4402	-4.6	0000000110000000	5	2
4437	-4.3	0000000110000001	4	2
4438	-4.3	0000000110000001	4	2
4439	-4.3	0000000110000001	4	2
4440	-4.3	0000000111000001	4	2
4441	-4.3	0000000111000001	4	2
4442	-4.3	0000000110100001	4	2
4443	-4.3	0000000110100001	4	2
4444	-4.3	0000000111100001	4	2
4445	-4.3	0000000100011001	4	2
4451	-4.3	0000000110000101	4	2
4452	-4.3	0000000110000101	4	2
4455	-4.3	0000000111000101	4	2
4458	-4.6	0000000110000001	4	2
4459	-4.3	0000000110100101	4	2
4460	-4.6	0000000110000001	4	2
4461	-4.6	0000000110100001	4	2
4462	-4.6	0000000111000001	4	2
4467	-4.3	0000000110000011	4	2
4468	-4.3	0000000110000011	4	2
4472	-4.3	0000000111000011	4	2
4475	-4.3	0000000110100011	4	2
4481	-4.3	0000000110000111	4	2
4490	-4.6	0000000110000101	4	2
4491	-4.6	0000000110000011	4	2
4533	-4.6	0000000110100011	4	2
4534	-4.6	0000000111000011	4	2
4537	-4.6	0000000111000101	4	2
4539	-4.6	0000000110011001	4	2
4540	-4.6	0000000110011001	4	2
4542	-4.6	0000000110100101	4	2
4543	-4.6	0000000110100101	4	2
4544	-4.6	0000000111100101	4	2
4545	-4.6	0000000110011101	4	2
4549	-4.6	0000000110100111	4	2
4783	-5.2	0000000111111111	5	2
5403	-3.2	0100000000000010	4	1
5564	-4.3	0100000000111001	5	1
5569	-4.9	0100000011111111	5	1
5616	-4.6	0100000000000010	5	1
5624	-4.9	0100000000000011	5	1
5637	-4.9	0100000000000101	5	1
5686	-4.9	0100000000100001	5	1
5687	-4.9	0100000001000001	5	1
5688	-4.9	0100000001100001	5	1
5722	-4.9	0100000000100101	5	1
5732	-4.9	0100000001000101	5	1
5733	-4.9	0100000001000011	5	1
5756	-4.9	0100000001100101	5	1
5767	-5.2	0100000011111111	5	1
6000	-4.6	0000001001000000	5	2
6006	-4.9	0000001000000011	5	2
6019	-4.9	0000001000000101	5	2
6068	-4.9	0000001000100001	5	2
6069	-4.9	0000001001000001	5	2
6070	-4.9	0000001001100001	5	2
6104	-4.9	0000001000100101	5	2
6114	-4.9	0000001001000101	5	2
6115	-4.9	0000001001000011	5	2
6138	-4.9	0000001001100101	5	2
6149	-5.2	0000001011111111	5	2
6150	-3.2	0000001001000000	4	2
6523	-4.3	1100000001011001	4	1
6527	-4.3	1100000001100110	4	1
6564	-3.2	1100000000000011	4	1
6588	-4.9	1100000000011000	4	2
6655	-4.9	1100000000100100	4	2
6671	-4.9	1100000001000010	4	1
6689	-4.9	1100000001011010	4	1
6693	-4.9	1100000001100110	4	1
6696	-4.9	1100000001111110	4	1
6697	-3.2	1100000000000011	4	1
6698	-4.9	1100000000000011	4	1
6719	-4.9	1100000011100000	4	2
6727	-4.9	1100000000011000	4	2
6747	-4.9	1100000000100001	4	1
6748	-4.9	1100000001000001	4	1
6749	-4.9	1100000001100001	4	1
6785	-4.9	1100000000100011	4	1
6793	-4.9	1100000000100100	4	2
6796	-4.9	1100000000100101	4	1
6810	-4.9	1100000001000101	4	1
6811	-4.9	1100000001000011	4	1
6812	-4.9	1100000001000010	4	1
6818	-4.9	1100000001100011	4	1
6827	-4.9	1100000001011010	4	1
6830	-4.9	1100000001100101	4	1
6836	-4.6	1100000001100110	4	1
6837	-4.9	1100000001100110	4	1
6839	-4.9	1100000011100110	4	1
6841	-4.9	1100000001111110	4	1
6842	-5.2	1100000011111111	4	1
6890	-4.3	0000001110000001	4	2
6893	-4.3	0000001110100001	4	2
6894	-4.3	1100000000011001	4	1
6897	-4.3	0000001110000101	4	2
6902	-4.6	0000001110000001	4	2
6914	-4.6	0000001110100101	4	2
6915	-4.6	1100000001100110	4	1
6924	-4.9	1100000000000101	4	1
6931	-4.9	1100000000000111	4	1
6935	-5.2	1100000000011000	4	2
6936	-4.9	0000001110000001	4	2
6937	-4.9	1100000000100001	4	1
6938	-4.9	1100000001000001	4	1
6939	-4.9	1100000001100001	4	1
6949	-4.9	0000001110000101	4	2
6985	-4.9	1100000000100011	4	1
6992	-5.2	1100000000100100	4	2
6993	-4.9	1100000000100101	4	1
7004	-4.9	1100000001000101	4	1
7005	-4.9	1100000001000011	4	1
7008	-5.2	1100000001000010	4	1
7009	-4.9	0000001110100011	4	2
7010	-4.9	1100000001100011	4	1
7019	-4.9	1100000001011001	4	1
7020	-4.9	0000001110100101	4	2
7021	-4.9	1100000001100101	4	1
7023	-5.2	1100000001011010	4	1
7025	-5.2	0000001110100101	4	2
7029	-4.9	1100000001100110	4	1
7030	-5.2	1100000001100110	4	1
7031	-4.9	1100000001100111	4	1
7032	-4.9	1100000001111001	4	1
7033	-5.2	1100000001111110	4	1
7034	-4.3	1100000000100000	5	2
7037	-4.6	1100000001011001	4	1
7039	-4.6	0000001111000000	5	2
7083	-4.6	0000001110000001	5	2
7139	-4.9	1100000000000100	5	2
7140	-4.6	1100000000100000	5	2
7141	-4.9	1100000000100000	5	2
7144	-4.9	1100000001100000	5	1
7148	-4.9	1100000000000110	5	1
7152	-4.9	1100000000011000	5	2
7160	-4.9	1100000000011010	5	1
7162	-4.9	1100000001011000	5	2
7175	-4.9	1100000000011100	5	2
7176	-4.9	1100000000111000	5	2
7178	-4.9	0000001110000011	4	2
7200	-4.9	1100000000100010	5	1
7201	-4.9	1100000001000100	5	2
7209	-4.9	1100000000100100	5	2
7216	-4.9	1100000001000010	5	1
7217	-4.9	1100000001100010	5	1
7219	-4.9	1100000000100110	5	1
7220	-4.9	1100000001100100	5	2
7224	-4.9	1100000001000110	5	1
7230	-4.9	1100000000111010	5	1
7231	-4.9	1100000001011100	5	2
7234	-4.9	1100000000111100	5	2
7240	-4.9	1100000001011010	5	1
7244	-4.9	1100000001011110	5	1
7245	-4.9	1100000001100110	5	1
7246	-4.9	1100000001111010	5	1
7252	-4	0000001111000000	5	2
7306	-4.3	0000001110000001	5	2
7311	-4.3	0000001110100001	5	2
7312	-4.3	0000001111000001	5	2
7320	-4.3	0000001110000101	5	2
7321	-4.3	0000001110000011	5	2
7330	-4.6	0000001110000001	5	2
7366	-4.3	0000001111000101	5	2
7367	-4.3	0000001110100101	5	2
7371	-4.3	0000001110100011	5	2
7386	-4.6	0000001110100101	5	2
7393	-4.6	0000001111100111	5	2
7395	-4.6	0000001111000000	5	2
7414	-4.3	0000001110000001	4	2
7415	-4.3	0000001110000001	4	2
7416	-4.3	0000001110000001	4	2
7417	-4.3	0000001111000001	4	2
7418	-4.3	0000001111000001	4	2
7419	-4.3	0000001110100001	4	2
7420	-4.3	0000001110100001	4	2
7421	-4.3	0000001111100001	4	2
7428	-4.3	0000001110000101	4	2
7429	-4.3	0000001110000101	4	2
7432	-4.3	0000001111000101	4	2
7435	-4.6	0000001110000001	4	2
7436	-4.3	0000001110100101	4	2
7437	-4.6	0000001110000001	4	2
7438	-4.6	0000001110100001	4	2
7439	-4.6	0000001111000001	4	2
7444	-4.3	0000001110000011	4	2
7445	-4.3	0000001110000011	4	2
7449	-4.3	0000001111000011	4	2
7452	-4.3	0000001110100011	4	2
7458	-4.3	0000001110000111	4	2
7467	-4.6	0000001110000101	4	2
7468	-4.6	0000001110000011	4	2
7510	-4.6	0000001110100011	4	2
7511	-4.6	0000001111000011	4	2
7514	-4.6	0000001111000101	4	2
7519	-4.6	0000001110100101	4	2
7520	-4.6	0000001110100101	4	2
7521	-4.6	0000001111100101	4	2
7526	-4.6	0000001110100111	4	2
8085	-4.3	0000010110000001	5	1
8102	-3.2	0010000000000100	4	2
8246	-4.3	0010000000111001	5	2
8251	-4.9	0010000011111111	5	2
8252	-4.6	0010000000000100	5	2
8258	-4.9	0010000000000101	5	2
8307	-4.9	0010000000100001	5	1
8308	-4.9	0010000001000001	5	1
8309	-4.9	0010000001100001	5	1
8343	-4.9	0010000000100101	5	2
8353	-4.9	0010000001000101	5	2
8354	-4.9	0010000001000011	5	2
8377	-4.9	0010000001100101	5	2
8388	-5.2	0010000011111111	5	2
8395	-4.3	0000010000000101	5	2
8396	-4.6	0000010000000101	5	2
8414	-4.3	0000010000011001	5	2
8438	-4.3	0000010000011011	5	2
8447	-4.3	0000010000100001	5	2
8448	-4.3	0000010001000001	5	1
8450	-4.3	0000010011000001	5	1
8456	-4.3	0000010000011101	5	2
8457	-4.6	0000010000100001	5	2
8458	-4.6	0000010001000001	5	2
8459	-4.6	0000010001100001	5	2
8464	-4.3	0000010010000101	5	1
8465	-4.3	0000010010000011	5	1
8474	-4.6	0000010010000001	5	1
8481	-4.6	0000010010000111	5	2
8487	-4.9	0000010010000001	5	2
8499	-4.3	0000010000100011	5	2
8515	-4.3	0000010000100101	5	2
8518	-4.6	0000010000100101	5	2
8525	-4.3	0000010001000101	5	1
8526	-4.3	0000010001000011	5	1
8537	-4.6	0000010001000101	5	2
8538	-4.6	0000010001000011	5	2
8546	-4.3	0000010000111001	5	2
8549	-4.3	0000010011000101	5	1
8553	-4.3	0000010001011101	5	1
8572	-4.6	0000010001100101	5	2
8575	-4.6	0000010010100101	5	1
8583	-4.6	0000010010011001	5	1
8585	-4.9	0000010011100111	5	2
8586	-4.9	0000010011111111	5	2
8587	-4.6	0000010000100000	5	2
8591	-4.9	0000010000000101	5	2
8633	-4.3	0000010110000001	5	1
8639	-4.3	0000010111000001	5	1
8640	-4.9	0000010000100001	5	2
8641	-4.9	0000010001000001	5	2
8642	-4.9	0000010001100001	5	2
8647	-4.3	0000010110000101	5	1
8648	-4.3	0000010110000011	5	1
8657	-4.6	0000010110000001	5	1
8676	-4.9	0000010000100101	5	2
8686	-4.9	0000010001000101	5	2
8687	-4.9	0000010001000011	5	2
8693	-4.3	0000010111000101	5	1
8710	-4.9	0000010001100101	5	2
8719	-4.6	0000010110011001	5	1
8721	-5.2	0000010011111111	5	2
8781	-4.3	1010000001100110	4	1
8782	-3.2	1010000000000101	4	1
8795	-4.9	1010000000011000	4	2
8860	-4.9	1010000000100100	4	2
8876	-4.9	1010000001000010	4	1
8893	-4.9	1010000001011010	4	1
8897	-4.9	1010000001100110	4	1
8900	-4.9	1010000001111110	4	1
8901	-3.2	1010000000000101	4	1
8910	-4.9	1010000011100000	4	2
8918	-4.9	1010000000011000	4	2
8938	-4.9	1010000000100001	4	1
8939	-4.9	1010000001000001	4	1
8940	-4.9	1010000001100001	4	1
8976	-4.9	1010000000100011	4	1
8984	-4.9	1010000000100100	4	2
8987	-4.9	1010000000100101	4	1
9001	-4.9	1010000001000101	4	1
9002	-4.9	1010000001000011	4	1
9003	-4.9	1010000001000010	4	1
9009	-4.9	1010000001100011	4	1
9018	-4.9	1010000001011010	4	1
9021	-4.9	1010000001100101	4	1
9027	-4.6	1010000001100110	4	1
9028	-4.9	1010000001100110	4	1
9030	-4.9	1010000011100110	4	1
9032	-4.9	1010000001111110	4	1
9033	-5.2	1010000011111111	4	1
9035	-4.3	1010000000011001	4	1
9036	-4.6	1010000000111001	4	1
9037	-4.6	1010000001100110	4	1
9101	-4.6	0000010110000001	5	1
9111	-4.6	0000010111000001	5	1
9125	-4.6	0000010110000101	5	1
9126	-4.6	0000010110000011	5	1
9135	-4.9	0000010110000001	5	1
9142	-4.9	0000010110000111	5	2
9148	-5.2	0000010110000001	5	2
9206	-4.6	0000010111000101	5	1
9232	-4.9	0000010110100101	5	1
9241	-4.9	0000010110011001	5	1
9243	-5.2	0000010111100111	5	2
9244	-5.2	0000010111111111	5	2
9247	-4.3	0000010110000001	4	2
9248	-4.3	0000010111000001	4	2
9259	-4.3	0000010110000011	4	2
9272	-4.9	1010000001100000	5	1
9276	-4.9	1010000000000110	5	1
9280	-4.9	1010000000011000	5	2
9288	-4.9	1010000000011010	5	2
9290	-4.9	1010000001011000	5	2
9303	-4.9	1010000000011100	5	2
9304	-4.9	1010000000111000	5	2
9306	-4.9	0000010110000011	4	2
9328	-4.9	1010000000100010	5	1
9329	-4.9	1010000001000100	5	2
9337	-4.9	1010000000100100	5	2
9344	-4.9	1010000001000010	5	1
9345	-4.9	1010000001100010	5	1
9347	-4.9	1010000000100110	5	1
9348	-4.9	1010000001100100	5	2
9352	-4.9	1010000001000110	5	1
9358	-4.9	1010000000111010	5	2
9359	-4.9	1010000001011100	5	2
9362	-4.9	1010000000111100	5	2
9368	-4.9	1010000001011010	5	2
9372	-4.9	1010000001011110	5	1
9373	-4.9	1010000001100110	5	1
9374	-4.9	1010000001111010	5	1
9387	-4.3	0000010110000001	4	2
9388	-4.3	0000010110000001	4	2
9389	-4.3	0000010110000001	4	2
9390	-4.3	0000010111000001	4	2
9391	-4.3	0000010111000001	4	2
9395	-4.3	0000010100011001	4	2
9401	-4.3	0000010110000101	4	2
9402	-4.3	0000010110000101	4	2
9405	-4.3	0000010111000101	4	2
9408	-4.6	0000010110000001	4	2
9410	-4.6	0000010110000001	4	2
9412	-4.6	0000010111000001	4	2
9417	-4.3	0000010110000011	4	2
9418	-4.3	0000010110000011	4	2
9422	-4.3	0000010111000011	4	2
9428	-4.9	0000011000100001	5	1
9429	-4.9	0000011001000001	5	1
9430	-4.9	0000011001100001	5	1
9431	-4.3	0000010110000111	4	2
9440	-4.6	0000010110000101	4	2
9441	-4.6	0000010110000011	4	2
9464	-4.9	0000011000100101	5	1
9474	-4.9	0000011001000101	5	1
9475	-4.9	0000011001000011	5	1
9484	-4.6	0000010111000011	4	2
9487	-4.6	0000010111000101	4	2
9489	-4.6	0000010110011001	4	2
9490	-4.6	0000010110011001	4	2
9495	-4.6	0000010110011101	4	2
9498	-4.9	0000011001100101	5	1
9835	-3.2	0110000000000110	4	2
9962	-4.6	0110000000000110	5	2
10006	-4.9	0110000000100001	5	1
10007	-4.9	0110000001000001	5	1
10008	-4.9	0110000001100001	5	1
10042	-4.9	0110000000100101	5	1
10052	-4.9	0110000001000101	5	1
10053	-4.9	0110000001000011	5	1
10076	-4.9	0110000001100101	5	1
10087	-5.2	0110000011111111	5	2
10088	-3.2	1110000000000111	4	1
10089	-4.9	0000011100000111	4	2
10097	-4.9	1110000000011000	4	2
10118	-4.9	1110000000100001	4	1
10119	-4.9	1110000001000001	4	1
10120	-4.9	1110000001100001	4	1
10156	-4.9	1110000000100011	4	1
10164	-4.9	1110000000100100	4	2
10167	-4.9	1110000000100101	4	1
10181	-4.9	1110000001000101	4	1
10182	-4.9	1110000001000011	4	1
10183	-4.9	1110000001000010	4	1
10189	-4.9	1110000001100011	4	1
10198	-4.9	1110000001011010	4	2
10201	-4.9	1110000001100101	4	1
10207	-4.6	1110000001100110	4	2
10208	-4.9	1110000001100110	4	2
10210	-4.9	1110000011100110	4	2
10212	-4.9	1110000001111110	4	1
10213	-5.2	1110000011111111	4	1
10215	-4.9	0000011110000001	4	2
10219	-4.9	0000011110000101	4	2
10225	-4.9	0000011110000011	4	2
10241	-5.2	0000011110100101	4	2
10243	-4.6	0000011110000001	4	1
10244	-4.6	0000011110000001	4	1
10245	-4.6	0000011110000001	4	1
10246	-4.6	0000011110000001	4	1
10247	-4.6	0000011101000001	4	1
10248	-4.6	0000011111000001	4	1
10249	-4.6	0000011111000001	4	1
10256	-4.9	0000011110000001	4	2
10257	-4.9	0000011100100001	4	2
10258	-4.9	0000011101000001	4	2
10261	-4.6	0000011110000101	4	1
10262	-4.6	0000011110000101	4	1
10265	-4.6	0000011111000101	4	1
10268	-4.9	0000011110000001	4	1
10270	-4.9	0000011110000001	4	1
10272	-4.9	0000011111000001	4	1
10276	-4.9	0000011110000101	4	2
10282	-4.6	0000011110000011	4	1
10283	-4.6	0000011110000011	4	1
10287	-4.6	0000011111000011	4	1
10293	-4.9	0000011110000011	4	2
10299	-4.6	0000011110000111	4	1
10308	-4.9	0000011110000101	4	1
10309	-4.9	0000011110000011	4	1
10316	-4.9	0000011110000111	4	2
10335	-4.9	0000011100100011	4	2
10351	-4.9	0000011100100101	4	2
10368	-4.9	0000011101000101	4	2
10369	-4.9	0000011101000011	4	2
10381	-4.9	0000011111000011	4	1
10384	-4.9	0000011111000101	4	1
10395	-5.2	0000011110100101	4	2
10412	-4.6	1000000111100110	4	1
10413	-4.9	1000000111111111	4	1
10423	-4.3	1000000110011000	4	1
10427	-4.3	1000000110011000	4	1
10440	-4.3	1000000110000001	4	1
10442	-4.3	1000000110000100	4	1
10443	-4.3	1000000110000010	4	1
10444	-4.3	1000000110000110	4	1
10445	-4.3	1000000110000001	4	1
10446	-4.3	1000000110100001	4	1
10447	-4.3	1000000111000001	4	1
10479	-4.3	1000000110000101	4	1
10480	-4.3	1000000110000011	4	1
10481	-4.3	1000000110000100	4	1
10482	-4.3	1000000110000010	4	1
10483	-4.3	1000000110000110	4	1
10484	-4.6	1000000110000001	4	1
10495	-4.3	1000000111000100	4	1
10499	-4.3	1000000111000100	4	1
10514	-4.3	1000000110100100	4	1
10517	-4.3	1000000111000010	4	1
10519	-4.3	1000000110100010	4	1
10520	-4.3	1000000111000010	4	1
10527	-4.3	1000000110011100	4	1
10529	-4.3	1000000111000011	4	1
10531	-4.3	1000000111000110	4	1
10532	-4.3	1000000110100011	4	1
10533	-4.3	1000000111000011	4	1
10536	-4.3	1000000111000101	4	1
10537	-4.3	1000000111000110	4	1
10538	-4.3	1000000110011001	4	1
10539	-4.3	1000000110011001	4	1
10540	-4.3	1000000110011010	4	1
10542	-4.3	1000000110011010	4	1
10543	-4.3	1000000110100101	4	1
10544	-4.3	1000000110100101	4	1
10545	-4.3	1000000110100110	4	1
10546	-4.3	1000000111100101	4	1
10548	-4.6	1000000110100101	4	1
10549	-4.3	1000000110100111	4	1
10550	-4.3	1000000110100110	4	1
10551	-4.6	1000000110100101	4	1
10553	-4.3	1000000111100110	4	1
10554	-4.3	1000000110011110	4	1
10555	-4.6	1000000111100110	4	1
10556	-4.6	1000000110011001	4	1
10557	-4.6	1000000111100111	4	1
10558	-4.9	1000000111111111	4	1
10566	-4.3	1000000110011000	4	1
10570	-4.3	1000000110011000	4	1
10573	-4.3	1000000110000001	4	1
10574	-4.3	1000000110100001	4	1
10578	-4.3	1000000110000001	4	1
10579	-4.3	1000000110100001	4	1
10580	-4.3	1000000111000001	4	1
10600	-4.3	1000000110000101	4	1
10602	-4.3	1000000110000100	4	1
10603	-4.3	1000000110000010	4	1
10604	-4.3	1000000110000110	4	1
10622	-4.3	1000000110000101	4	1
10623	-4.3	1000000110000011	4	1
10624	-4.3	1000000110000100	4	1
10625	-4.3	1000000110000010	4	1
10626	-4.3	1000000110000110	4	1
10627	-4.6	1000000110000001	4	1
10643	-4.3	1000000111000100	4	1
10653	-4.3	1000000110100100	4	1
10657	-4.3	1000000110100100	4	1
10658	-4.3	1000000110100010	4	1
10662	-4.3	1000000110100010	4	1
10663	-4.3	1000000111000010	4	1
10669	-4.3	1000000110011100	4	1
10671	-4.3	1000000110011100	4	1
10673	-4.3	1000000110100101	4	1
10676	-4.3	1000000110100110	4	1
10677	-4.3	1000000110100011	4	1
10678	-4.3	1000000111000011	4	1
10681	-4.3	1000000111000110	4	1
10682	-4.3	1000000111000101	4	1
10683	-4.3	1000000111000110	4	1
10684	-4.3	1000000110011001	4	1
10686	-4.3	1000000110011010	4	1
10687	-4.3	1000000110100101	4	1
10688	-4.3	1000000111100101	4	1
10691	-4.3	1000000110100111	4	1
10692	-4.3	1000000110100110	4	1
10693	-4.6	1000000110100101	4	1
10695	-4.3	1000000111100110	4	1
10696	-4.3	1000000110011110	4	1
10697	-4.6	1000000111100110	4	1
10698	-4.6	1000000110011001	4	1
10699	-4.6	1000000111100111	4	1
10700	-4.9	1000000111111111	4	1
10712	-4.3	1000000110011000	4	1
10720	-4.3	1000000110000001	4	1
10722	-4.3	1000000110000001	4	1
10723	-4.3	1000000110100001	4	1
10724	-4.3	1000000111000001	4	1
10728	-4.3	1000000111011000	4	1
10742	-4.3	1000000110111000	4	1
10752	-4.3	1000000110000101	4	1
10753	-4.3	1000000110000011	4	1
10754	-4.3	1000000110000100	4	1
10755	-4.3	1000000110000010	4	1
10756	-4.3	1000000110000110	4	1
10757	-4.6	1000000110000001	4	1
10767	-4.3	1000000111000100	4	1
10778	-4.3	1000000110100100	4	1
10781	-4.3	1000000110100010	4	1
10782	-4.3	1000000111000010	4	1
10792	-4.3	1000000110011100	4	1
10795	-4.3	1000000110100011	4	1
10796	-4.3	1000000111000011	4	1
10797	-4.3	1000000111011100	4	1
10799	-4.3	1000000111000101	4	1
10800	-4.3	1000000111000110	4	1
10801	-4.3	1000000110011001	4	1
10802	-4.3	1000000110011001	4	1
10803	-4.3	1000000110011010	4	1
10804	-4.3	1000000110100101	4	1
10805	-4.3	1000000110100101	4	1
10806	-4.3	1000000111100101	4	1
10807	-4.3	1000000110011101	4	1
10809	-4.3	1000000111011010	4	1
10810	-4.3	1000000110111010	4	1
10811	-4.3	1000000110100111	4	1
10812	-4.3	1000000110100110	4	1
10813	-4.6	1000000110100101	4	1
10815	-4.3	1000000101100110	4	1
10816	-4.3	1000000111100110	4	1
10817	-4.3	1000000110011110	4	1
10818	-4.6	1000000111100110	4	1
10819	-4.6	1000000110011001	4	1
10820	-4.6	1000000111100111	4	1
10821	-4.9	1000000111111111	4	1
10827	-4.3	1000001001100110	4	1
10828	-4.6	1000001011100110	4	1
10835	-4.3	1000010110011000	4	1
10843	-4.3	1000001110000001	4	1
10844	-4.3	1000001110000100	4	1
10845	-4.3	1000001110000010	4	1
10846	-4.3	1000001110000110	4	1
10855	-4.3	1000010110000100	4	1
10856	-4.3	1000010110000010	4	1
10857	-4.3	1000010110000110	4	1
10862	-4.3	1000010110011100	4	1
10863	-4.3	1000010111000110	4	1
10866	-4.3	1000001110100101	4	1
10867	-4.3	1000001110100110	4	1
10868	-3.2	0001100000011000	4	2
10869	-3.2	0001100000011000	4	2
10879	-4.3	1000001110000001	4	1
10880	-4.3	1000001110100001	4	1
10884	-4.3	1000001110000001	4	1
10885	-4.3	1000001110100001	4	1
10886	-4.3	1000001111000001	4	1
10906	-4.3	1000001110000101	4	1
10908	-4.3	1000001110000100	4	1
10909	-4.3	1000001110000010	4	1
10910	-4.3	1000001110000110	4	1
10928	-4.3	1000001110000101	4	1
10929	-4.3	1000001110000011	4	1
10930	-4.3	1000001110000100	4	1
10931	-4.3	1000001110000010	4	1
10932	-4.3	1000001110000110	4	1
10933	-4.6	1000001110000001	4	1
10949	-4.3	1000001111000100	4	1
10959	-4.3	1000001110100100	4	1
10963	-4.3	1000001110100100	4	1
10964	-4.3	1000001110100010	4	1
10968	-4.3	1000001110100010	4	1
10969	-4.3	1000001111000010	4	1
10979	-4.3	1000001110100101	4	1
10982	-4.3	1000001110100110	4	1
10983	-4.3	1000001110100011	4	1
10984	-4.3	1000001111000011	4	1
10987	-4.3	1000001111000110	4	1
10988	-4.3	1000001111000101	4	1
10989	-4.3	1000001111000110	4	1
10993	-4.3	1000001110100101	4	1
10994	-4.3	1000001111100101	4	1
10997	-4.3	1000001110100111	4	1
10998	-4.3	1000001110100110	4	1
10999	-4.6	1000001110100101	4	1
11001	-4.3	1000001111100110	4	1
11003	-4.6	1000001111100110	4	1
11005	-4.6	1000001111100111	4	1
11007	-3.2	0001100000011000	4	2
11024	-4.3	1000001110000001	4	1
11026	-4.3	1000001110000001	4	1
11027	-4.3	1000001110100001	4	1
11028	-4.3	1000001111000001	4	1
11056	-4.3	1000001110000101	4	1
11057	-4.3	1000001110000011	4	1
11058	-4.3	1000001110000100	4	1
11059	-4.3	1000001110000010	4	1
11060	-4.3	1000001110000110	4	1
11061	-4.6	1000001110000001	4	1
11071	-4.3	1000001111000100	4	1
11082	-4.3	1000001110100100	4	1
11085	-4.3	1000001110100010	4	1
11086	-4.3	1000001111000010	4	1
11099	-4.3	1000001110100011	4	1
11100	-4.3	1000001111000011	4	1
11103	-4.3	1000001111000101	4	1
11104	-4.3	1000001111000110	4	1
11108	-4.3	1000001110100101	4	1
11109	-4.3	1000001110100101	4	1
11110	-4.3	1000001111100101	4	1
11115	-4.3	1000001110100111	4	1
11116	-4.3	1000001110100110	4	1
11117	-4.6	1000001110100101	4	1
11119	-4.3	1000001101100110	4	1
11120	-4.3	1000001111100110	4	1
11122	-4.6	1000001111100110	4	1
11124	-4.6	1000001111100111	4	1
11128	-4.3	0001100000111001	5	2
11129	-4.3	1000010001011001	4	1
11134	-4.6	0001100000011000	5	2
11135	-4.6	0001100000011000	5	2
11139	-4.3	1000010110011000	4	1
11143	-4.3	1000010110011000	4	1
11156	-4.3	1000010110000001	4	1
11158	-4.3	1000010110000100	4	1
11159	-4.3	1000010110000010	4	1
11160	-4.3	1000010110000110	4	1
11161	-4.3	1000010110000001	4	1
11163	-4.3	1000010111000001	4	1
11195	-4.3	1000010110000101	4	1
11196	-4.3	1000010110000011	4	1
11197	-4.3	1000010110000100	4	1
11198	-4.3	1000010110000010	4	1
11199	-4.3	1000010110000110	4	1
11200	-4.6	1000010110000001	4	1
11211	-4.3	1000010111000100	4	1
11215	-4.3	1000010111000100	4	1
11233	-4.3	1000010111000010	4	1
11236	-4.3	1000010111000010	4	1
11243	-4.3	1000010110011100	4	1
11245	-4.3	1000010111000011	4	1
11247	-4.3	1000010111000110	4	1
11249	-4.3	1000010111000011	4	1
11252	-4.3	1000010111000101	4	1
11253	-4.3	1000010111000110	4	1
11254	-4.3	1000010110011001	4	1
11255	-4.3	1000010110011001	4	1
11256	-4.3	1000010110011010	4	1
11258	-4.3	1000010110011010	4	1
11270	-4.3	1000010110011110	4	1
11272	-4.6	1000010110011001	4	1
11274	-5.2	0001100011111111	5	2
11275	-4.6	0001100000011000	5	2
11282	-4.3	1000010110011000	4	1
11290	-4.3	1000010110000001	4	1
11292	-4.3	1000010110000001	4	1
11294	-4.3	1000010111000001	4	1
11298	-4.3	1000010111011000	4	1
11310	-4.9	0001100000100001	5	2
11311	-4.9	0001100001000001	5	2
11312	-4.9	0001100001100001	5	2
11322	-4.3	1000010110000101	4	1
11323	-4.3	1000010110000011	4	1
11324	-4.3	1000010110000100	4	1
11325	-4.3	1000010110000010	4	1
11326	-4.3	1000010110000110	4	1
11327	-4.6	1000010110000001	4	1
11337	-4.3	1000010111000100	4	1
11346	-4.9	0001100000100101	5	2
11352	-4.3	1000010111000010	4	1
11356	-4.9	0001100001000101	5	2
11357	-4.9	0001100001000011	5	2
11362	-4.3	1000010110011100	4	1
11366	-4.3	1000010111000011	4	1
11367	-4.3	1000010111011100	4	1
11369	-4.3	1000010111000101	4	1
11370	-4.3	1000010111000110	4	1
11371	-4.3	1000010110011001	4	1
11372	-4.3	1000010110011001	4	1
11373	-4.3	1000010110011010	4	1
11377	-4.3	1000010110011101	4	1
11379	-4.3	1000010111011010	4	1
11380	-4.9	0001100001100101	5	2
11387	-4.3	1000010110011110	4	1
11389	-4.6	1000010110011001	4	1
11391	-5.2	0001100011111111	5	2
11392	-4.3	0001100000011001	4	2
11395	-4.6	0001100001011001	4	2
11400	-5.2	0001100000011000	5	2
11401	-4.6	0001100000011001	4	2
11402	-4.9	0001100000100001	4	2
11403	-4.9	0001100001000001	4	2
11404	-4.9	0001100000100001	4	2
11405	-4.9	0001100001000001	4	2
11406	-4.9	0001100001100001	4	2
11414	-4.3	1000011110000001	4	1
11416	-4.3	1000011110000001	4	1
11418	-4.3	1000011111000001	4	1
11420	-5.2	0001100000100001	4	2
11421	-5.2	0001100001000001	4	2
11422	-5.2	0001100001100001	4	2
11446	-4.3	1000011110000101	4	1
11447	-4.3	1000011110000011	4	1
11448	-4.3	1000011110000100	4	1
11449	-4.3	1000011110000010	4	1
11450	-4.3	1000011110000110	4	1
11451	-4.6	1000011110000001	4	1
11457	-4.9	0001100000100011	4	2
11458	-5.2	0001100000100011	4	2
11461	-4.3	1000011111000100	4	1
11467	-4.9	0001100000100101	4	2
11469	-5.2	0001100000100101	4	2
11476	-4.3	1000011111000010	4	1
11477	-4.9	0001100001000101	4	2
11478	-4.9	0001100001000011	4	2
11483	-5.2	0001100001000101	4	2
11484	-5.2	0001100001000011	4	2
11486	-4.9	0001100001100011	4	2
11490	-4.3	1000011111000011	4	1
11491	-5.2	0001100001100011	4	2
11493	-4.3	1000011111000101	4	1
11494	-4.3	1000011111000110	4	1
11495	-4.9	0001100001011001	4	2
11496	-4.9	0001100001011001	4	2
11497	-4.9	0001100001100101	4	2
11501	-4.9	0001100001011011	4	2
11503	-5.2	0001100001100101	4	2
11511	-4.9	0001100001100111	4	2
11513	-4.9	0001100001111001	4	2
11532	-4.3	0001100100011001	4	2
11538	-4.3	1001100000100001	4	1
11539	-4.3	1001100001000001	4	1
11540	-4.3	1001100010000001	4	1
11541	-4.3	1001100010100001	4	1
11576	-4.3	1001100010000101	4	1
11577	-4.3	1001100010000011	4	1
11578	-4.3	1001100010000100	4	2
11579	-4.3	1001100010000010	4	1
11580	-4.3	1001100010000110	4	2
11581	-4.6	1001100010000001	4	1
11592	-4.3	1001100000100011	4	1
11601	-4.3	1001100000100100	4	2
11602	-4.6	1001100000100100	4	2
11606	-4.3	1001100000100101	4	1
11613	-4.3	1001100010100100	4	2
11618	-4.3	1001100001000101	4	1
11619	-4.3	1001100001000011	4	1
11621	-4.3	1001100001000010	4	1
11622	-4.3	1001100010100010	4	1
11628	-4.6	1001100001000010	4	1
11630	-4.3	1001100010011100	4	2
11633	-4.3	1001100010100011	4	1
11637	-4.3	1001100000111100	4	2
11641	-4.3	1001100010011001	4	1
11643	-4.3	1001100010011010	4	2
11644	-4.3	1001100010100101	4	1
11646	-4.6	1001100001011010	4	2
11649	-4.3	1001100010100111	4	1
11650	-4.3	1001100010100110	4	2
11651	-4.6	1001100010100101	4	1
11652	-4.3	1001100001100110	4	1
11653	-4.6	1001100001100110	4	2
11654	-4.3	1001100010011110	4	2
11655	-4.6	1001100010011001	4	1
11657	-4	0001100110011000	5	2
11666	-4.3	0001100110000001	5	2
11667	-4.3	0001100110000011	5	2
11685	-4.3	0001100110100001	5	2
11691	-4.3	0001100110000101	5	2
11692	-4.3	0001100110000011	5	2
11701	-4.6	0001100110000001	5	2
11717	-4.9	1000010000100100	4	1
11733	-4.9	1000010001000010	4	1
11738	-4.3	0001100110100101	5	2
11742	-4.3	0001100110100011	5	2
11750	-4.9	1000010001011010	4	1
11753	-4.6	0001100110100101	5	2
11754	-4.9	1000010001100110	4	1
11756	-4.6	0001100110011001	5	2
11757	-4.9	1000010001111110	4	1
11759	-3.2	1000001001000001	4	1
11818	-4.9	1000001000100100	4	1
11834	-4.9	1000001001000010	4	1
11851	-4.9	1000001001011010	4	1
11855	-4.9	1000001001100110	4	1
11858	-4.9	1000001001111110	4	1
11859	-4.3	0001100110000101	4	2
11860	-4.3	0001100110000011	4	2
11867	-4.6	0001100110000001	4	2
11877	-4.6	0001100110100101	4	2
11878	-4.6	1001100001100110	4	2
11879	-4.3	0001100110000101	4	2
11880	-4.6	0001100110000001	4	2
11881	-4.6	0001100110100001	4	2
11882	-4.3	0001100110100101	4	2
11883	-4.3	0001100110000011	4	2
11889	-4.6	0001100110000101	4	2
11896	-4.6	0001100110100101	4	2
11899	-3.2	1000000110000001	4	1
11907	-4.6	1000000110000001	4	1
11908	-4.6	1000000110000100	4	1
11909	-4.6	1000000110000010	4	1
11910	-4.6	1000000110000110	4	1
11920	-4.9	1000000110000100	4	1
11921	-4.9	1000000110000010	4	1
11922	-4.9	1000000110000110	4	1
11945	-4.9	1000000111000100	4	1
11953	-4.9	1000000110100100	4	1
11959	-4.9	1000000110100010	4	1
11960	-4.9	1000000111000010	4	1
11961	-4.9	1000000111100010	4	1
11964	-4.9	1000000111000110	4	1
11967	-4.6	1000000110100101	4	1
11968	-4.6	1000000110100110	4	1
11971	-4.9	1000000110100101	4	1
11972	-4.9	1000000110100110	4	1
11975	-4.6	1000000101100110	4	1
11976	-4.9	1000000111100110	4	1
11977	-4.9	1000000111100110	4	1
11978	-5.2	1000000111111111	4	1
11979	-4	0001100110011000	5	2
11995	-4.9	1000010000100001	4	1
11996	-4.9	1000010001000001	4	1
11997	-4.9	1000010001100001	4	1
12002	-4.3	0001100110000001	5	2
12007	-4.3	0001100110100001	5	2
12016	-4.3	0001100110000101	5	2
12017	-4.3	0001100110000011	5	2
12026	-4.6	0001100110000001	5	2
12033	-4.9	1000010000100011	4	1
12041	-4.9	1000010000100100	4	1
12044	-4.9	1000010000100101	4	1
12058	-4.9	1000010001000101	4	1
12059	-4.9	1000010001000011	4	1
12060	-4.9	1000010001000010	4	1
12063	-4.3	0001100110100101	5	2
12066	-4.9	1000010001100011	4	1
12067	-4.3	0001100110100011	5	2
12075	-4.9	1000010001011010	4	1
12078	-4.9	1000010001100101	4	1
12082	-4.6	0001100110100101	5	2
12084	-4.6	1000010001100110	4	1
12085	-4.9	1000010001100110	4	1
12087	-4.9	1000010011100110	4	1
12088	-4.6	0001100110011001	5	2
12089	-4.9	1000010001111110	4	1
12090	-5.2	1000010011111111	4	1
12091	-3.2	1000001001000001	4	1
12106	-4.9	1000001000100001	4	1
12107	-4.9	1000001001000001	4	1
12108	-4.9	1000001001100001	4	1
12144	-4.9	1000001000100011	4	1
12152	-4.9	1000001000100100	4	1
12155	-4.9	1000001000100101	4	1
12169	-4.9	1000001001000101	4	1
12170	-4.9	1000001001000011	4	1
12171	-4.9	1000001001000010	4	1
12177	-4.9	1000001001100011	4	1
12186	-4.9	1000001001011010	4	1
12189	-4.9	1000001001100101	4	1
12195	-4.6	1000001001100110	4	1
12196	-4.9	1000001001100110	4	1
12198	-4.9	1000001011100110	4	1
12200	-4.9	1000001001111110	4	1
12201	-5.2	1000001011111111	4	1
12202	-4.6	0001100110011000	5	2
12203	-4.3	0001100110000101	4	2
12204	-4.3	0001100110000101	4	2
12210	-4.6	0001100110000001	4	2
12211	-4.3	0001100110100101	4	2
12212	-4.6	0001100110000001	4	2
12213	-4.6	0001100110100001	4	2
12216	-4.9	1000011000100001	4	1
12217	-4.9	1000011001000001	4	1
12218	-4.9	1000011001100001	4	1
12219	-4.3	0001100110000011	4	2
12220	-4.3	0001100110000011	4	2
12227	-4.3	0001100110100011	4	2
12233	-4.3	0001100110000111	4	2
12242	-4.6	0001100110000101	4	2
12243	-4.6	0001100110000011	4	2
12254	-4.9	1000011000100011	4	1
12262	-4.9	1000011000100100	4	1
12265	-4.9	1000011000100101	4	1
12279	-4.9	1000011001000101	4	1
12280	-4.9	1000011001000011	4	1
12281	-4.9	1000011001000010	4	1
12285	-4.6	0001100110100011	4	2
12287	-4.9	1000011001100011	4	1
12291	-4.6	0001100110011001	4	2
12292	-4.6	0001100110011001	4	2
12294	-4.6	0001100110100101	4	2
12295	-4.6	0001100110100101	4	2
12296	-4.9	1000011001011010	4	1
12297	-4.6	0001100110011101	4	2
12299	-4.9	1000011001100101	4	1
12301	-4.6	0001100110100111	4	2
12306	-4.9	1000011001100110	4	1
12331	-4.3	1010000110000001	4	1
12333	-4.3	1010000110000100	4	2
12334	-4.3	1010000110000010	4	1
12335	-4.3	1010000110000110	4	1
12336	-4.3	1010000110000001	4	1
12337	-4.3	1000010110000101	4	1
12338	-4.3	1010000111000001	4	1
12370	-4.3	1010000110000101	4	1
12371	-4.3	1010000110000011	4	1
12372	-4.3	1010000110000100	4	2
12373	-4.3	1010000110000010	4	1
12374	-4.3	1010000110000110	4	1
12375	-4.6	1010000110000001	4	1
12386	-4.3	1010000111000100	4	2
12390	-4.3	1010000111000100	4	2
12405	-4.3	1010000110100100	4	2
12408	-4.3	1010000111000010	4	1
12410	-4.3	1010000110100010	4	1
12411	-4.3	1010000111000010	4	1
12418	-4.3	1010000110011100	4	2
12420	-4.3	1010000111000011	4	1
12422	-4.3	1010000111000110	4	1
12423	-4.3	1010000110100011	4	1
12424	-4.3	1010000111000011	4	1
12427	-4.3	1010000111000101	4	1
12428	-4.3	1010000111000110	4	1
12429	-4.3	1010000110011001	4	1
12430	-4.3	1010000110011001	4	1
12431	-4.3	1010000110011010	4	1
12433	-4.3	1010000110011010	4	1
12434	-4.3	1010000110100101	4	1
12435	-4.3	1010000110100101	4	1
12436	-4.3	1010000110100110	4	1
12437	-4.3	1010000111100101	4	1
12439	-4.6	1010000110100101	4	1
12440	-4.3	1010000110100111	4	1
12441	-4.3	1010000110100110	4	1
12442	-4.6	1010000110100101	4	1
12444	-4.3	1010000111100110	4	1
12445	-4.3	1010000110011110	4	1
12446	-4.6	1010000111100110	4	1
12447	-4.6	1010000110011001	4	1
12448	-4.6	1010000111100111	4	1
12449	-4.9	1010000111111111	4	1
12456	-4.3	1100000110000001	4	1
12457	-4.3	1100000110000100	4	2
12458	-4.3	1100000110000010	4	1
12459	-4.3	1100000110000110	4	1
12468	-4.3	1010000110000100	4	2
12469	-4.3	1010000110000010	4	1
12470	-4.3	1010000110000110	4	1
12475	-4.3	1010000110011100	4	2
12476	-4.3	1010000111000110	4	1
12477	-4.3	1100000110011001	4	1
12478	-4.3	1100000110011010	4	1
12479	-4.3	1100000110100101	4	1
12480	-4.3	1100000110100110	4	1
12487	-4.3	1010000110000001	4	1
12489	-4.3	1010000110000001	4	1
12490	-4.3	1010000110100001	4	1
12491	-4.3	1010000111000001	4	1
12495	-4.3	1010000111011000	4	2
12509	-4.3	1010000110111000	4	2
12519	-4.3	1010000110000101	4	1
12520	-4.3	1010000110000011	4	1
12521	-4.3	1010000110000100	4	2
12522	-4.3	1010000110000010	4	1
12523	-4.3	1010000110000110	4	1
12524	-4.6	1010000110000001	4	1
12534	-4.3	1010000111000100	4	2
12545	-4.3	1010000110100100	4	2
12548	-4.3	1010000110100010	4	1
12549	-4.3	1010000111000010	4	1
12559	-4.3	1010000110011100	4	2
12562	-4.3	1010000110100011	4	1
12563	-4.3	1010000111000011	4	1
12564	-4.3	1010000111011100	4	2
12566	-4.3	1010000111000101	4	1
12567	-4.3	1010000111000110	4	1
12568	-4.3	1010000110011001	4	1
12569	-4.3	1010000110011001	4	1
12570	-4.3	1010000110011010	4	1
12571	-4.3	1010000110100101	4	1
12572	-4.3	1010000110100101	4	1
12573	-4.3	1010000111100101	4	1
12574	-4.3	1010000110011101	4	1
12576	-4.3	1010000111011010	4	1
12577	-4.3	1010000110111010	4	1
12578	-4.3	1010000110100111	4	1
12579	-4.3	1010000110100110	4	1
12580	-4.6	1010000110100101	4	1
12582	-4.3	1010000101100110	4	1
12583	-4.3	1010000111100110	4	1
12584	-4.3	1010000110011110	4	1
12585	-4.6	1010000111100110	4	1
12586	-4.6	1010000110011001	4	1
12587	-4.6	1010000111100111	4	1
12588	-4.9	1010000111111111	4	1
12589	-4	0010000110000100	5	2
12592	-4.3	0010000110000001	5	1
12593	-4.3	0010000110000011	5	2
12618	-4.3	0010000111000001	5	1
12620	-4.3	0010000110100001	5	1
12621	-4.3	0010000111000001	5	1
12629	-4	0010000110000100	5	2
12632	-4.3	0010000110000101	5	2
12633	-4.3	0010000110000011	5	2
12642	-4.6	0010000110000001	5	1
12686	-4.3	0010000111000101	5	2
12688	-4.3	0010000110100101	5	2
12693	-4.3	0010000110100011	5	2
12709	-4.6	0010000110100101	5	2
12714	-4.6	0010000110011001	5	2
12715	-4.6	0010000111100111	5	2
12716	-4.9	0010000111111111	5	2
12717	-4	0100000110000010	5	1
12719	-4.3	0100000110000001	5	1
12720	-4.3	0100000110000011	5	1
12745	-4.3	0100000111000001	5	1
12747	-4.3	0100000110100001	5	1
12748	-4.3	0100000111000001	5	1
12757	-4	0100000110000010	5	1
12759	-4.3	0100000110000101	5	1
12760	-4.3	0100000110000011	5	1
12769	-4.6	0100000110000001	5	1
12813	-4.3	0100000111000101	5	1
12815	-4.3	0100000110100101	5	1
12820	-4.3	0100000110100011	5	1
12836	-4.6	0100000110100101	5	1
12841	-4.6	0100000110011001	5	1
12842	-4.6	0100000111100111	5	1
12843	-4.9	0100000111111111	5	1
12844	-4.3	0110000110000001	5	1
12845	-4.3	0110000110000011	5	1
12859	-4.3	0110000111000001	5	1
12889	-4.3	1010001001100110	4	1
12893	-4.6	1000000110000001	4	1
12897	-4.3	1000000110000011	4	1
12901	-4.6	1000000110000001	4	1
12905	-4.6	1000000110000100	4	1
12906	-4.6	1000000110000010	4	1
12907	-4.6	1000000110000110	4	1
12910	-4.3	1000000110100010	5	1
12912	-4.6	1000000110011100	4	1
12913	-4.6	1000000111000110	4	1
12914	-4.6	1000000110011001	4	1
12916	-4.6	1000000110100101	4	1
12918	-4.3	1000010110000011	4	1
12922	-4.6	1000010110000001	4	1
12926	-4.6	1000010110000100	4	1
12927	-4.6	1000010110000010	4	1
12928	-4.6	1000010110000110	4	1
12931	-4.6	1000010110011100	4	1
12932	-4.6	1000010111000110	4	1
12936	-4.6	1100000110000001	4	1
12940	-4.3	1100000110100010	5	1
12942	-4.6	1100000110011001	4	1
12944	-4.6	1100000110100101	4	1
12946	-3.2	0101100000011010	4	2
12949	-4.3	1010001110000001	4	1
12951	-4.3	1010001110000001	4	1
12952	-4.3	1010001110100001	4	1
12953	-4.3	1010001111000001	4	1
12981	-4.3	1010001110000101	4	1
12982	-4.3	1010001110000011	4	1
12983	-4.3	1010001110000100	4	2
12984	-4.3	1010001110000010	4	1
12985	-4.3	1010001110000110	4	1
12986	-4.6	1010001110000001	4	1
12996	-4.3	1010001111000100	4	2
13007	-4.3	1010001110100100	4	2
13010	-4.3	1010001110100010	4	1
13011	-4.3	1010001111000010	4	1
13024	-4.3	1010001110100011	4	1
13025	-4.3	1010001111000011	4	1
13028	-4.3	1010001111000101	4	1
13029	-4.3	1010001111000110	4	1
13033	-4.3	1010001110100101	4	1
13034	-4.3	1010001110100101	4	1
13035	-4.3	1010001111100101	4	1
13040	-4.3	1010001110100111	4	1
13041	-4.3	1010001110100110	4	1
13042	-4.6	1010001110100101	4	1
13044	-4.3	1010001101100110	4	1
13045	-4.3	1010001111100110	4	1
13047	-4.6	1010001111100110	4	1
13049	-4.6	1010001111100111	4	1
13326	-4.3	0101100000111001	5	2
13336	-4.6	1000000110000001	4	1
13337	-4.3	1000000110100101	4	1
13338	-4.6	1000000110000100	4	1
13339	-4.6	1000000110000010	4	1
13340	-4.6	1000000110000110	4	1
13341	-4.6	1000000110000001	4	1
13347	-4.6	1000000110000101	4	1
13353	-4.3	1000000110000011	4	1
13354	-4.3	1000000111000011	4	1
13355	-4.3	1000000111000011	4	1
13356	-4.6	1000000111000001	4	1
13357	-4.3	1000000110100011	4	1
13358	-4.6	1000000110100001	4	1
13359	-4.6	1000000111000001	4	1
13366	-4.3	1000000110000111	4	1
13370	-4.6	1000000110000101	4	1
13371	-4.6	1000000110000011	4	1
13377	-4.6	1000000110000100	4	1
13378	-4.6	1000000110000010	4	1
13379	-4.6	1000000110000110	4	1
13391	-4.6	1000000111000100	4	1
13395	-4.6	1000000111000100	4	1
13410	-4.6	1000000110100100	4	1
13413	-4.6	1000000111000010	4	1
13415	-4.6	1000000110100010	4	1
13416	-4.6	1000000111000010	4	1
13422	-4.6	1000000110100011	4	1
13423	-4.6	1000000110011100	4	1
13424	-4.6	1000000111000101	4	1
13426	-4.6	1000000110100101	4	1
13427	-4.6	1000000111000110	4	1
13431	-4.6	1000000110100011	4	1
13433	-4.6	1000000111000110	4	1
13436	-4.6	1000000110011010	4	1
13437	-4.6	1000000110100101	4	1
13438	-4.6	1000000110011010	4	1
13441	-4.6	1000000110100110	4	1
13446	-4.6	1000000110100110	4	1
13449	-4.6	1000000111100110	4	1
13450	-4.6	1000000110011110	4	1
13451	-4.9	1000000111100110	4	1
13463	-4.3	1010010110000100	4	2
13464	-4.3	1010010110000010	4	1
13465	-4.3	1010010110000110	4	1
13468	-4.3	1010010110011100	4	2
13469	-4.3	1010010111000110	4	1
13470	-4.6	0101100000011010	5	2
13471	-4.3	1010010110000001	4	1
13473	-4.3	1010010111000001	4	1
13477	-4.3	1010010111011000	4	2
13489	-4.9	0101100000100001	5	1
13490	-4.9	0101100001000001	5	1
13491	-4.9	0101100001100001	5	1
13501	-4.3	1010010110000101	4	1
13502	-4.3	1010010110000011	4	1
13503	-4.3	1010010110000100	4	2
13504	-4.3	1010010110000010	4	1
13505	-4.3	1010010110000110	4	1
13506	-4.6	1010010110000001	4	1
13516	-4.3	1010010111000100	4	2
13525	-4.9	0101100000100101	5	2
13531	-4.3	1010010111000010	4	1
13535	-4.9	0101100001000101	5	2
13536	-4.9	0101100001000011	5	1
13541	-4.3	1010010110011100	4	2
13545	-4.3	1010010111000011	4	1
13546	-4.3	1010010111011100	4	2
13548	-4.3	1010010111000101	4	1
13549	-4.3	1010010111000110	4	1
13550	-4.3	1010010110011001	4	1
13551	-4.3	1010010110011001	4	1
13552	-4.3	1010010110011010	4	1
13556	-4.3	1010010110011101	4	1
13558	-4.3	1010010111011010	4	1
13559	-4.9	0101100001100101	5	2
13566	-4.3	1010010110011110	4	1
13568	-4.6	1010010110011001	4	1
13570	-5.2	0101100011111111	5	2
13574	-4.6	0010000110000101	4	2
13580	-4.3	0010000111000011	4	2
13602	-4.6	1000010000111001	4	1
13603	-4.6	0010000110100011	4	2
13604	-4.6	0010000111000011	4	2
13606	-4.6	0010000110011001	4	2
13607	-4.6	0010000110100101	4	2
13608	-4.6	0010000110100101	4	2
13610	-4.9	0010000110100101	4	2
13611	-4.6	1000010001100110	4	1
13615	-4.6	0100000110000101	4	1
13621	-4.3	0100000111000011	4	1
13643	-4.6	1000001000111001	4	1
13644	-4.6	0100000110100011	4	1
13645	-4.6	0100000111000011	4	1
13647	-4.6	0100000110011001	4	1
13648	-4.6	0100000110100101	4	1
13649	-4.6	0100000110100101	4	1
13651	-4.9	0100000110100101	4	1
13652	-4.6	1000001001100110	4	1
13656	-4.6	0110000110000101	4	1
13662	-4.3	0110000111000011	4	1
13684	-4.6	0110000110100011	4	1
13685	-4.6	0110000111000011	4	1
13687	-4.6	0110000110011001	4	2
13688	-4.6	0110000110100101	4	1
13689	-4.6	0110000110100101	4	1
13691	-4.9	0110000110100101	4	1
13692	-4.6	1000000110000001	4	1
13698	-4.6	1000000111011000	4	1
13699	-4.3	1000000110000011	4	1
13700	-4.3	1000000110000011	4	1
13703	-4.6	1000000110000001	4	1
13704	-4.3	1000000111000011	4	1
13707	-4.3	1000000110100011	4	1
13708	-4.6	1000000110100001	4	1
13709	-4.6	1000000111000001	4	1
13712	-4.6	1000000110111000	4	1
13713	-4.3	1000000110000111	4	1
13717	-4.6	1000000110000101	4	1
13718	-4.6	1000000110000011	4	1
13724	-4.6	1000000110000100	4	1
13725	-4.6	1000000110000010	4	1
13726	-4.6	1000000110000110	4	1
13737	-4.6	1000000111000100	4	1
13748	-4.6	1000000110100100	4	1
13751	-4.6	1000000110100010	4	1
13752	-4.6	1000000111000010	4	1
13762	-4.6	1000000110011100	4	1
13763	-4.6	1000000111000101	4	1
13764	-4.6	1000000110100101	4	1
13767	-4.6	1000000111011100	4	1
13768	-4.6	1000000110100011	4	1
13770	-4.6	1000000111000110	4	1
13773	-4.6	1000000110011010	4	1
13779	-4.6	1000000111011010	4	1
13780	-4.6	1000000110111010	4	1
13782	-4.6	1000000110100110	4	1
13785	-4.6	1000000101100110	4	1
13786	-4.6	1000000111100110	4	1
13787	-4.6	1000000110011110	4	1
13788	-4.9	1000000111100110	4	1
13797	-4.6	1000010111011000	4	1
13798	-4.3	1000010110000011	4	1
13799	-4.3	1000010110000011	4	1
13802	-4.6	1000010110000001	4	1
13803	-4.3	1000010111000011	4	1
13808	-4.6	1000010111000001	4	1
13809	-4.9	0001101000100001	5	2
13810	-4.9	0001101001000001	5	2
13811	-4.9	0001101001100001	5	2
13812	-4.3	1000010110000111	4	1
13816	-4.6	1000010110000101	4	1
13817	-4.6	1000010110000011	4	1
13823	-4.6	1000010110000100	4	1
13824	-4.6	1000010110000010	4	1
13825	-4.6	1000010110000110	4	1
13836	-4.6	1000010111000100	4	1
13845	-4.9	0001101000100101	5	2
13851	-4.6	1000010111000010	4	1
13855	-4.9	0001101001000101	5	2
13856	-4.9	0001101001000011	5	2
13861	-4.6	1000010110011100	4	1
13862	-4.6	1000010111000101	4	1
13866	-4.6	1000010111011100	4	1
13869	-4.6	1000010111000110	4	1
13872	-4.6	1000010110011010	4	1
13878	-4.6	1000010111011010	4	1
13879	-4.9	0001101001100101	5	2
13886	-4.6	1000010110011110	4	1
13891	-4.6	1000001111000001	4	1
13896	-4.3	1000001110000011	4	1
13897	-4.3	1000001110000011	4	1
13900	-4.6	1000001110000001	4	1
13901	-4.3	1000001111000011	4	1
13904	-4.3	1000001110100011	4	1
13905	-4.6	1000001110100001	4	1
13906	-4.6	1000001111000001	4	1
13910	-4.3	1000001110000111	4	1
13914	-4.6	1000001110000101	4	1
13915	-4.6	1000001110000011	4	1
13921	-4.6	1000001110000100	4	1
13922	-4.6	1000001110000010	4	1
13923	-4.6	1000001110000110	4	1
13934	-4.6	1000001111000100	4	1
13945	-4.6	1000001110100100	4	1
13948	-4.6	1000001110100010	4	1
13949	-4.6	1000001111000010	4	1
13960	-4.6	1000001111000101	4	1
13961	-4.6	1000001110100101	4	1
13965	-4.6	1000001110100011	4	1
13967	-4.6	1000001111000110	4	1
13979	-4.6	1000001110100110	4	1
13982	-4.6	1000001101100110	4	1
13983	-4.6	1000001111100110	4	1
13985	-4.9	1000001111100110	4	1
14276	-3.2	1010000110000101	4	1
14282	-4.9	1010000110000100	4	2
14283	-4.9	1010000110000010	4	1
14284	-4.9	1010000110000110	4	1
14307	-4.9	1010000111000100	4	2
14315	-4.9	1010000110100100	4	2
14321	-4.9	1010000110100010	4	1
14322	-4.9	1010000111000010	4	1
14323	-4.9	1010000111100010	4	1
14326	-4.9	1010000111000110	4	1
14329	-4.6	1010000110100101	4	1
14330	-4.6	1010000110100110	4	1
14333	-4.9	1010000110100101	4	1
14334	-4.9	1010000110100110	4	1
14337	-4.6	1010000101100110	4	1
14338	-4.9	1010000111100110	4	1
14339	-4.9	1010000111100110	4	1
14340	-5.2	1010000111111111	4	1
14341	-4.6	0010000110000100	5	2
14404	-5.2	0010000111111111	5	2
14405	-4.6	0100000110000010	5	1
14467	-5.2	0100000111111111	5	1
14468	-4.6	0110000110000110	5	2
14526	-4.6	1101100001100110	4	2
14529	-5.2	0110000111111111	5	2
14530	-3.2	0010000110000100	4	2
14591	-3.2	0110000110000110	4	2
14654	-4.3	0001101110100001	5	2
14666	-4.3	0001101110000101	5	2
14667	-4.3	0001101110000011	5	2
14676	-4.6	0001101110000001	5	2
14681	-4.9	1000010000100011	4	1
14688	-5.2	1000010000100100	4	1
14689	-4.9	1000010000100101	4	1
14700	-4.9	1000010001000101	4	1
14701	-4.9	1000010001000011	4	1
14704	-5.2	1000010001000010	4	1
14705	-4.9	0010000110100011	4	2
14706	-4.9	1000010001100011	4	1
14708	-4.3	0001101110100101	5	2
14712	-4.3	0001101110100011	5	2
14715	-4.9	1000010001011001	4	1
14716	-4.9	0010000110100101	4	2
14717	-4.9	1000010001100101	4	1
14719	-5.2	1000010001011010	4	1
14721	-5.2	0010000110100101	4	2
14724	-4.6	0001101110100101	5	2
14725	-4.9	1000010001100110	4	1
14726	-5.2	1000010001100110	4	1
14727	-4.9	1000010001100111	4	1
14728	-4.9	1000010001111001	4	1
14729	-5.2	1000010001111110	4	1
14760	-4.9	1000001000100011	4	1
14767	-5.2	1000001000100100	4	1
14768	-4.9	1000001000100101	4	1
14779	-4.9	1000001001000101	4	1
14780	-4.9	1000001001000011	4	1
14783	-5.2	1000001001000010	4	1
14784	-4.9	0100000110100011	4	1
14785	-4.9	1000001001100011	4	1
14794	-4.9	1000001001011001	4	1
14795	-4.9	0100000110100101	4	1
14796	-4.9	1000001001100101	4	1
14798	-5.2	1000001001011010	4	1
14800	-5.2	0100000110100101	4	1
14804	-4.9	1000001001100110	4	1
14805	-5.2	1000001001100110	4	1
14806	-4.9	1000001001100111	4	1
14807	-4.9	1000001001111001	4	1
14808	-5.2	1000001001111110	4	1
14809	-4.3	0001101110000011	4	2
14811	-4.3	0001101110100011	4	2
14820	-4.3	0001101110000111	4	2
14829	-4.6	0001101110000101	4	2
14830	-4.6	0001101110000011	4	2
14839	-4.9	1000011000100011	4	1
14846	-5.2	1000011000100100	4	1
14847	-4.9	1000011000100101	4	1
14858	-4.9	1000011001000101	4	1
14859	-4.9	1000011001000011	4	1
14862	-5.2	1000011001000010	4	1
14863	-4.9	0110000110100011	4	1
14864	-4.9	1000011001100011	4	1
14867	-4.6	0001101110100011	4	2
14873	-4.9	1000011001011001	4	1
14874	-4.9	0110000110100101	4	1
14875	-4.9	1000011001100101	4	1
14876	-4.6	0001101110100101	4	2
14877	-5.2	1000011001011010	4	1
14879	-5.2	0110000110100101	4	1
14880	-4.6	0001101110100111	4	2
14883	-4.9	1000011001100110	4	1
14884	-5.2	1000011001100110	4	1
14885	-4.9	1000011001100111	4	1
14887	-5.2	1000011001111110	4	1
14898	-4.3	1100000110000101	4	1
14900	-4.3	1100000110000100	4	2
14901	-4.3	1100000110000010	4	1
14902	-4.3	1100000110000110	4	1
14920	-4.3	1100000110000101	4	1
14921	-4.3	1100000110000011	4	1
14922	-4.3	1100000110000100	4	2
14923	-4.3	1100000110000010	4	1
14924	-4.3	1100000110000110	4	1
14925	-4.6	1100000110000001	4	1
14941	-4.3	1100000111000100	4	2
14951	-4.3	1100000110100100	4	2
14955	-4.3	1100000110100100	4	2
14956	-4.3	1100000110100010	4	1
14960	-4.3	1100000110100010	4	1
14961	-4.3	1100000111000010	4	1
14967	-4.3	1100000110011100	4	1
14969	-4.3	1100000110011100	4	1
14971	-4.3	1100000110100101	4	1
14974	-4.3	1100000110100110	4	1
14975	-4.3	1100000110100011	4	1
14976	-4.3	1100000111000011	4	1
14979	-4.3	1100000111000110	4	1
14980	-4.3	1100000111000101	4	1
14981	-4.3	1100000111000110	4	1
14982	-4.3	1100000110011001	4	1
14984	-4.3	1100000110011010	4	1
14985	-4.3	1100000110100101	4	1
14986	-4.3	1100000111100101	4	1
14989	-4.3	1100000110100111	4	1
14990	-4.3	1100000110100110	4	1
14991	-4.6	1100000110100101	4	1
14993	-4.3	1100000111100110	4	1
14994	-4.3	1100000110011110	4	1
14995	-4.6	1100000111100110	4	1
14996	-4.6	1100000110011001	4	1
14997	-4.6	1100000111100111	4	1
14998	-4.9	1100000111111111	4	1
15011	-4.3	1100000110111000	4	2
15021	-4.3	1100000110000101	4	1
15022	-4.3	1100000110000011	4	1
15023	-4.3	1100000110000100	4	2
15024	-4.3	1100000110000010	4	1
15025	-4.3	1100000110000110	4	1
15026	-4.6	1100000110000001	4	1
15036	-4.3	1100000111000100	4	2
15047	-4.3	1100000110100100	4	2
15050	-4.3	1100000110100010	4	1
15051	-4.3	1100000111000010	4	1
15061	-4.3	1100000110011100	4	1
15064	-4.3	1100000110100011	4	1
15065	-4.3	1100000111000011	4	1
15066	-4.3	1100000111011100	4	1
15068	-4.3	1100000111000101	4	1
15069	-4.3	1100000111000110	4	1
15070	-4.3	1100000110011001	4	1
15071	-4.3	1100000110011001	4	1
15072	-4.3	1100000110011010	4	1
15073	-4.3	1100000110100101	4	1
15074	-4.3	1100000110100101	4	1
15075	-4.3	1100000111100101	4	1
15076	-4.3	1100000110011101	4	1
15078	-4.3	1100000111011010	4	1
15079	-4.3	1100000110111010	4	1
15080	-4.3	1100000110100111	4	1
15081	-4.3	1100000110100110	4	1
15082	-4.6	1100000110100101	4	1
15084	-4.3	1100000101100110	4	1
15085	-4.3	1100000111100110	4	1
15086	-4.3	1100000110011110	4	1
15087	-4.6	1100000111100110	4	1
15088	-4.6	1100000110011001	4	1
15089	-4.6	1100000111100111	4	1
15090	-4.9	1100000111111111	4	1
15091	-4	0010000110000100	5	2
15094	-4.3	0010000110000001	5	1
15104	-4.3	0010000110100001	5	1
15105	-4.3	0010000111000001	5	1
15113	-4	0010000110000100	5	2
15116	-4.3	0010000110000101	5	2
15117	-4.3	0010000110000011	5	2
15126	-4.6	0010000110000001	5	1
15171	-4.3	0010000111000101	5	2
15173	-4.3	0010000110100101	5	2
15174	-4.3	0010000110100101	5	2
15179	-4.3	0010000110100011	5	2
15192	-4.6	0010000110100101	5	2
15197	-4.6	0010000110011001	5	2
15198	-4.6	0010000111100111	5	2
15199	-4.9	0010000111111111	5	2
15200	-4	0100000110000010	5	1
15202	-4.3	0100000110000001	5	1
15212	-4.3	0100000110100001	5	1
15213	-4.3	0100000111000001	5	1
15222	-4	0100000110000010	5	1
15224	-4.3	0100000110000101	5	1
15225	-4.3	0100000110000011	5	1
15234	-4.6	0100000110000001	5	1
15279	-4.3	0100000111000101	5	1
15281	-4.3	0100000110100101	5	1
15282	-4.3	0100000110100101	5	1
15287	-4.3	0100000110100011	5	1
15300	-4.6	0100000110100101	5	1
15305	-4.6	0100000110011001	5	1
15306	-4.6	0100000111100111	5	1
15307	-4.9	0100000111111111	5	1
15308	-4.3	0110000110000001	5	1
15334	-4.3	0110000110100101	5	1
15340	-4.3	1100001001100110	4	1
15341	-4.3	1000000110000001	5	1
15346	-4.6	1000000110000101	4	1
15354	-4.6	1000000110000100	5	1
15355	-4.6	1000000110000010	5	1
15356	-4.6	1000000110000110	5	1
15360	-4.3	1000000110000100	5	1
15361	-4.3	1000000110000010	5	1
15362	-4.3	1000000110000110	5	1
15368	-4.6	1000000110000101	4	1
15369	-4.6	1000000110000011	4	1
15373	-4.9	1000000110000001	4	1
15376	-4.3	1000000111000100	5	1
15377	-4.3	1000000110100100	5	1
15378	-4.3	1000000110100100	5	1
15382	-4.3	1000000110011100	5	1
15387	-4.6	1000000111000100	5	1
15390	-4.3	1000000110100010	5	1
15391	-4.3	1000000111000010	5	1
15392	-4.3	1000000111000010	5	1
15393	-4.3	1000000110100010	5	1
15394	-4.3	1000000111100010	5	1
15395	-4.3	1000000110011010	5	1
15396	-4.3	1000000110011010	5	1
15397	-4.6	1000000110100010	5	1
15398	-4.6	1000000111000010	5	1
15400	-4.6	1000000110100100	5	1
15405	-4.3	1000000111000110	5	1
15406	-4.3	1000000110100110	5	1
15407	-4.3	1000000110100110	5	1
15416	-4.6	1000000110011100	5	1
15419	-4.6	1000000110100101	4	1
15423	-4.6	1000000110100011	4	1
15424	-4.6	1000000111000011	4	1
15428	-4.6	1000000111000101	4	1
15430	-4.6	1000000110011001	4	1
15431	-4.6	1000000110011010	5	1
15433	-4.6	1000000110100101	4	1
15434	-4.6	1000000111100101	4	1
15435	-4.6	1000000110100110	5	1
15436	-4.6	1000000111011010	5	1
15437	-4.6	1000000110100111	4	1
15439	-4.9	1000000110100101	4	1
15440	-4.6	1000000110100110	5	1
15444	-4.9	1000000110011001	4	1
15445	-4.9	1000000111100111	4	1
15446	-5.2	1000000111111111	4	1
15451	-4.3	1100001110100101	4	1
15452	-4.3	1100001110100110	4	1
15453	-3.2	0011100000011100	4	2
15471	-4.3	1100001110000101	4	1
15472	-4.3	1100001110000011	4	1
15473	-4.3	1100001110000100	4	2
15474	-4.3	1100001110000010	4	1
15475	-4.3	1100001110000110	4	1
15476	-4.6	1100001110000001	4	1
15486	-4.3	1100001111000100	4	2
15497	-4.3	1100001110100100	4	2
15500	-4.3	1100001110100010	4	1
15501	-4.3	1100001111000010	4	1
15514	-4.3	1100001110100011	4	1
15515	-4.3	1100001111000011	4	1
15518	-4.3	1100001111000101	4	1
15519	-4.3	1100001111000110	4	1
15523	-4.3	1100001110100101	4	1
15524	-4.3	1100001110100101	4	1
15525	-4.3	1100001111100101	4	1
15530	-4.3	1100001110100111	4	1
15531	-4.3	1100001110100110	4	1
15532	-4.6	1100001110100101	4	1
15534	-4.3	1100001101100110	4	1
15535	-4.3	1100001111100110	4	1
15537	-4.6	1100001111100110	4	1
15539	-4.6	1100001111100111	4	1
15773	-4.3	1100010001011001	4	1
15778	-4.6	1010000110000100	4	2
15779	-4.6	1010000110000010	4	1
15780	-4.6	1010000110000110	4	1
15783	-4.6	1010000110011100	4	2
15784	-4.6	1010000111000110	4	1
15785	-4.3	1000001110100010	5	1
15789	-4.6	1000001110100101	4	1
15791	-4.6	0011100000011100	5	2
15794	-4.9	0011100000100001	5	1
15795	-4.9	0011100001000001	5	1
15796	-4.9	0011100001100001	5	1
15806	-4.3	1100010110000101	4	1
15807	-4.3	1100010110000011	4	1
15808	-4.3	1100010110000100	4	2
15809	-4.3	1100010110000010	4	1
15810	-4.3	1100010110000110	4	1
15811	-4.6	1100010110000001	4	1
15821	-4.3	1100010111000100	4	2
15830	-4.9	0011100000100101	5	2
15836	-4.3	1100010111000010	4	1
15840	-4.9	0011100001000101	5	2
15841	-4.9	0011100001000011	5	2
15846	-4.3	1100010110011100	4	1
15850	-4.3	1100010111000011	4	1
15851	-4.3	1100010111011100	4	1
15853	-4.3	1100010111000101	4	1
15854	-4.3	1100010111000110	4	1
15855	-4.3	1100010110011001	4	1
15856	-4.3	1100010110011001	4	1
15857	-4.3	1100010110011010	4	1
15861	-4.3	1100010110011101	4	1
15863	-4.3	1100010111011010	4	1
15864	-4.9	0011100001100101	5	2
15871	-4.3	1100010110011110	4	1
15873	-4.6	1100010110011001	4	1
15875	-5.2	0011100011111111	5	2
15876	-4.6	0010000110000011	4	2
15897	-4.6	0010000110100101	4	2
15900	-4.6	1000010001011001	4	1
15905	-4.6	0100000110000011	4	1
15926	-4.6	0100000110100101	4	1
15929	-4.6	1000001001011001	4	1
15934	-4.6	0110000110000011	4	1
15955	-4.6	0110000110100101	4	1
15961	-4.6	0001110000111000	5	2
15963	-4.9	0001110000100001	5	2
15964	-4.9	0001110001000001	5	2
15965	-4.9	0001110001100001	5	2
15967	-4.3	1000010110000100	5	1
15968	-4.3	1000010110000010	5	1
15969	-4.3	1000010110000110	5	1
15975	-4.6	1000010110000101	4	1
15976	-4.6	1000010110000011	4	1
15980	-4.9	1000010110000001	4	1
15982	-4.3	1000010111000100	5	1
15986	-4.3	1000010110011100	5	1
15987	-4.3	1000010111011100	5	1
15991	-4.3	1000010111000010	5	1
15992	-4.3	1000010111000010	5	1
15996	-4.3	1000010110011010	5	1
15998	-4.3	1000010111011010	5	1
15999	-4.9	0001110000100101	5	2
16002	-4.3	1000010111000110	5	1
16009	-4.9	0001110001000101	5	2
16010	-4.9	0001110001000011	5	2
16019	-4.6	1000010111000011	4	1
16022	-4.6	1000010111000101	4	1
16024	-4.6	1000010110011001	4	1
16025	-4.6	1000010110011001	4	1
16030	-4.6	1000010110011101	4	1
16033	-4.9	0001110001100101	5	2
16036	-4.9	1000010110100101	4	1
16042	-4.9	1000010110011001	4	1
16045	-4.3	1000001111000001	5	1
16050	-4.3	1000001110000100	5	1
16051	-4.3	1000001110000010	5	1
16052	-4.3	1000001110000110	5	1
16058	-4.6	1000001110000101	4	1
16059	-4.6	1000001110000011	4	1
16063	-4.9	1000001110000001	4	1
16065	-4.3	1000001111000100	5	1
16066	-4.3	1000001110100100	5	1
16074	-4.3	1000001111000010	5	1
16075	-4.3	1000001111000010	5	1
16076	-4.3	1000001110100010	5	1
16077	-4.3	1000001110100010	5	1
16078	-4.3	1000001111100010	5	1
16085	-4.3	1000001111000110	5	1
16086	-4.3	1000001110100110	5	1
16101	-4.6	1000001110100011	4	1
16102	-4.6	1000001111000011	4	1
16105	-4.6	1000001111000101	4	1
16110	-4.6	1000001110100101	4	1
16111	-4.6	1000001110100101	4	1
16112	-4.6	1000001111100101	4	1
16114	-4.6	1000001110100110	5	1
16117	-4.6	1000001110100111	4	1
16119	-4.9	1000001110100101	4	1
16120	-4.6	1000001110100110	5	1
16125	-4.9	1000001110011001	4	1
16126	-4.9	1000001111100111	4	1
16128	-3.2	1100000110000011	4	1
16134	-4.9	1100000110000100	4	2
16135	-4.9	1100000110000010	4	1
16136	-4.9	1100000110000110	4	1
16150	-4.9	1100000110100100	4	2
16151	-4.9	1100000110100010	4	1
16152	-4.9	1100000111000010	4	1
16155	-4.9	1100000111100100	4	2
16159	-4.6	1100000111000110	4	1
16167	-4.9	1100000110100110	4	1
16169	-4.6	1100000101100110	4	1
16170	-4.9	1100000111100110	4	1
16171	-4.9	1100000111100110	4	1
16172	-5.2	1100000111111111	4	1
16173	-4.6	0010000110000100	5	2
16216	-5.2	0010000111111111	5	2
16217	-4.6	0100000110000010	5	1
16259	-5.2	0100000111111111	5	1
16260	-4.6	0110000110000110	5	2
16298	-4.6	1011100001100110	4	2
16301	-5.2	0110000111111111	5	2
16302	-3.2	0010000110000100	4	2
16343	-3.2	0110000110000110	4	2
16387	-4.3	0001110110000101	5	2
16388	-4.3	0001110110000011	5	2
16397	-4.6	0001110110000001	5	2
16399	-4.9	1000010000100010	5	1
16400	-4.9	1000010001000100	5	1
16408	-4.9	1000010000100100	5	1
16415	-4.9	1000010001000010	5	1
16416	-4.9	1000010001100010	5	1
16418	-4.9	1000010000100110	5	1
16419	-4.9	1000010001100100	5	1
16423	-4.9	1000010001000110	5	1
16429	-4.9	1000010000111010	5	1
16430	-4.9	1000010001011100	5	1
16433	-4.9	1000010000111100	5	1
16439	-4.9	1000010001011010	5	1
16443	-4.9	1000010001011110	5	1
16444	-4.9	1000010001100110	5	1
16445	-4.9	1000010001111010	5	1
16449	-4.6	0001110110011001	5	2
16467	-4.9	1000001000100010	5	1
16468	-4.9	1000001001000100	5	1
16476	-4.9	1000001000100100	5	1
16483	-4.9	1000001001000010	5	1
16484	-4.9	1000001001100010	5	1
16486	-4.9	1000001000100110	5	1
16487	-4.9	1000001001100100	5	1
16491	-4.9	1000001001000110	5	1
16497	-4.9	1000001000111010	5	1
16498	-4.9	1000001001011100	5	1
16501	-4.9	1000001000111100	5	1
16507	-4.9	1000001001011010	5	1
16511	-4.9	1000001001011110	5	1
16512	-4.9	1000001001100110	5	1
16513	-4.9	1000001001111010	5	1
16519	-4.3	0001110110000111	4	2
16528	-4.6	0001110110000101	4	2
16529	-4.6	0001110110000011	4	2
16535	-4.9	1000011000100010	5	1
16536	-4.9	1000011001000100	5	1
16544	-4.9	1000011000100100	5	1
16551	-4.9	1000011001000010	5	1
16552	-4.9	1000011001100010	5	1
16554	-4.9	1000011000100110	5	1
16555	-4.9	1000011001100100	5	1
16559	-4.9	1000011001000110	5	1
16565	-4.9	1000011000111010	5	1
16566	-4.9	1000011001011100	5	1
16569	-4.9	1000011000111100	5	1
16572	-4.6	0001110110011001	4	2
16575	-4.9	1000011001011010	5	1
16579	-4.9	1000011001011110	5	1
16580	-4.9	1000011001100110	5	1
16596	-4.3	1110000110000101	4	1
16597	-4.3	1110000110000011	4	1
16598	-4.3	1110000110000100	4	2
16599	-4.3	1110000110000010	4	1
16600	-4.3	1110000110000110	4	2
16601	-4.6	1110000110000001	4	1
16611	-4.3	1110000111000100	4	2
16622	-4.3	1110000110100100	4	2
16625	-4.3	1110000110100010	4	1
16626	-4.3	1110000111000010	4	1
16636	-4.3	1110000110011100	4	2
16639	-4.3	1110000110100011	4	1
16640	-4.3	1110000111000011	4	1
16641	-4.3	1110000111011100	4	2
16643	-4.3	1110000111000101	4	1
16644	-4.3	1110000111000110	4	2
16645	-4.3	1110000110011001	4	1
16646	-4.3	1110000110011001	4	1
16647	-4.3	1110000110011010	4	2
16648	-4.3	1110000110100101	4	1
16649	-4.3	1110000110100101	4	1
16650	-4.3	1110000111100101	4	1
16651	-4.3	1110000110011101	4	1
16653	-4.3	1110000111011010	4	2
16654	-4.3	1110000110111010	4	2
16655	-4.3	1110000110100111	4	1
16656	-4.3	1110000110100110	4	2
16657	-4.6	1110000110100101	4	1
16659	-4.3	1110000101100110	4	1
16660	-4.3	1110000111100110	4	1
16661	-4.3	1110000110011110	4	1
16662	-4.6	1110000111100110	4	1
16663	-4.6	1110000110011001	4	1
16664	-4.6	1110000111100111	4	1
16665	-4.9	1110000111111111	4	1
16666	-4	0010000110000100	5	2
16669	-4.3	0010000110000101	5	2
16670	-4.3	0010000110000011	5	2
16679	-4.6	0010000110000001	5	1
16715	-4.3	0010000111000101	5	2
16716	-4.3	0010000110100101	5	2
16720	-4.3	0010000110100011	5	2
16735	-4.6	0010000110100101	5	2
16741	-4.6	0010000110011001	5	2
16742	-4.6	0010000111100111	5	2
16743	-4.9	0010000111111111	5	2
16744	-4	0100000110000010	5	1
16746	-4.3	0100000110000101	5	1
16747	-4.3	0100000110000011	5	1
16756	-4.6	0100000110000001	5	1
16792	-4.3	0100000111000101	5	1
16793	-4.3	0100000110100101	5	1
16797	-4.3	0100000110100011	5	1
16812	-4.6	0100000110100101	5	1
16818	-4.6	0100000110011001	5	1
16819	-4.6	0100000111100111	5	1
16820	-4.9	0100000111111111	5	1
16821	-4	0110000110000110	5	2
16822	-4.3	0110000110000101	5	1
16823	-4.3	0110000110000011	5	1
16832	-4.6	0110000110000001	5	1
16868	-4.3	0110000111000101	5	1
16869	-4.3	0110000110100101	5	1
16873	-4.3	0110000110100011	5	1
16888	-4.6	0110000110100101	5	1
16894	-4.6	0110000110011001	5	2
16895	-4.6	0110000111100111	5	2
16896	-4.9	0110000111111111	5	2
16897	-4.3	1010000110000101	5	1
16902	-4.6	1010000110000101	4	1
16903	-4.6	1010000110000011	4	1
16907	-4.9	1010000110000001	4	1
16909	-4.3	1010000111000100	5	2
16910	-4.3	1010000110100100	5	2
16913	-4.3	1010000110011100	5	2
16914	-4.3	1010000111011100	5	2
16918	-4.3	1010000111000010	5	1
16919	-4.3	1010000111000010	5	1
16920	-4.3	1010000110100010	5	1
16921	-4.3	1010000110100010	5	1
16922	-4.3	1010000111100010	5	1
16923	-4.3	1010000110011010	5	2
16925	-4.3	1010000111011010	5	2
16926	-4.3	1010000110111010	5	1
16929	-4.3	1010000111000110	5	1
16930	-4.3	1010000110100110	5	1
16945	-4.6	1010000110100011	4	1
16946	-4.6	1010000111000011	4	1
16949	-4.6	1010000111000101	4	1
16951	-4.6	1010000110011001	4	1
16952	-4.6	1010000110011001	4	1
16954	-4.6	1010000110100101	4	1
16955	-4.6	1010000110100101	4	1
16956	-4.6	1010000111100101	4	1
16957	-4.6	1010000110011101	4	1
16958	-4.6	1010000110100110	5	1
16961	-4.6	1010000110100111	4	1
16963	-4.9	1010000110100101	4	1
16964	-4.6	1010000110100110	5	1
16969	-4.9	1010000110011001	4	1
16970	-4.9	1010000111100111	4	1
16971	-5.2	1010000111111111	4	1
16972	-4.3	1100000110000011	5	1
16976	-4.6	1100000110000101	4	1
16977	-4.6	1100000110000011	4	1
16981	-4.9	1100000110000001	4	1
16983	-4.3	1100000111000100	5	2
16984	-4.3	1100000110100100	5	2
16987	-4.3	1100000110011100	5	2
16988	-4.3	1100000111011100	5	2
16992	-4.3	1100000111000010	5	1
16993	-4.3	1100000111000010	5	1
16994	-4.3	1100000110100010	5	1
16995	-4.3	1100000110100010	5	1
16996	-4.3	1100000111100010	5	1
16997	-4.3	1100000110011010	5	1
16999	-4.3	1100000111011010	5	1
17000	-4.3	1100000110111010	5	1
17003	-4.3	1100000111000110	5	1
17004	-4.3	1100000110100110	5	1
17019	-4.6	1100000110100011	4	1
17020	-4.6	1100000111000011	4	1
17023	-4.6	1100000111000101	4	1
17025	-4.6	1100000110011001	4	1
17026	-4.6	1100000110011001	4	1
17028	-4.6	1100000110100101	4	1
17029	-4.6	1100000110100101	4	1
17030	-4.6	1100000111100101	4	1
17031	-4.6	1100000110011101	4	1
17032	-4.6	1100000110100110	5	1
17035	-4.6	1100000110100111	4	1
17037	-4.9	1100000110100101	4	1
17038	-4.6	1100000110100110	5	1
17043	-4.9	1100000110011001	4	1
17044	-4.9	1100000111100111	4	1
17045	-5.2	1100000111111111	4	1
17262	-4.6	1010000110000101	4	1
17264	-4.6	1010000110000100	4	2
17265	-4.6	1010000110000010	4	1
17266	-4.6	1010000110000110	4	1
17277	-4.6	1010000111000100	4	2
17288	-4.6	1010000110100100	4	2
17291	-4.6	1010000110100010	4	1
17292	-4.6	1010000111000010	4	1
17302	-4.6	1010000110011100	4	2
17303	-4.6	1010000111000101	4	1
17304	-4.6	1010000110100101	4	1
17307	-4.6	1010000111011100	4	2
17308	-4.6	1010000110100011	4	1
17310	-4.6	1010000111000110	4	1
17313	-4.6	1010000110011010	4	2
17319	-4.6	1010000111011010	4	1
17320	-4.6	1010000110111010	4	1
17322	-4.6	1010000110100110	4	1
17325	-4.6	1010000101100110	4	1
17326	-4.6	1010000111100110	4	1
17327	-4.6	1010000110011110	4	1
17328	-4.9	1010000111100110	4	1
17332	-4.6	1100000110000011	4	1
17333	-4.6	1100000110000100	4	2
17334	-4.6	1100000110000010	4	1
17335	-4.6	1100000110000110	4	1
17346	-4.6	1100000111000100	4	2
17357	-4.6	1100000110100100	4	2
17360	-4.6	1100000110100010	4	1
17361	-4.6	1100000111000010	4	1
17371	-4.6	1100000110011100	4	2
17372	-4.6	1100000111000101	4	1
17373	-4.6	1100000110100101	4	1
17376	-4.6	1100000111011100	4	1
17377	-4.6	1100000110100011	4	1
17379	-4.6	1100000111000110	4	1
17382	-4.6	1100000110011010	4	1
17388	-4.6	1100000111011010	4	1
17389	-4.6	1100000110111010	4	1
17391	-4.6	1100000110100110	4	1
17394	-4.6	1100000101100110	4	1
17395	-4.6	1100000111100110	4	1
17396	-4.6	1100000110011110	4	1
17397	-4.9	1100000111100110	4	1
17401	-4.6	0010000110000100	5	2
17442	-4.6	0010000110100011	4	2
17443	-4.6	0010000111000011	4	2
17446	-4.6	0010000111000101	4	2
17448	-4.6	0010000110011001	4	2
17449	-4.6	0010000110011001	4	2
17451	-4.6	0010000110100101	4	2
17452	-4.6	0010000110100101	4	2
17453	-4.6	0010000111100101	4	2
17454	-4.6	0010000110011101	4	2
17458	-4.6	0010000110100111	4	2
17469	-4.6	0100000110000010	5	1
17509	-4.6	0100000110100011	4	1
17510	-4.6	0100000111000011	4	1
17513	-4.6	0100000111000101	4	1
17515	-4.6	0100000110011001	4	1
17516	-4.6	0100000110011001	4	1
17518	-4.6	0100000110100101	4	1
17519	-4.6	0100000110100101	4	1
17520	-4.6	0100000111100101	4	1
17521	-4.6	0100000110011101	4	1
17525	-4.6	0100000110100111	4	1
17536	-4.6	0110000110000110	5	2
17575	-4.6	0110000110100011	4	1
17576	-4.6	0110000111000011	4	1
17579	-4.6	0110000111000101	4	1
17581	-4.6	0110000110011001	4	2
17582	-4.6	0110000110011001	4	2
17584	-4.6	0110000110100101	4	1
17585	-4.6	0110000110100101	4	1
17586	-4.6	0110000111100101	4	1
17587	-4.6	0110000110011101	4	2
17591	-4.6	0110000110100111	4	2
17602	-5.2	1000000110000001	4	1
17604	-4.6	1000000111000100	5	1
17605	-4.6	1000000110100100	5	1
17608	-4.6	1000000110011100	5	1
17609	-4.6	1000000111011100	5	1
17613	-4.6	1000000111000010	5	1
17614	-4.6	1000000111000010	5	1
17615	-4.6	1000000110100010	5	1
17616	-4.6	1000000110100010	5	1
17617	-4.6	1000000111100010	5	1
17618	-4.6	1000000110011010	5	1
17620	-4.6	1000000111011010	5	1
17621	-4.6	1000000110111010	5	1
17624	-4.6	1000000111000110	5	1
17625	-4.6	1000000110100110	5	1
17638	-4.9	1000000111000101	4	1
17639	-4.9	1000000110100101	4	1
17643	-4.9	1000000110100011	4	1
17653	-4.9	1000000110100110	5	1
17659	-4.9	1000000110100110	5	1
17770	-4.6	1110000101100110	4	2
17771	-4.9	1110000111100110	4	2
17772	-5.2	1110000111111111	4	1
17777	-5.2	0010000111111111	5	2
17782	-5.2	0100000111111111	5	1
17787	-5.2	0110000111111111	5	2
17788	-4.9	1110000110100110	5	2
17789	-4.9	1110000110100110	5	2
17792	-5.5	1110000111111111	4	1
17818	-5.2	1000000110100110	5	1
17819	-5.2	1000000110100110	5	1
17842	-4	0010001111000100	5	2
17876	-4.3	0010001111000101	5	2
17877	-4.3	0010001110100101	5	2
17881	-4.3	0010001110100011	5	2
17896	-4.6	0010001110100101	5	2
17903	-4.6	0010001111100111	5	2
17921	-4.6	0100010000100010	5	1
17937	-4.9	0100010000100101	5	1
17947	-4.9	0100010001000101	5	1
17948	-4.9	0100010001000011	5	1
17954	-4.3	0010010111000101	5	2
17971	-4.9	0100010001100101	5	1
17980	-4.6	0010010110011001	5	2
17982	-5.2	0100010011111111	5	1
17989	-4.6	0010001001000100	5	2
18004	-4.9	0010001000100101	5	2
18014	-4.9	0010001001000101	5	2
18015	-4.9	0010001001000011	5	2
18038	-4.9	0010001001100101	5	2
18049	-5.2	0010001011111111	5	2
18050	-3.2	0010001001000100	4	2
18118	-4	0011100110011100	5	2
18119	-4.9	1100010000100011	4	1
18127	-4.9	1100010000100100	4	2
18130	-4.9	1100010000100101	4	1
18144	-4.9	1100010001000101	4	1
18145	-4.9	1100010001000011	4	1
18146	-4.9	1100010001000010	4	1
18149	-4.3	0011100110100101	5	2
18152	-4.9	1100010001100011	4	1
18153	-4.3	0011100110100011	5	2
18161	-4.9	1100010001011010	4	1
18164	-4.9	1100010001100101	4	1
18168	-4.6	0011100110100101	5	2
18170	-4.6	1100010001100110	4	1
18171	-4.9	1100010001100110	4	1
18173	-4.9	1100010011100110	4	1
18174	-4.6	0011100110011001	5	2
18175	-4.9	1100010001111110	4	1
18176	-5.2	1100010011111111	4	1
18192	-4.6	0010001110100101	4	2
18193	-4.6	1100010001100110	4	1
18194	-4.6	0010001111000100	5	2
18234	-5.2	1100010000100100	4	2
18235	-4.9	1100010000100101	4	1
18246	-4.9	1100010001000101	4	1
18247	-4.9	1100010001000011	4	1
18250	-5.2	1100010001000010	4	1
18251	-4.9	0010001110100011	4	2
18252	-4.9	1100010001100011	4	1
18254	-4.3	0011101110100101	5	2
18258	-4.3	0011101110100011	5	2
18261	-4.9	1100010001011001	4	1
18262	-4.9	0010001110100101	4	2
18263	-4.9	1100010001100101	4	1
18265	-5.2	1100010001011010	4	1
18267	-5.2	0010001110100101	4	2
18270	-4.6	0011101110100101	5	2
18271	-4.9	1100010001100110	4	1
18272	-5.2	1100010001100110	4	1
18273	-4.9	1100010001100111	4	1
18274	-4.9	1100010001111001	4	1
18275	-5.2	1100010001111110	4	1
18276	-3.2	0100001001000010	4	1
18278	-3.2	0100001001000010	4	1
18337	-4.6	1100010001011001	4	1
18339	-4.6	0010001111000100	5	2
18371	-3.2	0100001001000010	4	1
18427	-4.6	0010001111000100	5	2
18455	-4.6	0010001110100011	4	2
18456	-4.6	0010001111000011	4	2
18459	-4.6	0010001111000101	4	2
18464	-4.6	0010001110100101	4	2
18465	-4.6	0010001110100101	4	2
18466	-4.6	0010001111100101	4	2
18471	-4.6	0010001110100111	4	2
18510	-4	0100001111000010	5	1
18511	-4	0100001111000010	5	1
18537	-4.3	0100001111000101	5	1
18539	-4.3	0100001110100101	5	1
18540	-4.3	0100001110100101	5	1
18545	-4.3	0100001110100011	5	1
18558	-4.6	0100001110100101	5	1
18564	-4.6	0100001111100111	5	1
18566	-4	0100001111000010	5	1
18590	-4.3	0100001111000101	5	1
18591	-4.3	0100001110100101	5	1
18595	-4.3	0100001110100011	5	1
18610	-4.6	0100001110100101	5	1
18617	-4.6	0100001111100111	5	1
18619	-4.6	0010010000100100	5	2
18620	-4.6	0010010000100100	5	2
18645	-4.3	0100010111000101	5	1
18673	-4.6	0100010110011001	5	1
18675	-5.2	0010010011111111	5	2
18676	-4.6	0010010000100100	5	2
18681	-4.9	0010010000100101	5	2
18691	-4.9	0010010001000101	5	2
18692	-4.9	0010010001000011	5	2
18698	-4.3	0100010111000101	5	1
18715	-4.9	0010010001100101	5	2
18724	-4.6	0100010110011001	5	1
18726	-5.2	0010010011111111	5	2
18728	-4.6	0010010001011001	4	2
18733	-5.2	0010010000100100	5	2
18734	-4.9	0010010000100101	4	2
18736	-5.2	0010010000100101	4	2
18744	-4.9	0010010001000101	4	2
18745	-4.9	0010010001000011	4	2
18750	-5.2	0010010001000101	4	2
18751	-5.2	0010010001000011	4	2
18753	-4.9	0010010001100011	4	2
18754	-4.3	0100011111000101	5	1
18758	-5.2	0010010001100011	4	2
18762	-4.9	0010010001011001	4	2
18763	-4.9	0010010001011001	4	2
18764	-4.9	0010010001100101	4	2
18768	-4.9	0010010001011011	4	2
18770	-5.2	0010010001100101	4	2
18778	-4.9	0010010001100111	4	2
18780	-4.9	0010010001111001	4	2
18788	-4	0101100110011010	5	2
18790	-4.9	1010010000100101	4	1
18804	-4.9	1010010001000101	4	1
18805	-4.9	1010010001000011	4	1
18806	-4.9	1010010001000010	4	1
18809	-4.3	0101100110100101	5	2
18812	-4.9	1010010001100011	4	1
18813	-4.3	0101100110100011	5	1
18821	-4.9	1010010001011010	4	1
18824	-4.9	1010010001100101	4	1
18828	-4.6	0101100110100101	5	2
18830	-4.6	1010010001100110	4	1
18831	-4.9	1010010001100110	4	1
18833	-4.9	1010010011100110	4	1
18834	-4.6	0101100110011001	5	2
18835	-4.9	1010010001111110	4	1
18836	-5.2	1010010011111111	4	1
18837	-4.6	0100001001000010	5	1
18843	-4.6	0100001001000010	5	1
18888	-5.2	0100001011111111	5	1
18889	-4.6	1010010000111001	4	1
18890	-4.6	1010010001100110	4	1
18919	-4.6	0100001111000010	5	1
18954	-4.9	1010010001000101	4	1
18955	-4.9	1010010001000011	4	1
18958	-5.2	1010010001000010	4	1
18959	-4.9	0010010110100011	4	2
18960	-4.9	1010010001100011	4	1
18962	-4.3	0101101110100101	5	2
18966	-4.3	0101101110100011	5	1
18969	-4.9	1010010001011001	4	1
18970	-4.9	0010010110100101	4	2
18971	-4.9	1010010001100101	4	1
18973	-5.2	1010010001011010	4	2
18975	-5.2	0010010110100101	4	2
18978	-4.6	0101101110100101	5	2
18979	-4.9	1010010001100110	4	1
18980	-5.2	1010010001100110	4	1
18981	-4.9	1010010001100111	4	1
18982	-4.9	1010010001111001	4	1
18983	-5.2	1010010001111110	4	1
19012	-4.6	0100001111000010	5	1
19036	-4.9	1010010001000010	5	1
19037	-4.9	1010010001100010	5	1
19039	-4.9	1010010000100110	5	1
19040	-4.9	1010010001100100	5	2
19044	-4.9	1010010001000110	5	1
19050	-4.9	1010010000111010	5	2
19051	-4.9	1010010001011100	5	2
19054	-4.9	1010010000111100	5	2
19060	-4.9	1010010001011010	5	2
19064	-4.9	1010010001011110	5	1
19065	-4.9	1010010001100110	5	1
19066	-4.9	1010010001111010	5	1
19070	-4.6	0101110110011001	5	2
19072	-4.6	0100001001000010	5	1
19081	-4.9	0100001001000101	5	1
19082	-4.9	0100001001000011	5	1
19105	-4.9	0100001001100101	5	1
19116	-5.2	0100001011111111	5	1
19125	-4.9	0100011001000101	5	1
19126	-4.9	0100011001000011	5	1
19135	-4.6	0010010111000011	4	2
19138	-4.6	0010010111000101	4	2
19140	-4.6	0010010110011001	4	2
19141	-4.6	0010010110011001	4	2
19146	-4.6	0010010110011101	4	2
19149	-4.9	0100011001100101	5	1
19185	-4.6	1100001001011001	4	1
19187	-4	0110001111000110	5	2
19201	-4.3	0110001111000101	5	1
19202	-4.3	0110001110100101	5	1
19206	-4.3	0110001110100011	5	1
19221	-4.6	0110001110100101	5	1
19228	-4.6	0110001111100111	5	2
19230	-4.6	1010001000111001	4	1
19231	-4.6	1010001001100110	4	1
19233	-4.6	0100001110100101	4	1
19234	-4.6	1100001001100110	4	1
19235	-4.6	0110010000100110	5	2
19241	-4.9	0110010001000101	5	1
19242	-4.9	0110010001000011	5	1
19248	-4.3	0110010111000101	5	1
19265	-4.9	0110010001100101	5	1
19274	-4.6	0110010110011001	5	1
19276	-5.2	0110010011111111	5	2
19278	-4.6	0100001001011001	4	1
19288	-4.9	0010011001000101	5	2
19289	-4.9	0010011001000011	5	2
19298	-4.6	0100010111000011	4	1
19301	-4.6	0100010111000101	4	1
19303	-4.6	0100010110011001	4	1
19304	-4.6	0100010110011001	4	1
19309	-4.6	0100010110011101	4	1
19312	-4.9	0010011001100101	5	2
19324	-4.6	0100001111000010	5	1
19337	-4.6	0100001110100011	4	1
19338	-4.6	0100001111000011	4	1
19341	-4.6	0100001111000101	4	1
19346	-4.6	0100001110100101	4	1
19347	-4.6	0100001110100101	4	1
19348	-4.6	0100001111100101	4	1
19353	-4.6	0100001110100111	4	1
19364	-3.2	1010001001000101	4	1
19370	-4.9	1010001001000101	4	1
19371	-4.9	1010001001000011	4	1
19372	-4.9	1010001001000010	4	1
19378	-4.9	1010001001100011	4	1
19387	-4.9	1010001001011010	4	1
19390	-4.9	1010001001100101	4	1
19396	-4.6	1010001001100110	4	1
19397	-4.9	1010001001100110	4	1
19399	-4.9	1010001011100110	4	1
19401	-4.9	1010001001111110	4	1
19402	-5.2	1010001011111111	4	1
19403	-3.2	1100001001000011	4	1
19408	-4.9	1100001001000101	4	1
19409	-4.9	1100001001000011	4	1
19410	-4.9	1100001001000010	4	1
19416	-4.9	1100001001100011	4	1
19425	-4.9	1100001001011010	4	1
19428	-4.9	1100001001100101	4	1
19434	-4.6	1100001001100110	4	1
19435	-4.9	1100001001100110	4	1
19437	-4.9	1100001011100110	4	1
19439	-4.9	1100001001111110	4	1
19440	-5.2	1100001011111111	4	1
19441	-4.6	0110001001000110	5	2
19442	-4.9	0110001001000101	5	1
19443	-4.9	0110001001000011	5	1
19466	-4.9	0110001001100101	5	1
19477	-5.2	0110001011111111	5	2
19483	-4.9	1010001000111010	5	2
19484	-4.9	1010001001011100	5	2
19487	-4.9	1010001000111100	5	2
19493	-4.9	1010001001011010	5	2
19497	-4.9	1010001001011110	5	1
19498	-4.9	1010001001100110	5	1
19499	-4.9	1010001001111010	5	1
19510	-4.9	1100001000111010	5	1
19511	-4.9	1100001001011100	5	2
19514	-4.9	1100001000111100	5	2
19520	-4.9	1100001001011010	5	1
19524	-4.9	1100001001011110	5	1
19525	-4.9	1100001001100110	5	1
19526	-4.9	1100001001111010	5	1
19532	-3.2	0110001001000110	4	2
19566	-5.2	1010001001000010	4	1
19567	-4.9	0100010110100011	4	1
19568	-4.9	1010001001100011	4	1
19577	-4.9	1010001001011001	4	1
19578	-4.9	0100010110100101	4	1
19579	-4.9	1010001001100101	4	1
19581	-5.2	1010001001011010	4	2
19583	-5.2	0100010110100101	4	1
19587	-4.9	1010001001100110	4	1
19588	-5.2	1010001001100110	4	1
19589	-4.9	1010001001100111	4	1
19590	-4.9	1010001001111001	4	1
19591	-5.2	1010001001111110	4	1
19592	-5.2	1100001001000010	4	1
19593	-4.9	0100001110100011	4	1
19594	-4.9	1100001001100011	4	1
19603	-4.9	1100001001011001	4	1
19604	-4.9	0100001110100101	4	1
19605	-4.9	1100001001100101	4	1
19607	-5.2	1100001001011010	4	1
19609	-5.2	0100001110100101	4	1
19613	-4.9	1100001001100110	4	1
19614	-5.2	1100001001100110	4	1
19615	-4.9	1100001001100111	4	1
19616	-4.9	1100001001111001	4	1
19617	-5.2	1100001001111110	4	1
19622	-5.2	0100011110100101	4	1
19623	-5.2	0100001001000010	5	1
19624	-4.9	0100001001100011	4	1
19629	-5.2	0100001001100011	4	1
19633	-4.9	0100001001011001	4	1
19634	-4.9	0100001001011001	4	1
19635	-4.9	0100001001100101	4	1
19639	-4.9	0100001001011011	4	1
19641	-5.2	0100001001100101	4	1
19649	-4.9	0100001001100111	4	1
19651	-4.9	0100001001111001	4	1
19669	-4.6	0011100110100101	4	2
19674	-4.6	0011100110011100	5	2
19676	-4.9	1100010111000110	4	1
19683	-4.9	1100010110100101	4	1
19684	-4.9	1100010110100110	4	1
19691	-4.6	0011100110011100	5	2
19694	-4.6	0011100110100011	4	2
19696	-4.9	1100011001100011	4	1
19700	-4.6	0011100110011001	4	2
19701	-4.6	0011100110011001	4	2
19703	-4.6	0011100110100101	4	2
19704	-4.6	0011100110100101	4	2
19705	-4.9	1100011001011010	4	1
19706	-4.6	0011100110011101	4	2
19708	-4.9	1100011001100101	4	1
19710	-4.6	0011100110100111	4	2
19715	-4.9	1100011001100110	4	1
19721	-4.3	1010001111000101	5	1
19723	-4.6	1010001110100011	4	1
19724	-4.6	1010001111000011	4	1
19727	-4.6	1010001111000101	4	1
19732	-4.6	1010001110100101	4	1
19733	-4.6	1010001110100101	4	1
19734	-4.6	1010001111100101	4	1
19736	-4.6	1010001110100110	5	1
19739	-4.6	1010001110100111	4	1
19741	-4.9	1010001110100101	4	1
19742	-4.6	1010001110100110	5	1
19747	-4.9	1010001110011001	4	1
19748	-4.9	1010001111100111	4	1
19750	-4.6	1010010111000110	4	1
19755	-4.6	1100001110100110	4	1
19756	-4.6	0101110000111010	5	2
19758	-4.6	1010010111000011	4	1
19761	-4.6	1010010111000101	4	1
19763	-4.6	1010010110011001	4	1
19764	-4.6	1010010110011001	4	1
19769	-4.6	1010010110011101	4	1
19772	-4.9	0101110001100101	5	2
19775	-4.9	1010010110100101	4	1
19781	-4.9	1010010110011001	4	1
19785	-4.6	0110001110100101	4	1
19788	-4.6	1100010111011100	4	1
19791	-4.6	1100010111000110	4	1
19794	-4.6	1100010110011010	4	1
19800	-4.6	1100010111011010	4	1
19801	-4.9	0011101001100101	5	2
19808	-4.6	1100010110011110	4	1
19813	-4.6	1100001111000011	4	1
19815	-4.6	1100001110100011	4	1
19817	-4.6	1100001111000110	4	1
19829	-4.6	1100001110100110	4	1
19832	-4.6	1100001101100110	4	1
19833	-4.6	1100001111100110	4	1
19835	-4.9	1100001111100110	4	1
19839	-4.6	0110001111000110	5	2
19858	-4.9	1100011001011001	4	1
19859	-4.9	0110001110100101	4	1
19860	-4.9	1100011001100101	4	1
19861	-4.6	0011101110100101	4	2
19862	-5.2	1100011001011010	4	1
19864	-5.2	0110001110100101	4	1
19865	-4.6	0011101110100111	4	2
19868	-4.9	1100011001100110	4	1
19869	-5.2	1100011001100110	4	1
19870	-4.9	1100011001100111	4	1
19872	-5.2	1100011001111110	4	1
19873	-4.6	0011110000111100	5	2
19874	-4.6	1100010111000101	4	1
19876	-4.6	1100010110011001	4	1
19877	-4.6	1100010110011001	4	1
19882	-4.6	1100010110011101	4	1
19885	-4.9	0011110001100101	5	2
19888	-4.9	1100010110100101	4	1
19894	-4.9	1100010110011001	4	1
19902	-4.6	1010001111000101	4	1
19903	-4.6	1010001111000110	4	1
19915	-4.6	1010001110100110	4	1
19918	-4.6	1010001101100110	4	1
19919	-4.6	1010001111100110	4	1
19921	-4.9	1010001111100110	4	1
19925	-4.6	0110001111000110	5	2
19929	-4.6	0110001110100101	4	1
19930	-4.6	0110001110100101	4	1
19931	-4.6	0110001111100101	4	1
19936	-4.6	0110001110100111	4	2
19952	-4.6	1001100110011001	4	2
19953	-4.6	1001100110011010	4	2
19956	-4.6	1001100110100110	4	2
19957	-4.9	1001101001011010	4	2
19959	-4.6	1001100110100110	4	2
19961	-4.9	1001101001100110	4	2
19962	-4.6	1001100110011110	4	2
19965	-4.6	1001100110011001	4	2
19966	-4.6	1001100110011010	4	2
19969	-4.9	1001101001011010	4	2
19972	-4.9	1001101001100101	4	1
19973	-4.6	1001100110111010	4	2
19975	-4.6	1001100110100110	4	2
19979	-4.9	1001101001100110	4	2
19980	-4.6	1001100110011110	4	2
19985	-4.6	0101100110100101	4	2
19986	-4.6	1001101001100110	4	1
19987	-4.6	0101100110011010	5	2
19992	-4.9	1010010110100101	4	1
19993	-4.9	1010010110100110	4	1
20000	-4.6	0101100110011010	5	2
20001	-4.6	0101100110100101	4	2
20002	-4.6	0101100110100101	4	2
20003	-4.9	1010011001011010	4	1
20004	-4.6	0101100110011101	4	2
20006	-4.9	1010011001100101	4	1
20008	-4.6	0101100110100111	4	2
20013	-4.9	1010011001100110	4	1
20035	-4.6	1010010110011110	4	1
20044	-4.6	1010010111011010	4	1
20045	-4.9	0101101001100101	5	2
20052	-4.6	1010010110011110	4	1
20058	-4.9	0110010110100101	4	1
20060	-5.2	0101101001011010	5	2
20061	-4.9	0101101001011011	4	2
20063	-5.2	0101101001100101	4	2
20071	-4.9	0101101001100111	4	2
20077	-4.9	1110010110100101	4	1
20079	-4.6	1011100110100110	4	2
20082	-4.9	1101101001100110	4	2
20083	-4.6	1011100110011110	4	2
20092	-4.9	0110010110100101	5	1
20101	-4.9	0110010110011001	5	1
20103	-5.2	0110010111100111	5	2
20104	-5.2	0110010111111111	5	2
20105	-5.2	1010010110100101	4	1
20106	-5.2	1010010110100110	4	1
20109	-4.9	1010010101100110	4	1
20110	-5.2	1010010111100110	4	1
20111	-5.2	1010010111100110	4	1
20113	-4.6	0101101110100111	4	2
20116	-4.9	1010011001100110	4	1
20117	-5.2	1010011001100110	4	1
20118	-4.9	1010011001100111	4	1
20120	-5.2	1010011001111110	4	1
20121	-4.9	1010011001011110	5	1
20122	-4.9	1010011001100110	5	1
20135	-4.6	1110010110011110	4	2
20150	-5.2	1010010110100101	4	1
20151	-4.9	1010010110100110	5	1
20169	-4.9	0110010110011001	5	1
20171	-5.2	0110010111100111	5	2
20172	-5.2	0110010111111111	5	2
20184	-5.2	0110011001100110	5	2
20185	-4.9	0110011001100111	4	2
20190	-4.6	0111100110011110	5	2
20200	-5.2	1001100110011001	4	2
