891	-4.6	0000000000000001	3	2
902	-4.6	0000000000000011	3	2
913	-4.6	0000000001100001	3	2
940	-4.6	0000000001100011	3	2
946	-3.2	0000000000000000	4	2
947	-3.2	0000000000000000	4	2
1138	-3.2	0000000000000000	4	2
1318	-4.9	0000000011111111	4	2
1330	-4.3	0000000001011001	4	2
1334	-4.9	0000000011111111	4	2
1335	-3.2	0000000000000000	5	2
1336	-3.2	0000000000000000	5	2
1338	-4.6	0000000000000001	3	2
1339	-4.6	0000000000000001	3	2
1359	-4.6	0000000000000011	3	2
1360	-4.6	0000000000000011	3	2
1374	-4.6	0000000000000101	3	2
1375	-4.6	0000000000000101	3	2
1382	-4.6	0000000000000111	3	2
1391	-4.6	0000000000100001	3	2
1392	-4.6	0000000001000001	3	2
1393	-4.6	0000000001100001	3	2
1395	-4.6	0000000000100001	3	2
1396	-4.6	0000000001000001	3	2
1397	-4.6	0000000001100001	3	2
1434	-4.6	0000000010000011	3	2
1462	-4.6	0000000000100011	3	2
1463	-4.6	0000000000100011	3	2
1475	-4.6	0000000001000011	3	2
1476	-4.6	0000000000100101	3	2
1491	-4.6	0000000001000101	3	2
1492	-4.6	0000000001000011	3	2
1497	-4.6	0000000001100011	3	2
1508	-4.6	0000000001011001	3	2
1509	-4.6	0000000001011001	3	2
1510	-4.6	0000000001100101	3	2
1512	-4.6	0000000001100101	3	2
1524	-4.6	0000000001100111	3	2
1526	-4.6	0000000001111001	3	2
1529	-3.2	0000000000000000	5	2
1531	-4.6	0000000000000001	3	2
1532	-4.6	0000000000000001	3	2
1533	-4.6	0000000000000001	3	2
1540	-4.9	0000000000000001	3	2
1554	-4.6	0000000000000011	3	2
1555	-4.6	0000000000000011	3	2
1557	-4.9	0000000000000011	3	2
1567	-4.6	0000000000000101	3	2
1568	-4.6	0000000000000101	3	2
1570	-4.9	0000000000000101	3	2
1576	-4.6	0000000000000111	3	2
1586	-4.3	0000000000011001	3	2
1587	-4.6	0000000000100001	3	2
1588	-4.6	0000000001000001	3	2
1589	-4.6	0000000000100001	3	2
1590	-4.6	0000000001000001	3	2
1591	-4.6	0000000001100001	3	2
1619	-4.9	0000000000100001	3	2
1620	-4.9	0000000001000001	3	2
1621	-4.9	0000000001100001	3	2
1642	-4.6	0000000000100011	3	2
1652	-4.6	0000000000100101	3	2
1655	-4.9	0000000000100101	3	2
1662	-4.6	0000000001000101	3	2
1663	-4.6	0000000001000011	3	2
1665	-4.9	0000000001000101	3	2
1666	-4.9	0000000001000011	3	2
1671	-4.6	0000000001100011	3	2
1680	-4.6	0000000001011001	3	2
1681	-4.6	0000000001011001	3	2
1682	-4.6	0000000001100101	3	2
1686	-4.6	0000000001011011	3	2
1689	-4.9	0000000001100101	3	2
1696	-4.6	0000000001100111	3	2
1698	-4.6	0000000001111001	3	2
1712	-4.6	0000000001011001	4	2
1717	-5.2	0000000000000000	4	2
1718	-4.9	0000000000000001	3	2
1719	-4.9	0000000000000001	3	2
1720	-4.9	0000000000000001	3	2
1741	-4.9	0000000000000011	3	2
1742	-4.9	0000000000000011	3	2
1754	-4.9	0000000000000101	3	2
1755	-4.9	0000000000000101	3	2
1763	-4.9	0000000000000111	3	2
1773	-4.6	0000000000011001	3	2
1774	-4.9	0000000000100001	3	2
1775	-4.9	0000000001000001	3	2
1776	-4.9	0000000000100001	3	2
1777	-4.9	0000000001000001	3	2
1778	-4.9	0000000001100001	3	2
1829	-4.9	0000000000100011	3	2
1839	-4.9	0000000000100101	3	2
1849	-4.9	0000000001000101	3	2
1850	-4.9	0000000001000011	3	2
1858	-4.9	0000000001100011	3	2
1867	-4.9	0000000001011001	3	2
1868	-4.9	0000000001011001	3	2
1869	-4.9	0000000001100101	3	2
1873	-4.9	0000000001011011	3	2
1883	-4.9	0000000001100111	3	2
1885	-4.9	0000000001111001	3	2
1893	-4.3	1000000010100000	3	2
1895	-4.6	1000000011100000	3	2
1898	-2.9	1000000000111001	4	1
1899	-2.9	1000000001011001	4	1
1900	-4.3	1000000010100110	3	1
1902	-4.6	1000000011100110	3	1
1903	-4.6	1000000011111111	3	1
1904	-4.3	1000000000000001	6	1
1916	-4.6	1000000000000010	3	1
1917	-4.6	1000000001000000	3	2
1929	-4.6	1000000000000100	3	1
1930	-4.6	1000000000100000	3	2
1934	-4.6	1000000001100000	3	1
1937	-4.6	1000000000000110	3	1
1943	-4.6	1000000000011000	3	2
1944	-4.6	1000000000011000	3	2
1945	-4.9	1000000000011000	3	2
1963	-4.6	1000000000011010	3	1
1968	-4.6	1000000001011000	3	1
1974	-4.6	1000000000011100	3	1
1975	-4.6	1000000000111000	3	1
1995	-4.6	1000000000100010	3	1
1996	-4.6	1000000001000100	3	1
2005	-4.6	1000000000100100	3	1
2006	-4.6	1000000000100100	3	1
2007	-4.9	1000000000100100	3	1
2009	-4.6	1000000001000010	3	1
2011	-4.6	1000000001000010	3	1
2012	-4.6	1000000001100010	3	1
2016	-4.6	1000000000100110	3	1
2017	-4.6	1000000001100100	3	1
2021	-4.6	1000000001000110	3	1
2023	-4.9	1000000001000010	3	1
2028	-4.6	1000000000111010	3	1
2030	-4.6	1000000001011100	3	1
2032	-4.6	1000000000111100	3	1
2037	-4.6	1000000001011010	3	1
2038	-4.6	1000000001011010	3	1
2039	-4.6	1000000001100110	3	1
2040	-4.9	1000000001011010	3	1
2041	-4.6	1000000001011110	3	1
2042	-4.6	1000000001100110	3	1
2043	-4.6	1000000001111010	3	1
2044	-4.9	1000000001100110	3	1
2047	-4.9	1000000001111110	3	1
2048	-4.3	1000000000000001	6	1
2057	-4.6	1000000001000000	3	2
2059	-4.6	1000000000000010	3	1
2060	-4.6	1000000000000010	3	1
2061	-4.6	1000000001000000	3	2
2066	-4.6	1000000000000100	3	1
2067	-4.6	1000000000000110	3	1
2071	-4.6	1000000000100000	3	2
2073	-4.6	1000000000000100	3	1
2074	-4.6	1000000000100000	3	2
2077	-4.6	1000000001100000	3	1
2078	-4.6	1000000001100000	3	1
2081	-4.6	1000000000000110	3	1
2085	-4.6	1000000000011000	3	2
2088	-4.6	1000000000011000	3	2
2089	-4.9	1000000000011000	3	2
2097	-4.6	1000000001011000	3	1
2099	-4.6	1000000000011010	3	1
2100	-4.6	1000000000011010	3	1
2102	-4.6	1000000001011000	3	1
2115	-4.6	1000000000011100	3	1
2119	-4.6	1000000000111000	3	1
2136	-4.6	1000000001000100	3	1
2138	-4.6	1000000000100010	3	1
2139	-4.6	1000000000100010	3	1
2140	-4.6	1000000001000100	3	1
2143	-4.6	1000000001000010	3	1
2144	-4.6	1000000001000110	3	1
2148	-4.6	1000000000100100	3	1
2151	-4.6	1000000000100100	3	1
2152	-4.9	1000000000100100	3	1
2154	-4.6	1000000001100010	3	1
2155	-4.6	1000000001000010	3	1
2156	-4.6	1000000001100010	3	1
2157	-4.6	1000000001100100	3	1
2159	-4.6	1000000000100110	3	1
2160	-4.6	1000000000100110	3	1
2161	-4.6	1000000001100100	3	1
2165	-4.6	1000000001000110	3	1
2167	-4.9	1000000001000010	3	1
2170	-4.6	1000000001011010	3	1
2171	-4.6	1000000000111010	3	1
2172	-4.6	1000000000111010	3	1
2173	-4.6	1000000001100110	3	1
2174	-4.6	1000000001011100	3	1
2176	-4.6	1000000000111100	3	1
2183	-4.6	1000000001011010	3	1
2184	-4.9	1000000001011010	3	1
2185	-4.6	1000000001011110	3	1
2186	-4.6	1000000001100110	3	1
2187	-4.6	1000000001111010	3	1
2188	-4.9	1000000001100110	3	1
2191	-4.9	1000000001111110	3	1
2192	-4.3	1000000000000001	6	1
2208	-4.6	1000000000000010	3	1
2210	-4.6	1000000001000000	3	2
2223	-4.6	1000000000000100	3	1
2225	-4.6	1000000000100000	3	2
2228	-4.6	1000000010100000	3	2
2230	-4.6	1000000001100000	3	1
2234	-4.6	1000000000000110	3	1
2236	-4.9	1000000011100000	3	2
2242	-4.6	1000000000011000	3	2
2243	-4.6	1000000000011000	3	2
2244	-4.9	1000000000011000	3	2
2259	-4.6	1000000000011010	3	1
2261	-4.6	1000000001011000	3	1
2275	-4.6	1000000000011100	3	1
2276	-4.6	1000000000111000	3	1
2298	-4.6	1000000000100010	3	1
2299	-4.6	1000000001000100	3	1
2308	-4.6	1000000000100100	3	1
2309	-4.6	1000000000100100	3	1
2310	-4.9	1000000000100100	3	1
2312	-4.6	1000000001000010	3	1
2315	-4.6	1000000001000010	3	1
2316	-4.6	1000000001100010	3	1
2318	-4.6	1000000000100110	3	1
2319	-4.6	1000000001100100	3	1
2323	-4.6	1000000001000110	3	1
2329	-4.9	1000000001000010	3	1
2332	-4.6	1000000000111010	3	1
2333	-4.6	1000000001011100	3	1
2336	-4.6	1000000000111100	3	1
2342	-4.6	1000000001011010	3	1
2343	-4.6	1000000001011010	3	1
2344	-4.9	1000000001011010	3	1
2346	-4.6	1000000010100110	3	1
2349	-4.6	1000000001011110	3	1
2350	-4.6	1000000001100110	3	1
2351	-4.6	1000000001111010	3	1
2352	-4.6	1000000010100110	3	1
2354	-4.9	1000000001100110	3	1
2356	-4.9	1000000011100110	3	1
2358	-4.9	1000000001111110	3	1
2430	-4.3	0000000110000001	4	2
2435	-4.3	0000000110000001	4	2
2436	-4.3	0000000110100001	4	2
2437	-4.3	0000000111000001	4	2
2469	-4.3	0000000110000101	4	2
2470	-4.3	0000000110000011	4	2
2474	-4.6	0000000110000001	4	2
2519	-4.3	0000000111000011	4	2
2522	-4.3	0000000110100011	4	2
2523	-4.3	0000000111000011	4	2
2526	-4.3	0000000111000101	4	2
2533	-4.3	0000000110100101	4	2
2534	-4.3	0000000110100101	4	2
2536	-4.3	0000000111100101	4	2
2538	-4.6	0000000110100101	4	2
2539	-4.3	0000000110100111	4	2
2541	-4.6	0000000110100101	4	2
2546	-4.6	0000000110011001	4	2
2547	-4.6	0000000111100111	4	2
2750	-4.3	1000000000100000	4	2
2757	-2.9	1000000000011001	4	1
2769	-4.6	0000000110000001	4	2
2801	-4.6	1000000000111001	4	1
2803	-4.6	0000000111000011	4	2
2805	-4.6	0000000110011001	4	2
2807	-4.6	0000000110100101	4	2
2809	-4.9	0000000110100101	4	2
2810	-4.6	1000000001100110	4	1
3067	-3.2	0000000110000000	5	2
3093	-4.3	0000000110000001	3	2
3096	-4.3	0000000110100001	3	2
3098	-4.6	0000000110000001	3	2
3099	-4.3	0000000110000101	3	2
3113	-4.6	0000000110000101	3	2
3161	-4.6	0000000110100011	3	2
3165	-4.6	0000000110100101	3	2
3168	-4.6	0000000110100111	3	2
3178	-3.2	0000000110000000	4	2
3305	-4.6	1000000000100000	4	2
3319	-4.9	0000000110000001	3	2
3332	-4.9	0000000110000101	3	2
3392	-4.9	0000000110100011	3	2
3403	-4.9	0000000110100101	3	2
3412	-4.9	1000000001100110	4	1
3472	-4.3	0000000110000001	4	2
3473	-4.3	0000000110100001	4	2
3477	-4.3	0000000110000001	4	2
3478	-4.3	0000000110100001	4	2
3479	-4.3	0000000111000001	4	2
3499	-4.3	0000000110000101	4	2
3521	-4.3	0000000110000101	4	2
3522	-4.3	0000000110000011	4	2
3526	-4.6	0000000110000001	4	2
3572	-4.3	0000000110100101	4	2
3576	-4.3	0000000110100011	4	2
3577	-4.3	0000000111000011	4	2
3581	-4.3	0000000111000101	4	2
3586	-4.3	0000000110100101	4	2
3587	-4.3	0000000111100101	4	2
3590	-4.3	0000000110100111	4	2
3592	-4.6	0000000110100101	4	2
3597	-4.6	0000000110011001	4	2
3598	-4.6	0000000111100111	4	2
3799	-2.9	1000000000011001	4	1
3802	-4.6	0000000110000001	4	2
3803	-4.6	0000000110100001	4	2
3820	-4.6	0000000110000101	4	2
3842	-4.6	0000000110100101	4	2
3845	-4.6	1000000001011001	4	1
3850	-3.2	0000000110000000	5	2
3871	-4.3	0000000110000001	3	2
3872	-4.3	0000000111000001	3	2
3899	-4.3	0000000110000011	3	2
3903	-4.6	0000000110000001	3	2
3910	-4.6	0000000110000011	3	2
3960	-4.9	1000000000000010	3	1
3962	-4.9	1000000001000000	3	2
3970	-4.9	1000000000000100	3	1
3972	-4.9	1000000000100000	3	2
3975	-4.9	1000000001100000	3	1
3979	-4.9	1000000000000110	3	1
3983	-4.9	1000000000011000	3	2
3991	-4.9	1000000000011010	3	1
3993	-4.9	1000000001011000	3	2
4006	-4.9	1000000000011100	3	1
4007	-4.9	1000000000111000	3	2
4009	-4.9	0000000110000011	3	2
4031	-4.9	1000000000100010	3	1
4032	-4.9	1000000001000100	3	1
4040	-4.9	1000000000100100	3	1
4047	-4.9	1000000001000010	3	1
4048	-4.9	1000000001100010	3	1
4050	-4.9	1000000000100110	3	1
4051	-4.9	1000000001100100	3	1
4055	-4.9	1000000001000110	3	1
4061	-4.9	1000000000111010	3	1
4062	-4.9	1000000001011100	3	1
4065	-4.9	1000000000111100	3	1
4071	-4.9	1000000001011010	3	1
4075	-4.9	1000000001011110	3	1
4076	-4.9	1000000001100110	3	1
4077	-4.9	1000000001111010	3	1
4141	-4.3	0000000110000001	4	2
4143	-4.3	0000000110000001	4	2
4144	-4.3	0000000110100001	4	2
4145	-4.3	0000000111000001	4	2
4173	-4.3	0000000110000101	4	2
4174	-4.3	0000000110000011	4	2
4178	-4.6	0000000110000001	4	2
4216	-4.3	0000000110100011	4	2
4217	-4.3	0000000111000011	4	2
4220	-4.3	0000000111000101	4	2
4225	-4.3	0000000110100101	4	2
4226	-4.3	0000000110100101	4	2
4227	-4.3	0000000111100101	4	2
4232	-4.3	0000000110100111	4	2
4234	-4.6	0000000110100101	4	2
4240	-4.6	0000000110011001	4	2
4241	-4.6	0000000111100111	4	2
4402	-4.6	0000000110000000	4	2
4458	-4.6	0000000110000001	4	2
4460	-4.6	0000000110000001	4	2
4461	-4.6	0000000110100001	4	2
4462	-4.6	0000000111000001	4	2
4490	-4.6	0000000110000101	4	2
4491	-4.6	0000000110000011	4	2
4533	-4.6	0000000110100011	4	2
4534	-4.6	0000000111000011	4	2
4537	-4.6	0000000111000101	4	2
4539	-4.6	0000000110011001	4	2
4540	-4.6	0000000110011001	4	2
4542	-4.6	0000000110100101	4	2
4543	-4.6	0000000110100101	4	2
4544	-4.6	0000000111100101	4	2
4545	-4.6	0000000110011101	4	2
4549	-4.6	0000000110100111	4	2
5359	-4.6	0000001000000011	3	2
5370	-4.6	0000001001100001	3	2
5397	-4.6	0000001001100011	3	2
5403	-3.2	0100000000000010	4	1
5565	-4.3	0100000001011001	4	1
5569	-4.9	0100000011111111	4	1
5572	-4.6	0100000000000011	3	1
5583	-4.6	0100000001100001	3	1
5610	-4.6	0100000001100011	3	1
5616	-3.2	0100000000000010	5	1
5621	-4.6	0100000000000011	3	1
5622	-4.6	0100000000000011	3	1
5624	-4.9	0100000000000011	3	1
5634	-4.6	0100000000000101	3	1
5635	-4.6	0100000000000101	3	1
5637	-4.9	0100000000000101	3	1
5643	-4.6	0100000000000111	3	1
5653	-4.3	0100000000011001	3	1
5654	-4.6	0100000000100001	3	1
5655	-4.6	0100000001000001	3	1
5656	-4.6	0100000000100001	3	1
5657	-4.6	0100000001000001	3	1
5658	-4.6	0100000001100001	3	1
5686	-4.9	0100000000100001	3	1
5687	-4.9	0100000001000001	3	1
5688	-4.9	0100000001100001	3	1
5709	-4.6	0100000000100011	3	1
5719	-4.6	0100000000100101	3	1
5722	-4.9	0100000000100101	3	1
5729	-4.6	0100000001000101	3	1
5730	-4.6	0100000001000011	3	1
5732	-4.9	0100000001000101	3	1
5733	-4.9	0100000001000011	3	1
5738	-4.6	0100000001100011	3	1
5747	-4.6	0100000001011001	3	1
5748	-4.6	0100000001011001	3	1
5749	-4.6	0100000001100101	3	1
5753	-4.6	0100000001011011	3	1
5756	-4.9	0100000001100101	3	1
5763	-4.6	0100000001100111	3	1
5765	-4.6	0100000001111001	3	1
5777	-4.3	0000001001011001	4	2
6000	-3.2	0000001001000000	5	2
6003	-4.6	0000001000000011	3	2
6004	-4.6	0000001000000011	3	2
6006	-4.9	0000001000000011	3	2
6016	-4.6	0000001000000101	3	2
6017	-4.6	0000001000000101	3	2
6019	-4.9	0000001000000101	3	2
6025	-4.6	0000001000000111	3	2
6035	-4.3	0000001000011001	3	2
6036	-4.6	0000001000100001	3	2
6037	-4.6	0000001001000001	3	2
6038	-4.6	0000001000100001	3	2
6039	-4.6	0000001001000001	3	2
6040	-4.6	0000001001100001	3	2
6068	-4.9	0000001000100001	3	2
6069	-4.9	0000001001000001	3	2
6070	-4.9	0000001001100001	3	2
6091	-4.6	0000001000100011	3	2
6101	-4.6	0000001000100101	3	2
6104	-4.9	0000001000100101	3	2
6111	-4.6	0000001001000101	3	2
6112	-4.6	0000001001000011	3	2
6114	-4.9	0000001001000101	3	2
6115	-4.9	0000001001000011	3	2
6120	-4.6	0000001001100011	3	2
6129	-4.6	0000001001011001	3	2
6130	-4.6	0000001001011001	3	2
6131	-4.6	0000001001100101	3	2
6135	-4.6	0000001001011011	3	2
6138	-4.9	0000001001100101	3	2
6145	-4.6	0000001001100111	3	2
6150	-3.2	0000001001000000	4	2
6523	-2.9	1100000001011001	4	1
6533	-4.6	1100000000011000	3	2
6559	-4.6	1100000000100100	3	2
6560	-4.6	1100000001000010	3	1
6562	-4.6	1100000001011010	3	1
6563	-4.6	1100000001100110	3	1
6564	-4.3	1100000000000011	6	1
6565	-4.6	1100000000000100	3	2
6566	-4.6	1100000000000110	3	1
6570	-4.6	1100000000100000	3	2
6572	-4.6	1100000000000100	3	2
6573	-4.6	1100000000100000	3	2
6576	-4.6	1100000001100000	3	1
6577	-4.6	1100000001100000	3	1
6580	-4.6	1100000000000110	3	1
6584	-4.6	1100000000011000	3	2
6587	-4.6	1100000000011000	3	2
6588	-4.9	1100000000011000	3	2
6600	-4.6	1100000001011000	3	2
6602	-4.6	1100000000011010	3	1
6603	-4.6	1100000000011010	3	1
6605	-4.6	1100000001011000	3	2
6618	-4.6	1100000000011100	3	2
6622	-4.6	1100000000111000	3	2
6639	-4.6	1100000001000100	3	2
6641	-4.6	1100000000100010	3	1
6642	-4.6	1100000000100010	3	1
6643	-4.6	1100000001000100	3	2
6646	-4.6	1100000001000010	3	1
6647	-4.6	1100000001000110	3	1
6651	-4.6	1100000000100100	3	2
6654	-4.6	1100000000100100	3	2
6655	-4.9	1100000000100100	3	2
6658	-4.6	1100000001100010	3	1
6659	-4.6	1100000001000010	3	1
6660	-4.6	1100000001100010	3	1
6661	-4.6	1100000001100100	3	2
6663	-4.6	1100000000100110	3	1
6664	-4.6	1100000000100110	3	1
6665	-4.6	1100000001100100	3	2
6669	-4.6	1100000001000110	3	1
6671	-4.9	1100000001000010	3	1
6674	-4.6	1100000001011010	3	1
6675	-4.6	1100000000111010	3	1
6676	-4.6	1100000000111010	3	1
6677	-4.6	1100000001100110	3	1
6678	-4.6	1100000001011100	3	1
6680	-4.6	1100000000111100	3	1
6688	-4.6	1100000001011010	3	1
6689	-4.9	1100000001011010	3	1
6690	-4.6	1100000001011110	3	1
6691	-4.6	1100000001100110	3	1
6692	-4.6	1100000001111010	3	1
6693	-4.9	1100000001100110	3	1
6696	-4.9	1100000001111110	3	1
6697	-4.3	1100000000000011	6	1
6706	-4.6	1100000000000100	3	2
6708	-4.6	1100000000100000	3	2
6711	-4.6	1100000010100000	3	2
6713	-4.6	1100000001100000	3	1
6717	-4.6	1100000000000110	3	1
6719	-4.9	1100000011100000	3	2
6725	-4.6	1100000000011000	3	2
6726	-4.6	1100000000011000	3	2
6727	-4.9	1100000000011000	3	2
6742	-4.6	1100000000011010	3	1
6744	-4.6	1100000001011000	3	2
6758	-4.6	1100000000011100	3	2
6759	-4.6	1100000000111000	3	2
6781	-4.6	1100000000100010	3	1
6782	-4.6	1100000001000100	3	2
6791	-4.6	1100000000100100	3	2
6792	-4.6	1100000000100100	3	2
6793	-4.9	1100000000100100	3	2
6795	-4.6	1100000001000010	3	1
6798	-4.6	1100000001000010	3	1
6799	-4.6	1100000001100010	3	1
6801	-4.6	1100000000100110	3	1
6802	-4.6	1100000001100100	3	2
6806	-4.6	1100000001000110	3	1
6812	-4.9	1100000001000010	3	1
6815	-4.6	1100000000111010	3	1
6816	-4.6	1100000001011100	3	1
6819	-4.6	1100000000111100	3	1
6825	-4.6	1100000001011010	3	1
6826	-4.6	1100000001011010	3	1
6827	-4.9	1100000001011010	3	1
6829	-4.6	1100000010100110	3	1
6832	-4.6	1100000001011110	3	1
6833	-4.6	1100000001100110	3	1
6834	-4.6	1100000001111010	3	1
6835	-4.6	1100000010100110	3	1
6837	-4.9	1100000001100110	3	1
6839	-4.9	1100000011100110	3	1
6841	-4.9	1100000001111110	3	1
6853	-4.6	0010000001100001	3	1
6861	-4.3	0000001110000001	4	2
6880	-4.6	0010000001100011	3	2
6887	-4.3	1100000000100000	4	2
6894	-2.9	1100000000011001	4	1
6902	-4.6	0000001110000001	4	2
6915	-4.6	1100000001100110	4	1
6922	-4.6	1100000000100000	4	2
6936	-4.9	0000001110000001	3	2
6949	-4.9	0000001110000101	3	2
7009	-4.9	0000001110100011	3	2
7020	-4.9	0000001110100101	3	2
7029	-4.9	1100000001100110	4	1
7036	-2.9	1100000000011001	4	1
7037	-4.6	1100000001011001	4	1
7051	-4.3	0000001110000001	3	2
7052	-4.3	0000001111000001	3	2
7079	-4.3	0000001110000011	3	2
7083	-4.6	0000001110000001	3	2
7090	-4.6	0000001110000011	3	2
7139	-4.9	1100000000000100	3	2
7141	-4.9	1100000000100000	3	2
7144	-4.9	1100000001100000	3	1
7148	-4.9	1100000000000110	3	1
7152	-4.9	1100000000011000	3	2
7160	-4.9	1100000000011010	3	1
7162	-4.9	1100000001011000	3	2
7175	-4.9	1100000000011100	3	2
7176	-4.9	1100000000111000	3	2
7178	-4.9	0000001110000011	3	2
7200	-4.9	1100000000100010	3	1
7201	-4.9	1100000001000100	3	2
7209	-4.9	1100000000100100	3	2
7216	-4.9	1100000001000010	3	1
7217	-4.9	1100000001100010	3	1
7219	-4.9	1100000000100110	3	1
7220	-4.9	1100000001100100	3	2
7224	-4.9	1100000001000110	3	1
7230	-4.9	1100000000111010	3	1
7231	-4.9	1100000001011100	3	2
7234	-4.9	1100000000111100	3	2
7240	-4.9	1100000001011010	3	1
7244	-4.9	1100000001011110	3	1
7245	-4.9	1100000001100110	3	1
7246	-4.9	1100000001111010	3	1
7252	-3.2	0000010000100000	4	1
7293	-4.3	0000001110000001	4	2
7295	-4.3	0000001110000001	4	2
7297	-4.3	0000001111000001	4	2
7325	-4.3	0000001110000101	4	2
7326	-4.3	0000001110000011	4	2
7330	-4.6	0000001110000001	4	2
7369	-4.3	0000001111000011	4	2
7372	-4.3	0000001111000101	4	2
7395	-4.6	0000001111000000	4	2
7435	-4.6	0000001110000001	4	2
7437	-4.6	0000001110000001	4	2
7439	-4.6	0000001111000001	4	2
7467	-4.6	0000001110000101	4	2
7468	-4.6	0000001110000011	4	2
7511	-4.6	0000001111000011	4	2
7514	-4.6	0000001111000101	4	2
8069	-4.6	0000010001100001	3	2
8096	-4.6	0000010001100011	3	2
8102	-3.2	0010000000000100	4	2
8247	-4.3	0010000001011001	4	2
8251	-4.9	0010000011111111	4	2
8252	-3.2	0010000000000100	5	2
8255	-4.6	0010000000000101	3	2
8256	-4.6	0010000000000101	3	2
8258	-4.9	0010000000000101	3	2
8264	-4.6	0010000000000111	3	2
8274	-4.3	0010000000011001	3	2
8275	-4.6	0010000000100001	3	1
8276	-4.6	0010000001000001	3	1
8277	-4.6	0010000000100001	3	1
8278	-4.6	0010000001000001	3	1
8279	-4.6	0010000001100001	3	1
8307	-4.9	0010000000100001	3	1
8308	-4.9	0010000001000001	3	1
8309	-4.9	0010000001100001	3	1
8330	-4.6	0010000000100011	3	2
8340	-4.6	0010000000100101	3	2
8343	-4.9	0010000000100101	3	2
8350	-4.6	0010000001000101	3	2
8351	-4.6	0010000001000011	3	2
8353	-4.9	0010000001000101	3	2
8354	-4.9	0010000001000011	3	2
8359	-4.6	0010000001100011	3	2
8368	-4.6	0010000001011001	3	2
8369	-4.6	0010000001011001	3	2
8370	-4.6	0010000001100101	3	2
8374	-4.6	0010000001011011	3	2
8377	-4.9	0010000001100101	3	2
8384	-4.6	0010000001100111	3	2
8386	-4.6	0010000001111001	3	2
8393	-4.3	0000010000000101	4	2
8413	-4.3	0000010000011001	4	2
8425	-4.3	0000010000100001	4	2
8426	-4.3	0000010001000001	4	2
8427	-4.3	0000010010000001	4	1
8428	-4.3	0000010010100001	4	1
8436	-4.3	0000010000011011	4	2
8439	-4.6	0000010000100001	4	2
8440	-4.6	0000010001000001	4	2
8441	-4.6	0000010001100001	4	2
8454	-4.3	0000010000011101	4	2
8469	-4.3	0000010010000101	4	1
8470	-4.3	0000010010000011	4	1
8474	-4.6	0000010010000001	4	1
8487	-4.9	0000010010000001	4	2
8496	-4.3	0000010000100011	4	2
8498	-4.6	0000010000100011	4	2
8511	-4.3	0000010000100101	4	2
8514	-4.6	0000010000100101	4	2
8528	-4.3	0000010001000101	4	2
8529	-4.3	0000010001000011	4	2
8540	-4.6	0000010001000101	4	2
8541	-4.6	0000010001000011	4	2
8551	-4.3	0000010010100011	4	1
8553	-4.3	0000010000111011	4	2
8554	-4.6	0000010001100011	4	2
8560	-4.3	0000010010011001	4	1
8561	-4.3	0000010001011001	4	2
8565	-4.3	0000010010100101	4	1
8568	-4.3	0000010010011101	4	1
8570	-4.6	0000010010100101	4	2
8571	-4.6	0000010001100101	4	2
8573	-4.3	0000010010100111	4	1
8575	-4.6	0000010010100101	4	1
8583	-4.6	0000010010011001	4	1
8585	-4.9	0000010011100111	4	2
8586	-4.9	0000010011111111	4	2
8587	-3.2	0000010000100000	5	2
8588	-4.6	0000010000000101	3	2
8589	-4.6	0000010000000101	3	2
8591	-4.9	0000010000000101	3	2
8597	-4.6	0000010000000111	3	2
8607	-4.3	0000010000011001	3	2
8608	-4.6	0000010000100001	3	2
8609	-4.6	0000010001000001	3	2
8610	-4.6	0000010000100001	3	2
8611	-4.6	0000010001000001	3	2
8612	-4.6	0000010001100001	3	2
8620	-4.3	0000010110000001	4	1
8622	-4.3	0000010110000001	4	1
8623	-4.3	0000010110100001	4	1
8640	-4.9	0000010000100001	3	2
8641	-4.9	0000010001000001	3	2
8642	-4.9	0000010001100001	3	2
8652	-4.3	0000010110000101	4	1
8653	-4.3	0000010110000011	4	1
8657	-4.6	0000010110000001	4	1
8663	-4.6	0000010000100011	3	2
8673	-4.6	0000010000100101	3	2
8676	-4.9	0000010000100101	3	2
8683	-4.6	0000010001000101	3	2
8684	-4.6	0000010001000011	3	2
8686	-4.9	0000010001000101	3	2
8687	-4.9	0000010001000011	3	2
8692	-4.6	0000010001100011	3	2
8695	-4.3	0000010110100011	4	1
8701	-4.6	0000010001011001	3	2
8702	-4.6	0000010001011001	3	2
8703	-4.6	0000010001100101	3	2
8704	-4.3	0000010110100101	4	1
8705	-4.3	0000010110100101	4	1
8707	-4.6	0000010001011011	3	2
8710	-4.9	0000010001100101	3	2
8711	-4.3	0000010110100111	4	1
8713	-4.6	0000010110100101	4	1
8717	-4.6	0000010001100111	3	2
8772	-2.9	1010000000111001	4	1
8782	-4.3	1010000000000101	6	1
8784	-4.6	1010000001100000	3	1
8787	-4.6	1010000000000110	3	1
8793	-4.6	1010000000011000	3	2
8794	-4.6	1010000000011000	3	2
8795	-4.9	1010000000011000	3	2
8815	-4.6	1010000000011010	3	2
8820	-4.6	1010000001011000	3	2
8826	-4.6	1010000000011100	3	2
8827	-4.6	1010000000111000	3	2
8847	-4.6	1010000000100010	3	1
8848	-4.6	1010000001000100	3	2
8858	-4.6	1010000000100100	3	2
8859	-4.6	1010000000100100	3	2
8860	-4.9	1010000000100100	3	2
8862	-4.6	1010000001000010	3	1
8864	-4.6	1010000001000010	3	1
8865	-4.6	1010000001100010	3	1
8869	-4.6	1010000000100110	3	1
8870	-4.6	1010000001100100	3	2
8874	-4.6	1010000001000110	3	1
8876	-4.9	1010000001000010	3	1
8881	-4.6	1010000000111010	3	1
8883	-4.6	1010000001011100	3	2
8885	-4.6	1010000000111100	3	2
8890	-4.6	1010000001011010	3	1
8891	-4.6	1010000001011010	3	1
8892	-4.6	1010000001100110	3	1
8893	-4.9	1010000001011010	3	1
8894	-4.6	1010000001011110	3	1
8895	-4.6	1010000001100110	3	1
8896	-4.6	1010000001111010	3	1
8897	-4.9	1010000001100110	3	1
8900	-4.9	1010000001111110	3	1
8901	-4.3	1010000000000101	6	1
8902	-4.6	1010000010100000	3	2
8904	-4.6	1010000001100000	3	1
8908	-4.6	1010000000000110	3	1
8910	-4.9	1010000011100000	3	2
8916	-4.6	1010000000011000	3	2
8917	-4.6	1010000000011000	3	2
8918	-4.9	1010000000011000	3	2
8933	-4.6	1010000000011010	3	2
8935	-4.6	1010000001011000	3	2
8949	-4.6	1010000000011100	3	2
8950	-4.6	1010000000111000	3	2
8972	-4.6	1010000000100010	3	1
8973	-4.6	1010000001000100	3	2
8982	-4.6	1010000000100100	3	2
8983	-4.6	1010000000100100	3	2
8984	-4.9	1010000000100100	3	2
8986	-4.6	1010000001000010	3	1
8989	-4.6	1010000001000010	3	1
8990	-4.6	1010000001100010	3	1
8992	-4.6	1010000000100110	3	1
8993	-4.6	1010000001100100	3	2
8997	-4.6	1010000001000110	3	1
9003	-4.9	1010000001000010	3	1
9006	-4.6	1010000000111010	3	1
9007	-4.6	1010000001011100	3	2
9010	-4.6	1010000000111100	3	2
9016	-4.6	1010000001011010	3	1
9017	-4.6	1010000001011010	3	1
9018	-4.9	1010000001011010	3	1
9020	-4.6	1010000010100110	3	1
9023	-4.6	1010000001011110	3	1
9024	-4.6	1010000001100110	3	1
9025	-4.6	1010000001111010	3	1
9026	-4.6	1010000010100110	3	1
9028	-4.9	1010000001100110	3	1
9030	-4.9	1010000011100110	3	1
9032	-4.9	1010000001111110	3	1
9035	-2.9	1010000000011001	4	1
9036	-4.6	1010000000111001	4	1
9037	-4.6	1010000001100110	4	1
9046	-4.6	0000010100000111	3	2
9049	-4.3	0000010110000001	3	1
9050	-4.3	0000010110000001	3	1
9051	-4.3	0000010110000001	3	1
9055	-4.3	0000010100100001	3	1
9056	-4.3	0000010110100001	3	1
9057	-4.3	0000010110100001	3	1
9062	-4.6	0000010110000001	3	2
9063	-4.6	0000010100100001	3	2
9064	-4.6	0000010101000001	3	2
9067	-4.3	0000010110000101	3	1
9068	-4.3	0000010110000101	3	1
9077	-4.3	0000010110100101	3	1
9087	-4.6	0000010110000101	3	2
9096	-4.3	0000010110000011	3	1
9097	-4.3	0000010110000011	3	1
9101	-4.6	0000010110000001	3	1
9106	-4.3	0000010110100011	3	1
9110	-4.6	0000010110100001	3	1
9112	-4.6	0000010110000011	3	2
9121	-4.3	0000010110000111	3	1
9125	-4.6	0000010110000101	3	1
9126	-4.6	0000010110000011	3	1
9138	-4.6	0000010110000111	3	2
9142	-4.9	0000010110000111	3	2
9156	-4.6	0000010100100011	3	2
9172	-4.6	0000010100100101	3	2
9191	-4.6	0000010101000101	3	2
9192	-4.6	0000010101000011	3	2
9204	-4.6	0000010110100011	3	1
9207	-4.6	0000010110100101	3	1
9212	-4.6	0000010110100011	3	1
9218	-4.6	0000010110100101	3	1
9220	-4.6	0000010110100101	3	1
9225	-4.6	0000010110100111	3	1
9233	-4.6	0000010110100111	3	1
9250	-2.9	1010000000011001	4	1
9272	-4.9	1010000001100000	3	1
9276	-4.9	1010000000000110	3	1
9280	-4.9	1010000000011000	3	2
9282	-4.6	0000011110000001	3	1
9288	-4.9	1010000000011010	3	2
9290	-4.9	1010000001011000	3	2
9295	-4.6	0000011110000101	3	1
9303	-4.9	1010000000011100	3	2
9304	-4.9	1010000000111000	3	2
9306	-4.9	0000010110000011	3	2
9328	-4.9	1010000000100010	3	1
9329	-4.9	1010000001000100	3	2
9337	-4.9	1010000000100100	3	2
9344	-4.9	1010000001000010	3	1
9345	-4.9	1010000001100010	3	1
9347	-4.9	1010000000100110	3	1
9348	-4.9	1010000001100100	3	2
9352	-4.9	1010000001000110	3	1
9358	-4.9	1010000000111010	3	2
9359	-4.9	1010000001011100	3	2
9362	-4.9	1010000000111100	3	2
9368	-4.9	1010000001011010	3	2
9372	-4.9	1010000001011110	3	1
9373	-4.9	1010000001100110	3	1
9374	-4.9	1010000001111010	3	1
9380	-4.6	0000010110100000	4	2
9385	-4.6	0000011000000111	3	1
9395	-4.3	0000011000011001	3	1
9396	-4.6	0000011000100001	3	1
9397	-4.6	0000011001000001	3	1
9398	-4.6	0000011000100001	3	1
9399	-4.6	0000011001000001	3	1
9408	-4.6	0000010110000001	4	2
9410	-4.6	0000010110000001	4	2
9411	-4.6	0000010110100001	4	2
9428	-4.9	0000011000100001	3	1
9429	-4.9	0000011001000001	3	1
9430	-4.9	0000011001100001	3	1
9440	-4.6	0000010110000101	4	2
9441	-4.6	0000010110000011	4	2
9451	-4.6	0000011000100011	3	1
9461	-4.6	0000011000100101	3	1
9464	-4.9	0000011000100101	3	1
9471	-4.6	0000011001000101	3	1
9472	-4.6	0000011001000011	3	1
9474	-4.9	0000011001000101	3	1
9475	-4.9	0000011001000011	3	1
9483	-4.6	0000010110100011	4	2
9492	-4.6	0000010110100101	4	2
9493	-4.6	0000010110100101	4	2
9498	-4.9	0000011001100101	3	1
9499	-4.6	0000010110100111	4	2
9835	-3.2	0110000000000110	4	2
9962	-3.2	0110000000000110	5	2
9963	-4.6	0110000000000111	3	2
9973	-4.3	0110000000011001	3	2
9974	-4.6	0110000000100001	3	1
9975	-4.6	0110000001000001	3	1
9976	-4.6	0110000000100001	3	1
9977	-4.6	0110000001000001	3	1
9978	-4.6	0110000001100001	3	1
10006	-4.9	0110000000100001	3	1
10007	-4.9	0110000001000001	3	1
10008	-4.9	0110000001100001	3	1
10029	-4.6	0110000000100011	3	1
10039	-4.6	0110000000100101	3	1
10042	-4.9	0110000000100101	3	1
10049	-4.6	0110000001000101	3	1
10050	-4.6	0110000001000011	3	1
10052	-4.9	0110000001000101	3	1
10053	-4.9	0110000001000011	3	1
10058	-4.6	0110000001100011	3	1
10067	-4.6	0110000001011001	3	2
10068	-4.6	0110000001011001	3	2
10069	-4.6	0110000001100101	3	1
10073	-4.6	0110000001011011	3	2
10076	-4.9	0110000001100101	3	1
10083	-4.6	0110000001100111	3	2
10085	-4.6	0110000001111001	3	2
10088	-4.3	1110000000000111	6	1
10089	-4.9	0000011100000111	3	2
10095	-4.6	1110000000011000	3	2
10096	-4.6	1110000000011000	3	2
10097	-4.9	1110000000011000	3	2
10113	-4.6	1110000000011010	3	2
10115	-4.6	1110000001011000	3	2
10129	-4.6	1110000000011100	3	2
10130	-4.6	1110000000111000	3	2
10152	-4.6	1110000000100010	3	1
10153	-4.6	1110000001000100	3	2
10162	-4.6	1110000000100100	3	2
10163	-4.6	1110000000100100	3	2
10164	-4.9	1110000000100100	3	2
10166	-4.6	1110000001000010	3	1
10169	-4.6	1110000001000010	3	1
10170	-4.6	1110000001100010	3	1
10172	-4.6	1110000000100110	3	2
10173	-4.6	1110000001100100	3	2
10177	-4.6	1110000001000110	3	2
10183	-4.9	1110000001000010	3	1
10186	-4.6	1110000000111010	3	2
10187	-4.6	1110000001011100	3	2
10190	-4.6	1110000000111100	3	2
10196	-4.6	1110000001011010	3	2
10197	-4.6	1110000001011010	3	2
10198	-4.9	1110000001011010	3	2
10200	-4.6	1110000010100110	3	2
10203	-4.6	1110000001011110	3	1
10204	-4.6	1110000001100110	3	1
10205	-4.6	1110000001111010	3	2
10206	-4.6	1110000010100110	3	2
10208	-4.9	1110000001100110	3	2
10210	-4.9	1110000011100110	3	2
10212	-4.9	1110000001111110	3	1
10215	-4.9	0000011110000001	3	2
10219	-4.9	0000011110000101	3	2
10225	-4.9	0000011110000011	3	2
10243	-4.6	0000011110000001	3	1
10244	-4.6	0000011110000001	3	1
10245	-4.6	0000011110000001	3	1
10246	-4.6	0000011110000001	3	1
10256	-4.9	0000011110000001	3	2
10257	-4.9	0000011100100001	3	2
10258	-4.9	0000011101000001	3	2
10261	-4.6	0000011110000101	3	1
10262	-4.6	0000011110000101	3	1
10276	-4.9	0000011110000101	3	2
10282	-4.6	0000011110000011	3	1
10283	-4.6	0000011110000011	3	1
10293	-4.9	0000011110000011	3	2
10299	-4.6	0000011110000111	3	1
10316	-4.9	0000011110000111	3	2
10335	-4.9	0000011100100011	3	2
10351	-4.9	0000011100100101	3	2
10368	-4.9	0000011101000101	3	2
10369	-4.9	0000011101000011	3	2
10411	-4.3	1000000110100110	3	1
10412	-4.6	1000000111100110	3	1
10434	-2.9	1000000110000001	4	1
10435	-2.9	1000000110000011	4	1
10440	-2.9	1000000110000001	4	1
10445	-2.9	1000000110000001	4	1
10452	-4.3	1000000110000100	3	1
10453	-4.3	1000000110000010	3	1
10454	-4.3	1000000110000110	3	1
10474	-2.9	1000000110000101	4	1
10475	-2.9	1000000110000011	4	1
10479	-2.9	1000000110000101	4	1
10480	-2.9	1000000110000011	4	1
10496	-4.3	1000000111000100	3	1
10508	-4.3	1000000110100100	3	1
10511	-4.3	1000000110100010	3	1
10512	-4.3	1000000111000010	3	1
10534	-4.3	1000000111000110	3	1
10547	-4.3	1000000110100110	3	1
10552	-4.3	1000000110100110	3	1
10555	-4.6	1000000111100110	3	1
10573	-2.9	1000000110000001	4	1
10578	-2.9	1000000110000001	4	1
10595	-2.9	1000000110000001	4	1
10600	-2.9	1000000110000101	4	1
10608	-4.3	1000000110000100	3	1
10609	-4.3	1000000110000010	3	1
10610	-4.3	1000000110000110	3	1
10617	-2.9	1000000110000101	4	1
10618	-2.9	1000000110000011	4	1
10622	-2.9	1000000110000101	4	1
10623	-2.9	1000000110000011	4	1
10641	-4.3	1000000111000100	3	1
10651	-4.3	1000000110100010	3	1
10652	-4.3	1000000111000010	3	1
10654	-4.3	1000000110100100	3	1
10689	-4.3	1000000110100110	3	1
10694	-4.3	1000000110100110	3	1
10697	-4.6	1000000111100110	3	1
10720	-2.9	1000000110000001	4	1
10722	-2.9	1000000110000001	4	1
10733	-2.9	1000000110000001	4	1
10747	-2.9	1000000110000101	4	1
10748	-2.9	1000000110000011	4	1
10752	-2.9	1000000110000101	4	1
10753	-2.9	1000000110000011	4	1
10808	-4.3	1000000110100110	3	1
10814	-4.3	1000000110100110	3	1
10818	-4.6	1000000111100110	3	1
10835	-4.6	0001100001100001	3	2
10862	-4.6	0001100001100011	3	2
10868	-3.2	0001100000011000	4	2
10869	-3.2	0001100000011000	4	2
10914	-4.3	1000001110000100	3	1
10915	-4.3	1000001110000010	3	1
10916	-4.3	1000001110000110	3	1
10947	-4.3	1000001111000100	3	1
10958	-4.3	1000001111000010	3	1
11007	-3.2	0001100000011000	4	2
11129	-4.3	0001100001011001	4	2
11130	-4.3	1000010010100110	3	1
11133	-4.9	0001100011111111	4	2
11134	-3.2	0001100000011000	5	2
11135	-3.2	0001100000011000	5	2
11137	-4.6	0001100000100001	3	2
11138	-4.6	0001100001000001	3	2
11139	-4.6	0001100001100001	3	2
11141	-4.6	0001100000100001	3	2
11142	-4.6	0001100001000001	3	2
11143	-4.6	0001100001100001	3	2
11168	-4.3	1000010110000100	3	1
11169	-4.3	1000010110000010	3	1
11170	-4.3	1000010110000110	3	1
11180	-4.6	0001100010000011	3	2
11208	-4.6	0001100000100011	3	2
11209	-4.6	0001100000100011	3	2
11221	-4.6	0001100001000011	3	2
11222	-4.6	0001100000100101	3	2
11224	-4.3	1000010110100100	3	1
11227	-4.3	1000010110100010	3	1
11237	-4.6	0001100001000101	3	2
11238	-4.6	0001100001000011	3	2
11243	-4.6	0001100001100011	3	2
11254	-4.6	0001100001011001	3	2
11255	-4.6	0001100001011001	3	2
11256	-4.6	0001100001100101	3	2
11258	-4.6	0001100001100101	3	2
11263	-4.3	1000010110100110	3	1
11268	-4.3	1000010110100110	3	1
11270	-4.6	0001100001100111	3	2
11272	-4.6	0001100001111001	3	2
11275	-3.2	0001100000011000	5	2
11277	-4.3	0001100000011001	3	2
11278	-4.6	0001100000100001	3	2
11279	-4.6	0001100001000001	3	2
11280	-4.6	0001100000100001	3	2
11281	-4.6	0001100001000001	3	2
11282	-4.6	0001100001100001	3	2
11310	-4.9	0001100000100001	3	2
11311	-4.9	0001100001000001	3	2
11312	-4.9	0001100001100001	3	2
11333	-4.6	0001100000100011	3	2
11343	-4.6	0001100000100101	3	2
11346	-4.9	0001100000100101	3	2
11353	-4.6	0001100001000101	3	2
11354	-4.6	0001100001000011	3	2
11356	-4.9	0001100001000101	3	2
11357	-4.9	0001100001000011	3	2
11362	-4.6	0001100001100011	3	2
11371	-4.6	0001100001011001	3	2
11372	-4.6	0001100001011001	3	2
11373	-4.6	0001100001100101	3	2
11377	-4.6	0001100001011011	3	2
11378	-4.3	1000010110100110	3	1
11380	-4.9	0001100001100101	3	2
11384	-4.3	1000010110100110	3	1
11387	-4.6	0001100001100111	3	2
11389	-4.6	0001100001111001	3	2
11395	-4.6	0001100001011001	4	2
11400	-5.2	0001100000011000	4	2
11401	-4.6	0001100000011001	3	2
11402	-4.9	0001100000100001	3	2
11403	-4.9	0001100001000001	3	2
11404	-4.9	0001100000100001	3	2
11405	-4.9	0001100001000001	3	2
11406	-4.9	0001100001100001	3	2
11457	-4.9	0001100000100011	3	2
11467	-4.9	0001100000100101	3	2
11477	-4.9	0001100001000101	3	2
11478	-4.9	0001100001000011	3	2
11486	-4.9	0001100001100011	3	2
11495	-4.9	0001100001011001	3	2
11496	-4.9	0001100001011001	3	2
11497	-4.9	0001100001100101	3	2
11501	-4.9	0001100001011011	3	2
11511	-4.9	0001100001100111	3	2
11513	-4.9	0001100001111001	3	2
11537	-4.3	1001100000011010	3	2
11538	-2.9	1001100000100001	4	1
11539	-2.9	1001100001000001	4	1
11541	-4.3	1001100001011000	3	2
11556	-4.3	1001100000011100	3	2
11557	-2.9	1001100000100001	4	1
11558	-2.9	1001100001000001	4	1
11559	-4.3	1001100000111000	3	2
11585	-4.3	1001100000100010	3	1
11587	-4.3	1001100001000100	3	2
11592	-2.9	1001100000100011	4	1
11594	-2.9	1001100000100011	4	1
11600	-4.3	1001100000100100	3	2
11602	-4.6	1001100000100100	3	2
11606	-2.9	1001100000100101	4	1
11609	-2.9	1001100000100101	4	1
11612	-4.3	1001100001000010	3	1
11613	-4.3	1001100001100010	3	1
11615	-2.9	1001100001000101	4	1
11616	-2.9	1001100001000011	4	1
11618	-2.9	1001100001000101	4	1
11619	-2.9	1001100001000011	4	1
11620	-4.3	1001100000100110	3	2
11622	-4.3	1001100001100100	3	2
11626	-4.3	1001100001000110	3	2
11628	-4.6	1001100001000010	3	1
11632	-4.3	1001100000111010	3	2
11633	-4.3	1001100001011100	3	2
11636	-4.3	1001100000111100	3	2
11644	-4.3	1001100001011010	3	2
11646	-4.6	1001100001011010	3	2
11649	-4.3	1001100001011110	3	2
11650	-4.3	1001100001100110	3	1
11651	-4.3	1001100001111010	3	2
11653	-4.6	1001100001100110	3	2
11656	-4.6	1001100001111110	3	2
11657	-4.3	1000010000100001	6	1
11673	-4.6	1000010000011010	3	1
11678	-4.6	1000010001011000	3	1
11684	-4.6	1000010000011100	3	1
11685	-4.6	1000010000111000	3	1
11701	-4.6	0001100110000001	4	2
11705	-4.6	1000010000100010	3	1
11706	-4.6	1000010001000100	3	1
11715	-4.6	1000010000100100	3	1
11716	-4.6	1000010000100100	3	1
11717	-4.9	1000010000100100	3	1
11719	-4.6	1000010001000010	3	1
11721	-4.6	1000010001000010	3	1
11722	-4.6	1000010001100010	3	1
11726	-4.6	1000010000100110	3	1
11727	-4.6	1000010001100100	3	1
11731	-4.6	1000010001000110	3	1
11733	-4.9	1000010001000010	3	1
11738	-4.6	1000010000111010	3	1
11740	-4.6	1000010001011100	3	1
11742	-4.6	1000010000111100	3	1
11747	-4.6	1000010001011010	3	1
11748	-4.6	1000010001011010	3	1
11749	-4.6	1000010001100110	3	1
11750	-4.9	1000010001011010	3	1
11751	-4.6	1000010001011110	3	1
11752	-4.6	1000010001100110	3	1
11754	-4.9	1000010001100110	3	1
11756	-4.6	0001100110011001	4	2
11757	-4.9	1000010001111110	3	1
11759	-4.3	1000001001000001	6	1
11774	-4.6	1000001000011010	3	1
11779	-4.6	1000001001011000	3	1
11785	-4.6	1000001000011100	3	1
11786	-4.6	1000001000111000	3	1
11806	-4.6	1000001000100010	3	1
11807	-4.6	1000001001000100	3	1
11816	-4.6	1000001000100100	3	1
11817	-4.6	1000001000100100	3	1
11818	-4.9	1000001000100100	3	1
11820	-4.6	1000001001000010	3	1
11822	-4.6	1000001001000010	3	1
11823	-4.6	1000001001100010	3	1
11827	-4.6	1000001000100110	3	1
11828	-4.6	1000001001100100	3	1
11832	-4.6	1000001001000110	3	1
11834	-4.9	1000001001000010	3	1
11839	-4.6	1000001000111010	3	1
11841	-4.6	1000001001011100	3	1
11843	-4.6	1000001000111100	3	1
11848	-4.6	1000001001011010	3	1
11849	-4.6	1000001001011010	3	1
11850	-4.6	1000001001100110	3	1
11851	-4.9	1000001001011010	3	1
11852	-4.6	1000001001011110	3	1
11853	-4.6	1000001001100110	3	1
11855	-4.9	1000001001100110	3	1
11858	-4.9	1000001001111110	3	1
11867	-4.6	0001100110000001	4	2
11874	-4.6	1000011000100100	3	1
11875	-4.6	1000011001000010	3	1
11878	-4.6	1001100001100110	4	2
11880	-4.6	0001100110000001	4	2
11882	-4.6	1000011000011010	3	1
11889	-4.6	0001100110000101	4	2
11890	-4.6	1000011001000100	3	1
11891	-4.6	1000011000100010	3	1
11892	-4.6	1000011001000010	3	1
11894	-4.6	1000011000100100	3	1
11899	-4.3	1000000110000001	6	1
11915	-4.6	1000000110000100	3	1
11916	-4.6	1000000110000010	3	1
11917	-4.6	1000000110000110	3	1
11920	-4.9	1000000110000100	3	1
11921	-4.9	1000000110000010	3	1
11922	-4.9	1000000110000110	3	1
11944	-4.6	1000000111000100	3	1
11945	-4.9	1000000111000100	3	1
11951	-4.6	1000000110100100	3	1
11953	-4.9	1000000110100100	3	1
11954	-4.6	1000000110100010	3	1
11955	-4.6	1000000111000010	3	1
11956	-4.6	1000000111100010	3	1
11957	-4.6	1000000111100100	3	1
11959	-4.9	1000000110100010	3	1
11960	-4.9	1000000111000010	3	1
11961	-4.9	1000000111100010	3	1
11963	-4.6	1000000111000110	3	1
11964	-4.9	1000000111000110	3	1
11970	-4.6	1000000110100110	3	1
11972	-4.9	1000000110100110	3	1
11973	-4.6	1000000111100110	3	1
11974	-4.6	1000000110100110	3	1
11976	-4.9	1000000111100110	3	1
11977	-4.9	1000000111100110	3	1
11979	-4.3	1000010000100001	6	1
11990	-4.6	1000010000011010	3	1
11992	-4.6	1000010001011000	3	1
12006	-4.6	1000010000011100	3	1
12007	-4.6	1000010000111000	3	1
12026	-4.6	0001100110000001	4	2
12029	-4.6	1000010000100010	3	1
12030	-4.6	1000010001000100	3	1
12039	-4.6	1000010000100100	3	1
12040	-4.6	1000010000100100	3	1
12041	-4.9	1000010000100100	3	1
12043	-4.6	1000010001000010	3	1
12046	-4.6	1000010001000010	3	1
12047	-4.6	1000010001100010	3	1
12049	-4.6	1000010000100110	3	1
12050	-4.6	1000010001100100	3	1
12054	-4.6	1000010001000110	3	1
12060	-4.9	1000010001000010	3	1
12063	-4.6	1000010000111010	3	1
12064	-4.6	1000010001011100	3	1
12067	-4.6	1000010000111100	3	1
12073	-4.6	1000010001011010	3	1
12074	-4.6	1000010001011010	3	1
12075	-4.9	1000010001011010	3	1
12077	-4.6	1000010010100110	3	1
12080	-4.6	1000010001011110	3	1
12081	-4.6	1000010001100110	3	1
12083	-4.6	1000010010100110	3	1
12085	-4.9	1000010001100110	3	1
12087	-4.9	1000010011100110	3	1
12088	-4.6	0001100110011001	4	2
12089	-4.9	1000010001111110	3	1
12091	-4.3	1000001001000001	6	1
12101	-4.6	1000001000011010	3	1
12103	-4.6	1000001001011000	3	1
12117	-4.6	1000001000011100	3	1
12118	-4.6	1000001000111000	3	1
12140	-4.6	1000001000100010	3	1
12141	-4.6	1000001001000100	3	1
12150	-4.6	1000001000100100	3	1
12151	-4.6	1000001000100100	3	1
12152	-4.9	1000001000100100	3	1
12154	-4.6	1000001001000010	3	1
12157	-4.6	1000001001000010	3	1
12158	-4.6	1000001001100010	3	1
12160	-4.6	1000001000100110	3	1
12161	-4.6	1000001001100100	3	1
12165	-4.6	1000001001000110	3	1
12171	-4.9	1000001001000010	3	1
12174	-4.6	1000001000111010	3	1
12175	-4.6	1000001001011100	3	1
12178	-4.6	1000001000111100	3	1
12184	-4.6	1000001001011010	3	1
12185	-4.6	1000001001011010	3	1
12186	-4.9	1000001001011010	3	1
12188	-4.6	1000001010100110	3	1
12191	-4.6	1000001001011110	3	1
12192	-4.6	1000001001100110	3	1
12194	-4.6	1000001010100110	3	1
12196	-4.9	1000001001100110	3	1
12198	-4.9	1000001011100110	3	1
12200	-4.9	1000001001111110	3	1
12202	-4.6	0001100110011000	4	2
12210	-4.6	0001100110000001	4	2
12211	-4.6	1000011000011010	3	1
12212	-4.6	0001100110000001	4	2
12227	-4.6	1000011000011100	3	1
12242	-4.6	0001100110000101	4	2
12243	-4.6	0001100110000011	4	2
12250	-4.6	1000011000100010	3	1
12251	-4.6	1000011001000100	3	1
12260	-4.6	1000011000100100	3	1
12261	-4.6	1000011000100100	3	1
12262	-4.9	1000011000100100	3	1
12264	-4.6	1000011001000010	3	1
12267	-4.6	1000011001000010	3	1
12270	-4.6	1000011000100110	3	1
12275	-4.6	1000011001000110	3	1
12281	-4.9	1000011001000010	3	1
12291	-4.6	0001100110011001	4	2
12292	-4.6	0001100110011001	4	2
12296	-4.9	1000011001011010	3	1
12297	-4.6	0001100110011101	4	2
12306	-4.9	1000011001100110	3	1
12325	-2.9	1010000110000001	4	1
12326	-2.9	1010000110000011	4	1
12331	-2.9	1010000110000001	4	1
12336	-2.9	1010000110000001	4	1
12343	-4.3	1010000110000100	3	2
12344	-4.3	1010000110000010	3	1
12345	-4.3	1010000110000110	3	1
12365	-2.9	1010000110000101	4	1
12366	-2.9	1010000110000011	4	1
12370	-2.9	1010000110000101	4	1
12371	-2.9	1010000110000011	4	1
12387	-4.3	1010000111000100	3	2
12399	-4.3	1010000110100100	3	2
12402	-4.3	1010000110100010	3	1
12403	-4.3	1010000111000010	3	1
12425	-4.3	1010000111000110	3	1
12438	-4.3	1010000110100110	3	1
12443	-4.3	1010000110100110	3	1
12446	-4.6	1010000111100110	3	1
12456	-2.9	1100000110000001	4	1
12464	-2.9	1010000110000001	4	1
12487	-2.9	1010000110000001	4	1
12489	-2.9	1010000110000001	4	1
12500	-2.9	1010000110000001	4	1
12514	-2.9	1010000110000101	4	1
12515	-2.9	1010000110000011	4	1
12519	-2.9	1010000110000101	4	1
12520	-2.9	1010000110000011	4	1
12575	-4.3	1010000110100110	3	1
12581	-4.3	1010000110100110	3	1
12585	-4.6	1010000111100110	3	1
12598	-4.3	0010000110000001	4	1
12603	-4.3	0010000110000001	4	1
12604	-4.3	0010000110100001	4	1
12605	-4.3	0010000111000001	4	1
12637	-4.3	0010000110000101	4	2
12638	-4.3	0010000110000011	4	2
12642	-4.6	0010000110000001	4	1
12687	-4.3	0010000111000011	4	2
12690	-4.3	0010000110100011	4	2
12691	-4.3	0010000111000011	4	2
12694	-4.3	0010000111000101	4	2
12701	-4.3	0010000110100101	4	2
12702	-4.3	0010000110100101	4	2
12704	-4.3	0010000111100101	4	2
12706	-4.6	0010000110100101	4	2
12707	-4.3	0010000110100111	4	2
12709	-4.6	0010000110100101	4	2
12714	-4.6	0010000110011001	4	2
12715	-4.6	0010000111100111	4	2
12725	-4.3	0100000110000001	4	1
12730	-4.3	0100000110000001	4	1
12731	-4.3	0100000110100001	4	1
12732	-4.3	0100000111000001	4	1
12764	-4.3	0100000110000101	4	1
12765	-4.3	0100000110000011	4	1
12769	-4.6	0100000110000001	4	1
12814	-4.3	0100000111000011	4	1
12817	-4.3	0100000110100011	4	1
12818	-4.3	0100000111000011	4	1
12821	-4.3	0100000111000101	4	1
12828	-4.3	0100000110100101	4	1
12829	-4.3	0100000110100101	4	1
12831	-4.3	0100000111100101	4	1
12833	-4.6	0100000110100101	4	1
12834	-4.3	0100000110100111	4	1
12836	-4.6	0100000110100101	4	1
12841	-4.6	0100000110011001	4	1
12842	-4.6	0100000111100111	4	1
12848	-4.3	0110000110000001	4	1
12882	-4.3	0110000111000011	4	1
12886	-4.3	0110000110100101	4	1
12888	-4.6	0110000110100101	4	1
12893	-4.6	1000000110000001	4	1
12897	-2.9	1000000110000011	4	1
12898	-4.3	1000000110000100	4	1
12899	-4.3	1000000110000010	4	1
12900	-4.3	1000000110000110	4	1
12901	-4.6	1000000110000001	4	1
12905	-4.6	1000000110000100	4	1
12906	-4.6	1000000110000010	4	1
12907	-4.6	1000000110000110	4	1
12909	-4.3	1000000111000010	4	1
12912	-4.6	1000000110011100	4	1
12913	-4.6	1000000111000110	4	1
12914	-4.6	1000000110011001	4	1
12916	-4.6	1000000110100101	4	1
12919	-4.3	1000010110000100	4	1
12920	-4.3	1000010110000010	4	1
12921	-4.3	1000010110000110	4	1
12922	-4.6	1000010110000001	4	1
12926	-4.6	1000010110000100	4	1
12927	-4.6	1000010110000010	4	1
12928	-4.6	1000010110000110	4	1
12936	-4.6	1100000110000001	4	1
12942	-4.6	1100000110011001	4	1
12944	-4.6	1100000110100101	4	1
12946	-3.2	0101100000011010	4	2
13336	-3.2	1000000110000001	4	1
13338	-4.6	1000000110000100	4	1
13339	-4.6	1000000110000010	4	1
13340	-4.6	1000000110000110	4	1
13341	-3.2	1000000110000001	4	1
13353	-2.9	1000000110000011	4	1
13356	-4.6	1000000111000001	4	1
13358	-4.6	1000000110100001	4	1
13359	-4.6	1000000111000001	4	1
13366	-2.9	1000000110000111	4	1
13367	-4.3	1000000110000100	4	1
13368	-4.3	1000000110000010	4	1
13369	-4.3	1000000110000110	4	1
13370	-4.6	1000000110000101	4	1
13371	-4.6	1000000110000011	4	1
13377	-4.6	1000000110000100	4	1
13378	-4.6	1000000110000010	4	1
13379	-4.6	1000000110000110	4	1
13380	-4.9	1000000110000001	4	1
13382	-4.3	1000000111000100	4	1
13383	-4.3	1000000111000100	4	1
13385	-4.3	1000000110100100	4	1
13391	-4.6	1000000111000100	4	1
13395	-4.6	1000000111000100	4	1
13396	-4.3	1000000111000010	4	1
13397	-4.3	1000000111000010	4	1
13398	-4.3	1000000110100010	4	1
13399	-4.3	1000000110100010	4	1
13400	-4.3	1000000111100010	4	1
13410	-4.6	1000000110100100	4	1
13411	-4.3	1000000111000110	4	1
13412	-4.3	1000000111000110	4	1
13413	-4.6	1000000111000010	4	1
13414	-4.3	1000000110100110	4	1
13415	-4.6	1000000110100010	4	1
13416	-4.6	1000000111000010	4	1
13423	-4.6	1000000110011100	4	1
13424	-4.6	1000000111000101	4	1
13426	-4.6	1000000110100101	4	1
13427	-4.6	1000000111000110	4	1
13431	-4.6	1000000110100011	4	1
13433	-4.6	1000000111000110	4	1
13436	-4.6	1000000110011010	4	1
13438	-4.6	1000000110011010	4	1
13441	-4.6	1000000110100110	4	1
13446	-4.6	1000000110100110	4	1
13447	-4.9	1000000110100101	4	1
13449	-4.6	1000000111100110	4	1
13450	-4.6	1000000110011110	4	1
13452	-4.9	1000000110011001	4	1
13453	-4.9	1000000111100111	4	1
13454	-5.2	1000000111111111	4	1
13468	-4.6	0101100001100011	3	1
13470	-3.2	0101100000011010	5	2
13489	-4.9	0101100000100001	3	1
13490	-4.9	0101100001000001	3	1
13491	-4.9	0101100001100001	3	1
13512	-4.6	0101100000100011	3	1
13522	-4.6	0101100000100101	3	2
13525	-4.9	0101100000100101	3	2
13532	-4.6	0101100001000101	3	2
13533	-4.6	0101100001000011	3	1
13535	-4.9	0101100001000101	3	2
13536	-4.9	0101100001000011	3	1
13541	-4.6	0101100001100011	3	1
13550	-4.6	0101100001011001	3	2
13551	-4.6	0101100001011001	3	2
13552	-4.6	0101100001100101	3	2
13556	-4.6	0101100001011011	3	2
13557	-4.3	1010010110100110	3	1
13559	-4.9	0101100001100101	3	2
13563	-4.3	1010010110100110	3	1
13566	-4.6	0101100001100111	3	2
13568	-4.6	0101100001111001	3	2
13602	-4.6	1000010000111001	4	1
13604	-4.6	0010000111000011	4	2
13606	-4.6	0010000110011001	4	2
13608	-4.6	0010000110100101	4	2
13610	-4.9	0010000110100101	4	2
13611	-4.6	1000010001100110	4	1
13643	-4.6	1000001000111001	4	1
13645	-4.6	0100000111000011	4	1
13647	-4.6	0100000110011001	4	1
13649	-4.6	0100000110100101	4	1
13651	-4.9	0100000110100101	4	1
13652	-4.6	1000001001100110	4	1
13685	-4.6	0110000111000011	4	1
13687	-4.6	0110000110011001	4	2
13689	-4.6	0110000110100101	4	1
13691	-4.9	0110000110100101	4	1
13692	-3.2	1000000110000001	4	1
13699	-2.9	1000000110000011	4	1
13700	-2.9	1000000110000011	4	1
13701	-4.3	1000000110000100	4	1
13702	-4.3	1000000110000010	4	1
13703	-4.6	1000000110000001	4	1
13708	-4.6	1000000110100001	4	1
13709	-4.6	1000000111000001	4	1
13713	-2.9	1000000110000111	4	1
13714	-4.3	1000000110000100	4	1
13715	-4.3	1000000110000010	4	1
13716	-4.3	1000000110000110	4	1
13717	-4.6	1000000110000101	4	1
13718	-4.6	1000000110000011	4	1
13724	-4.6	1000000110000100	4	1
13725	-4.6	1000000110000010	4	1
13726	-4.6	1000000110000110	4	1
13727	-4.9	1000000110000001	4	1
13729	-4.3	1000000111000100	4	1
13730	-4.3	1000000110100100	4	1
13737	-4.6	1000000111000100	4	1
13738	-4.3	1000000111000010	4	1
13739	-4.3	1000000111000010	4	1
13740	-4.3	1000000110100010	4	1
13741	-4.3	1000000110100010	4	1
13742	-4.3	1000000111100010	4	1
13748	-4.6	1000000110100100	4	1
13749	-4.3	1000000111000110	4	1
13750	-4.3	1000000110100110	4	1
13751	-4.6	1000000110100010	4	1
13752	-4.6	1000000111000010	4	1
13762	-4.6	1000000110011100	4	1
13763	-4.6	1000000111000101	4	1
13764	-4.6	1000000110100101	4	1
13768	-4.6	1000000110100011	4	1
13770	-4.6	1000000111000110	4	1
13773	-4.6	1000000110011010	4	1
13782	-4.6	1000000110100110	4	1
13783	-4.9	1000000110100101	4	1
13785	-4.6	1000000101100110	4	1
13786	-4.6	1000000111100110	4	1
13787	-4.6	1000000110011110	4	1
13789	-4.9	1000000110011001	4	1
13790	-4.9	1000000111100111	4	1
13791	-5.2	1000000111111111	4	1
13800	-4.3	1000010110000100	4	1
13801	-4.3	1000010110000010	4	1
13802	-4.6	1000010110000001	4	1
13807	-4.6	1000010110100001	4	1
13809	-4.9	0001101000100001	3	2
13810	-4.9	0001101001000001	3	2
13811	-4.9	0001101001100001	3	2
13813	-4.3	1000010110000100	4	1
13814	-4.3	1000010110000010	4	1
13815	-4.3	1000010110000110	4	1
13816	-4.6	1000010110000101	4	1
13817	-4.6	1000010110000011	4	1
13823	-4.6	1000010110000100	4	1
13824	-4.6	1000010110000010	4	1
13825	-4.6	1000010110000110	4	1
13826	-4.9	1000010110000001	4	1
13829	-4.3	1000010110100100	4	1
13832	-4.6	0001101000100011	3	2
13839	-4.3	1000010110100010	4	1
13840	-4.3	1000010110100010	4	1
13842	-4.6	0001101000100101	3	2
13845	-4.9	0001101000100101	3	2
13847	-4.6	1000010110100100	4	1
13849	-4.3	1000010110100110	4	1
13850	-4.6	1000010110100010	4	1
13852	-4.6	0001101001000101	3	2
13853	-4.6	0001101001000011	3	2
13855	-4.9	0001101001000101	3	2
13856	-4.9	0001101001000011	3	2
13863	-4.6	1000010110100101	4	1
13867	-4.6	1000010110100011	4	1
13870	-4.6	0001101001011001	3	2
13871	-4.6	0001101001011001	3	2
13876	-4.6	0001101001011011	3	2
13879	-4.9	0001101001100101	3	2
13881	-4.6	1000010110100110	4	1
13882	-4.9	1000010110100101	4	1
13888	-4.9	1000010110011001	4	1
13898	-4.3	1000001110000100	4	1
13899	-4.3	1000001110000010	4	1
13900	-4.6	1000001110000001	4	1
13906	-4.6	1000001111000001	4	1
13911	-4.3	1000001110000100	4	1
13912	-4.3	1000001110000010	4	1
13913	-4.3	1000001110000110	4	1
13914	-4.6	1000001110000101	4	1
13915	-4.6	1000001110000011	4	1
13921	-4.6	1000001110000100	4	1
13922	-4.6	1000001110000010	4	1
13923	-4.6	1000001110000110	4	1
13924	-4.9	1000001110000001	4	1
13926	-4.3	1000001111000100	4	1
13934	-4.6	1000001111000100	4	1
13935	-4.3	1000001111000010	4	1
13936	-4.3	1000001111000010	4	1
13946	-4.3	1000001111000110	4	1
13949	-4.6	1000001111000010	4	1
13960	-4.6	1000001111000101	4	1
13967	-4.6	1000001111000110	4	1
13980	-4.9	1000001110100101	4	1
13986	-4.9	1000001110011001	4	1
14276	-4.3	1010000110000101	6	1
14277	-4.6	1010000110000100	3	2
14278	-4.6	1010000110000010	3	1
14279	-4.6	1010000110000110	3	1
14282	-4.9	1010000110000100	3	2
14283	-4.9	1010000110000010	3	1
14284	-4.9	1010000110000110	3	1
14306	-4.6	1010000111000100	3	2
14307	-4.9	1010000111000100	3	2
14313	-4.6	1010000110100100	3	2
14315	-4.9	1010000110100100	3	2
14316	-4.6	1010000110100010	3	1
14317	-4.6	1010000111000010	3	1
14318	-4.6	1010000111100010	3	1
14319	-4.6	1010000111100100	3	2
14321	-4.9	1010000110100010	3	1
14322	-4.9	1010000111000010	3	1
14323	-4.9	1010000111100010	3	1
14325	-4.6	1010000111000110	3	1
14326	-4.9	1010000111000110	3	1
14332	-4.6	1010000110100110	3	1
14334	-4.9	1010000110100110	3	1
14335	-4.6	1010000111100110	3	1
14336	-4.6	1010000110100110	3	1
14338	-4.9	1010000111100110	3	1
14339	-4.9	1010000111100110	3	1
14341	-3.2	0010000110000100	5	2
14388	-4.6	0010000110100011	3	2
14392	-4.6	0010000110100101	3	2
14395	-4.6	0010000110100111	3	2
14405	-3.2	0100000110000010	5	1
14451	-4.6	0100000110100011	3	1
14455	-4.6	0100000110100101	3	1
14458	-4.6	0100000110100111	3	1
14468	-3.2	0110000110000110	5	2
14513	-4.6	0110000110100011	3	1
14517	-4.6	0110000110100101	3	1
14520	-4.6	0110000110100111	3	2
14526	-4.6	1101100001100110	4	2
14530	-3.2	0010000110000100	4	2
14591	-3.2	0110000110000110	4	2
14705	-4.9	0010000110100011	3	2
14716	-4.9	0010000110100101	3	2
14725	-4.9	1000010001100110	4	1
14784	-4.9	0100000110100011	3	1
14795	-4.9	0100000110100101	3	1
14804	-4.9	1000001001100110	4	1
14863	-4.9	0110000110100011	3	1
14874	-4.9	0110000110100101	3	1
14883	-4.9	1000011001100110	4	1
14893	-2.9	1100000110000001	4	1
14898	-2.9	1100000110000101	4	1
14906	-4.3	1100000110000100	3	2
14907	-4.3	1100000110000010	3	1
14908	-4.3	1100000110000110	3	1
14915	-2.9	1100000110000101	4	1
14916	-2.9	1100000110000011	4	1
14920	-2.9	1100000110000101	4	1
14921	-2.9	1100000110000011	4	1
14939	-4.3	1100000111000100	3	2
14949	-4.3	1100000110100010	3	1
14950	-4.3	1100000111000010	3	1
14952	-4.3	1100000110100100	3	2
14987	-4.3	1100000110100110	3	1
14992	-4.3	1100000110100110	3	1
14995	-4.6	1100000111100110	3	1
15002	-2.9	1100000110000001	4	1
15016	-2.9	1100000110000101	4	1
15017	-2.9	1100000110000011	4	1
15021	-2.9	1100000110000101	4	1
15022	-2.9	1100000110000011	4	1
15077	-4.3	1100000110100110	3	1
15083	-4.3	1100000110100110	3	1
15087	-4.6	1100000111100110	3	1
15099	-4.3	0010000110000101	4	2
15121	-4.3	0010000110000101	4	2
15122	-4.3	0010000110000011	4	2
15126	-4.6	0010000110000001	4	1
15172	-4.3	0010000110100101	4	2
15176	-4.3	0010000110100011	4	2
15177	-4.3	0010000111000011	4	2
15181	-4.3	0010000111000101	4	2
15186	-4.3	0010000110100101	4	2
15187	-4.3	0010000111100101	4	2
15190	-4.3	0010000110100111	4	2
15192	-4.6	0010000110100101	4	2
15197	-4.6	0010000110011001	4	2
15198	-4.6	0010000111100111	4	2
15207	-4.3	0100000110000101	4	1
15229	-4.3	0100000110000101	4	1
15230	-4.3	0100000110000011	4	1
15234	-4.6	0100000110000001	4	1
15280	-4.3	0100000110100101	4	1
15284	-4.3	0100000110100011	4	1
15285	-4.3	0100000111000011	4	1
15289	-4.3	0100000111000101	4	1
15294	-4.3	0100000110100101	4	1
15295	-4.3	0100000111100101	4	1
15298	-4.3	0100000110100111	4	1
15300	-4.6	0100000110100101	4	1
15305	-4.6	0100000110011001	4	1
15306	-4.6	0100000111100111	4	1
15311	-4.3	0110000110000101	4	1
15333	-4.3	0110000110100101	4	1
15341	-3.2	1000000110000001	4	1
15346	-4.6	1000000110000101	4	1
15354	-4.6	1000000110000100	3	1
15355	-4.6	1000000110000010	3	1
15356	-4.6	1000000110000110	3	1
15359	-2.9	1000000110000111	4	1
15368	-4.6	1000000110000101	4	1
15369	-4.6	1000000110000011	4	1
15373	-4.9	1000000110000001	4	1
15387	-4.6	1000000111000100	3	1
15397	-4.6	1000000110100010	3	1
15398	-4.6	1000000111000010	3	1
15400	-4.6	1000000110100100	3	1
15416	-4.6	1000000110011100	3	1
15419	-4.6	1000000110100101	4	1
15423	-4.6	1000000110100011	4	1
15424	-4.6	1000000111000011	4	1
15428	-4.6	1000000111000101	4	1
15430	-4.6	1000000110011001	4	1
15431	-4.6	1000000110011010	3	1
15433	-4.6	1000000110100101	4	1
15434	-4.6	1000000111100101	4	1
15435	-4.6	1000000110100110	3	1
15437	-4.6	1000000110100111	4	1
15439	-4.9	1000000110100101	4	1
15440	-4.6	1000000110100110	3	1
15444	-4.9	1000000110011001	4	1
15445	-4.9	1000000111100111	4	1
15446	-5.2	1000000111111111	4	1
15453	-3.2	0011100000011100	4	2
15773	-4.3	0011100001011001	4	2
15778	-4.6	1010000110000100	4	2
15779	-4.6	1010000110000010	4	1
15780	-4.6	1010000110000110	4	1
15782	-4.3	1010000111000010	4	1
15783	-4.6	1010000110011100	4	2
15784	-4.6	1010000111000110	4	1
15791	-3.2	0011100000011100	5	2
15794	-4.9	0011100000100001	3	1
15795	-4.9	0011100001000001	3	1
15796	-4.9	0011100001100001	3	1
15817	-4.6	0011100000100011	3	2
15827	-4.6	0011100000100101	3	2
15830	-4.9	0011100000100101	3	2
15837	-4.6	0011100001000101	3	2
15838	-4.6	0011100001000011	3	2
15840	-4.9	0011100001000101	3	2
15841	-4.9	0011100001000011	3	2
15846	-4.6	0011100001100011	3	2
15855	-4.6	0011100001011001	3	2
15856	-4.6	0011100001011001	3	2
15857	-4.6	0011100001100101	3	2
15861	-4.6	0011100001011011	3	2
15862	-4.3	1100010110100110	3	1
15864	-4.9	0011100001100101	3	2
15868	-4.3	1100010110100110	3	1
15871	-4.6	0011100001100111	3	2
15873	-4.6	0011100001111001	3	2
15897	-4.6	0010000110100101	4	2
15900	-4.6	1000010001011001	4	1
15926	-4.6	0100000110100101	4	1
15929	-4.6	1000001001011001	4	1
15955	-4.6	0110000110100101	4	1
15963	-4.9	0001110000100001	3	2
15964	-4.9	0001110001000001	3	2
15965	-4.9	0001110001100001	3	2
15975	-4.6	1000010110000101	4	1
15976	-4.6	1000010110000011	4	1
15980	-4.9	1000010110000001	4	1
15986	-4.6	0001110000100011	3	2
15996	-4.6	0001110000100101	3	2
15999	-4.9	0001110000100101	3	2
16006	-4.6	0001110001000101	3	2
16007	-4.6	0001110001000011	3	2
16009	-4.9	0001110001000101	3	2
16010	-4.9	0001110001000011	3	2
16018	-4.6	1000010110100011	4	1
16027	-4.6	1000010110100101	4	1
16028	-4.6	1000010110100101	4	1
16031	-4.6	1000010110100110	3	1
16033	-4.9	0001110001100101	3	2
16034	-4.6	1000010110100111	4	1
16036	-4.9	1000010110100101	4	1
16037	-4.6	1000010110100110	3	1
16042	-4.9	1000010110011001	4	1
16058	-4.6	1000001110000101	4	1
16059	-4.6	1000001110000011	4	1
16063	-4.9	1000001110000001	4	1
16102	-4.6	1000001111000011	4	1
16105	-4.6	1000001111000101	4	1
16119	-4.9	1000001110100101	4	1
16125	-4.9	1000001110011001	4	1
16128	-4.3	1100000110000011	6	1
16129	-4.6	1100000110000100	3	2
16130	-4.6	1100000110000010	3	1
16131	-4.6	1100000110000110	3	1
16134	-4.9	1100000110000100	3	2
16135	-4.9	1100000110000010	3	1
16136	-4.9	1100000110000110	3	1
16141	-4.6	1100000111000100	3	2
16143	-4.6	1100000100100100	3	2
16144	-4.6	1100000101000010	3	1
16145	-4.6	1100000110100010	3	1
16146	-4.6	1100000111000010	3	1
16147	-4.6	1100000111100010	3	1
16148	-4.6	1100000110100100	3	2
16150	-4.9	1100000110100100	3	2
16151	-4.9	1100000110100010	3	1
16152	-4.9	1100000111000010	3	1
16153	-4.6	1100000111100100	3	2
16155	-4.9	1100000111100100	3	2
16156	-4.6	1100000110011100	3	2
16160	-4.6	1100000110011010	3	1
16161	-4.6	1100000101011010	3	1
16162	-4.6	1100000101100110	3	1
16163	-4.6	1100000110011110	3	1
16164	-4.6	1100000110100110	3	1
16166	-4.6	1100000111100110	3	1
16167	-4.9	1100000110100110	3	1
16168	-4.6	1100000110100110	3	1
16170	-4.9	1100000111100110	3	1
16171	-4.9	1100000111100110	3	1
16173	-3.2	0010000110000100	5	2
16217	-3.2	0100000110000010	5	1
16260	-3.2	0110000110000110	5	2
16298	-4.6	1011100001100110	4	2
16302	-3.2	0010000110000100	4	2
16343	-3.2	0110000110000110	4	2
16399	-4.9	1000010000100010	3	1
16400	-4.9	1000010001000100	3	1
16408	-4.9	1000010000100100	3	1
16415	-4.9	1000010001000010	3	1
16416	-4.9	1000010001100010	3	1
16418	-4.9	1000010000100110	3	1
16419	-4.9	1000010001100100	3	1
16423	-4.9	1000010001000110	3	1
16429	-4.9	1000010000111010	3	1
16430	-4.9	1000010001011100	3	1
16433	-4.9	1000010000111100	3	1
16439	-4.9	1000010001011010	3	1
16443	-4.9	1000010001011110	3	1
16444	-4.9	1000010001100110	3	1
16445	-4.9	1000010001111010	3	1
16467	-4.9	1000001000100010	3	1
16468	-4.9	1000001001000100	3	1
16476	-4.9	1000001000100100	3	1
16483	-4.9	1000001001000010	3	1
16484	-4.9	1000001001100010	3	1
16486	-4.9	1000001000100110	3	1
16487	-4.9	1000001001100100	3	1
16491	-4.9	1000001001000110	3	1
16497	-4.9	1000001000111010	3	1
16498	-4.9	1000001001011100	3	1
16501	-4.9	1000001000111100	3	1
16507	-4.9	1000001001011010	3	1
16511	-4.9	1000001001011110	3	1
16512	-4.9	1000001001100110	3	1
16513	-4.9	1000001001111010	3	1
16535	-4.9	1000011000100010	3	1
16536	-4.9	1000011001000100	3	1
16544	-4.9	1000011000100100	3	1
16551	-4.9	1000011001000010	3	1
16552	-4.9	1000011001100010	3	1
16554	-4.9	1000011000100110	3	1
16555	-4.9	1000011001100100	3	1
16559	-4.9	1000011001000110	3	1
16565	-4.9	1000011000111010	3	1
16566	-4.9	1000011001011100	3	1
16569	-4.9	1000011000111100	3	1
16575	-4.9	1000011001011010	3	1
16579	-4.9	1000011001011110	3	1
16580	-4.9	1000011001100110	3	1
16591	-2.9	1110000110000101	4	1
16592	-2.9	1110000110000011	4	1
16596	-2.9	1110000110000101	4	1
16597	-2.9	1110000110000011	4	1
16652	-4.3	1110000110100110	3	1
16658	-4.3	1110000110100110	3	1
16662	-4.6	1110000111100110	3	1
16674	-4.3	0010000110000101	4	2
16675	-4.3	0010000110000011	4	2
16679	-4.6	0010000110000001	4	1
16717	-4.3	0010000110100011	4	2
16718	-4.3	0010000111000011	4	2
16721	-4.3	0010000111000101	4	2
16726	-4.3	0010000110100101	4	2
16727	-4.3	0010000110100101	4	2
16728	-4.3	0010000111100101	4	2
16733	-4.3	0010000110100111	4	2
16735	-4.6	0010000110100101	4	2
16741	-4.6	0010000110011001	4	2
16742	-4.6	0010000111100111	4	2
16751	-4.3	0100000110000101	4	1
16752	-4.3	0100000110000011	4	1
16756	-4.6	0100000110000001	4	1
16794	-4.3	0100000110100011	4	1
16795	-4.3	0100000111000011	4	1
16798	-4.3	0100000111000101	4	1
16803	-4.3	0100000110100101	4	1
16804	-4.3	0100000110100101	4	1
16805	-4.3	0100000111100101	4	1
16810	-4.3	0100000110100111	4	1
16812	-4.6	0100000110100101	4	1
16818	-4.6	0100000110011001	4	1
16819	-4.6	0100000111100111	4	1
16827	-4.3	0110000110000101	4	1
16828	-4.3	0110000110000011	4	1
16832	-4.6	0110000110000001	4	1
16870	-4.3	0110000110100011	4	1
16871	-4.3	0110000111000011	4	1
16874	-4.3	0110000111000101	4	1
16879	-4.3	0110000110100101	4	1
16880	-4.3	0110000110100101	4	1
16881	-4.3	0110000111100101	4	1
16886	-4.3	0110000110100111	4	2
16888	-4.6	0110000110100101	4	1
16894	-4.6	0110000110011001	4	2
16895	-4.6	0110000111100111	4	2
16897	-3.2	1010000110000101	4	1
16902	-4.6	1010000110000101	4	1
16903	-4.6	1010000110000011	4	1
16907	-4.9	1010000110000001	4	1
16945	-4.6	1010000110100011	4	1
16946	-4.6	1010000111000011	4	1
16949	-4.6	1010000111000101	4	1
16951	-4.6	1010000110011001	4	1
16952	-4.6	1010000110011001	4	1
16954	-4.6	1010000110100101	4	1
16955	-4.6	1010000110100101	4	1
16956	-4.6	1010000111100101	4	1
16957	-4.6	1010000110011101	4	1
16958	-4.6	1010000110100110	3	1
16961	-4.6	1010000110100111	4	1
16963	-4.9	1010000110100101	4	1
16964	-4.6	1010000110100110	3	1
16969	-4.9	1010000110011001	4	1
16970	-4.9	1010000111100111	4	1
16971	-5.2	1010000111111111	4	1
16972	-3.2	1100000110000011	4	1
16976	-4.6	1100000110000101	4	1
16977	-4.6	1100000110000011	4	1
16981	-4.9	1100000110000001	4	1
17019	-4.6	1100000110100011	4	1
17020	-4.6	1100000111000011	4	1
17023	-4.6	1100000111000101	4	1
17025	-4.6	1100000110011001	4	1
17026	-4.6	1100000110011001	4	1
17028	-4.6	1100000110100101	4	1
17029	-4.6	1100000110100101	4	1
17030	-4.6	1100000111100101	4	1
17031	-4.6	1100000110011101	4	1
17032	-4.6	1100000110100110	3	1
17035	-4.6	1100000110100111	4	1
17037	-4.9	1100000110100101	4	1
17038	-4.6	1100000110100110	3	1
17043	-4.9	1100000110011001	4	1
17044	-4.9	1100000111100111	4	1
17045	-5.2	1100000111111111	4	1
17262	-3.2	1010000110000101	4	1
17264	-4.6	1010000110000100	4	2
17265	-4.6	1010000110000010	4	1
17266	-4.6	1010000110000110	4	1
17267	-4.9	1010000110000001	4	1
17269	-4.3	1010000111000100	4	2
17270	-4.3	1010000110100100	4	2
17277	-4.6	1010000111000100	4	2
17278	-4.3	1010000111000010	4	1
17279	-4.3	1010000111000010	4	1
17280	-4.3	1010000110100010	4	1
17281	-4.3	1010000110100010	4	1
17282	-4.3	1010000111100010	4	1
17288	-4.6	1010000110100100	4	2
17289	-4.3	1010000111000110	4	1
17290	-4.3	1010000110100110	4	1
17291	-4.6	1010000110100010	4	1
17292	-4.6	1010000111000010	4	1
17302	-4.6	1010000110011100	4	2
17303	-4.6	1010000111000101	4	1
17304	-4.6	1010000110100101	4	1
17308	-4.6	1010000110100011	4	1
17310	-4.6	1010000111000110	4	1
17313	-4.6	1010000110011010	4	2
17322	-4.6	1010000110100110	4	1
17323	-4.9	1010000110100101	4	1
17325	-4.6	1010000101100110	4	1
17326	-4.6	1010000111100110	4	1
17327	-4.6	1010000110011110	4	1
17329	-4.9	1010000110011001	4	1
17330	-4.9	1010000111100111	4	1
17331	-5.2	1010000111111111	4	1
17332	-3.2	1100000110000011	4	1
17333	-4.6	1100000110000100	4	2
17334	-4.6	1100000110000010	4	1
17335	-4.6	1100000110000110	4	1
17336	-4.9	1100000110000001	4	1
17338	-4.3	1100000111000100	4	2
17339	-4.3	1100000110100100	4	2
17346	-4.6	1100000111000100	4	2
17347	-4.3	1100000111000010	4	1
17348	-4.3	1100000111000010	4	1
17349	-4.3	1100000110100010	4	1
17350	-4.3	1100000110100010	4	1
17351	-4.3	1100000111100010	4	1
17357	-4.6	1100000110100100	4	2
17358	-4.3	1100000111000110	4	1
17359	-4.3	1100000110100110	4	1
17360	-4.6	1100000110100010	4	1
17361	-4.6	1100000111000010	4	1
17371	-4.6	1100000110011100	4	2
17372	-4.6	1100000111000101	4	1
17373	-4.6	1100000110100101	4	1
17377	-4.6	1100000110100011	4	1
17379	-4.6	1100000111000110	4	1
17382	-4.6	1100000110011010	4	1
17391	-4.6	1100000110100110	4	1
17392	-4.9	1100000110100101	4	1
17394	-4.6	1100000101100110	4	1
17395	-4.6	1100000111100110	4	1
17396	-4.6	1100000110011110	4	1
17398	-4.9	1100000110011001	4	1
17399	-4.9	1100000111100111	4	1
17400	-5.2	1100000111111111	4	1
17401	-4.6	0010000110000100	4	2
17442	-4.6	0010000110100011	4	2
17443	-4.6	0010000111000011	4	2
17446	-4.6	0010000111000101	4	2
17448	-4.6	0010000110011001	4	2
17449	-4.6	0010000110011001	4	2
17451	-4.6	0010000110100101	4	2
17452	-4.6	0010000110100101	4	2
17453	-4.6	0010000111100101	4	2
17454	-4.6	0010000110011101	4	2
17458	-4.6	0010000110100111	4	2
17469	-4.6	0100000110000010	4	1
17509	-4.6	0100000110100011	4	1
17510	-4.6	0100000111000011	4	1
17513	-4.6	0100000111000101	4	1
17515	-4.6	0100000110011001	4	1
17516	-4.6	0100000110011001	4	1
17518	-4.6	0100000110100101	4	1
17519	-4.6	0100000110100101	4	1
17520	-4.6	0100000111100101	4	1
17521	-4.6	0100000110011101	4	1
17525	-4.6	0100000110100111	4	1
17536	-4.6	0110000110000110	4	2
17575	-4.6	0110000110100011	4	1
17576	-4.6	0110000111000011	4	1
17579	-4.6	0110000111000101	4	1
17581	-4.6	0110000110011001	4	2
17582	-4.6	0110000110011001	4	2
17584	-4.6	0110000110100101	4	1
17585	-4.6	0110000110100101	4	1
17586	-4.6	0110000111100101	4	1
17587	-4.6	0110000110011101	4	2
17591	-4.6	0110000110100111	4	2
17602	-5.2	1000000110000001	4	1
17604	-4.6	1000000111000100	4	1
17605	-4.6	1000000110100100	4	1
17608	-4.6	1000000110011100	4	1
17613	-4.6	1000000111000010	4	1
17614	-4.6	1000000111000010	4	1
17615	-4.6	1000000110100010	4	1
17616	-4.6	1000000110100010	4	1
17617	-4.6	1000000111100010	4	1
17618	-4.6	1000000110011010	4	1
17624	-4.6	1000000111000110	4	1
17625	-4.6	1000000110100110	4	1
17638	-4.9	1000000111000101	4	1
17639	-4.9	1000000110100101	4	1
17640	-4.9	1000000110100011	4	1
17641	-4.9	1000000111000011	4	1
17643	-4.9	1000000110100011	4	1
17644	-4.9	1000000111000101	4	1
17646	-4.9	1000000110011001	4	1
17647	-4.9	1000000110011001	4	1
17649	-4.9	1000000110100101	4	1
17650	-4.9	1000000110100101	4	1
17651	-4.9	1000000111100101	4	1
17652	-4.9	1000000110011101	4	1
17656	-4.9	1000000110100111	4	1
17768	-4.6	1110000110100110	3	2
17769	-4.6	1110000110100110	3	2
17771	-4.9	1110000111100110	3	2
17788	-4.9	1110000110100110	3	2
17789	-4.9	1110000110100110	3	2
17792	-5.5	1110000111111111	4	1
17827	-4.3	0010001001011001	4	2
17836	-4.6	0010001001100011	3	2
17842	-3.2	0100010000100010	4	1
17879	-4.3	0010001111000011	4	2
17882	-4.3	0010001111000101	4	2
17915	-4.6	0100010001100011	3	1
17921	-3.2	0100010000100010	5	1
17924	-4.6	0100010000100011	3	1
17934	-4.6	0100010000100101	3	1
17937	-4.9	0100010000100101	3	1
17944	-4.6	0100010001000101	3	1
17945	-4.6	0100010001000011	3	1
17947	-4.9	0100010001000101	3	1
17948	-4.9	0100010001000011	3	1
17953	-4.6	0100010001100011	3	1
17956	-4.3	0010010110100011	4	2
17962	-4.6	0100010001011001	3	1
17963	-4.6	0100010001011001	3	1
17964	-4.6	0100010001100101	3	1
17965	-4.3	0010010110100101	4	2
17966	-4.3	0010010110100101	4	2
17968	-4.6	0100010001011011	3	1
17971	-4.9	0100010001100101	3	1
17972	-4.3	0010010110100111	4	2
17974	-4.6	0010010110100101	4	2
17978	-4.6	0100010001100111	3	1
17989	-3.2	0010001001000100	5	2
17991	-4.6	0010001000100011	3	2
18001	-4.6	0010001000100101	3	2
18004	-4.9	0010001000100101	3	2
18011	-4.6	0010001001000101	3	2
18012	-4.6	0010001001000011	3	2
18014	-4.9	0010001001000101	3	2
18015	-4.9	0010001001000011	3	2
18020	-4.6	0010001001100011	3	2
18029	-4.6	0010001001011001	3	2
18030	-4.6	0010001001011001	3	2
18031	-4.6	0010001001100101	3	2
18035	-4.6	0010001001011011	3	2
18038	-4.9	0010001001100101	3	2
18045	-4.6	0010001001100111	3	2
18050	-3.2	0010001001000100	4	2
18112	-4.6	1100010000100100	3	2
18113	-4.6	1100010001000010	3	1
18115	-4.6	1100010001011010	3	1
18116	-4.6	1100010001100110	3	1
18118	-4.3	1100010000100011	6	1
18125	-4.6	1100010000100100	3	2
18126	-4.6	1100010000100100	3	2
18127	-4.9	1100010000100100	3	2
18129	-4.6	1100010001000010	3	1
18132	-4.6	1100010001000010	3	1
18133	-4.6	1100010001100010	3	1
18135	-4.6	1100010000100110	3	1
18136	-4.6	1100010001100100	3	2
18140	-4.6	1100010001000110	3	1
18146	-4.9	1100010001000010	3	1
18149	-4.6	1100010000111010	3	1
18150	-4.6	1100010001011100	3	1
18153	-4.6	1100010000111100	3	1
18159	-4.6	1100010001011010	3	1
18160	-4.6	1100010001011010	3	1
18161	-4.9	1100010001011010	3	1
18163	-4.6	1100010010100110	3	1
18166	-4.6	1100010001011110	3	1
18167	-4.6	1100010001100110	3	1
18169	-4.6	1100010010100110	3	1
18171	-4.9	1100010001100110	3	1
18173	-4.9	1100010011100110	3	1
18174	-4.6	0011100110011001	4	2
18175	-4.9	1100010001111110	3	1
18181	-4.6	0100001001100011	3	1
18193	-4.6	1100010001100110	4	1
18251	-4.9	0010001110100011	3	2
18262	-4.9	0010001110100101	3	2
18271	-4.9	1100010001100110	4	1
18276	-3.2	0100001001000010	4	1
18278	-3.2	0100001001000010	4	1
18337	-4.6	1100010001011001	4	1
18371	-3.2	0100001001000010	4	1
18427	-4.6	0010001111000100	4	2
18456	-4.6	0010001111000011	4	2
18459	-4.6	0010001111000101	4	2
18496	-4.3	0100001001011001	4	1
18504	-4.6	0010010001100011	3	2
18510	-3.2	0010010000100100	4	2
18511	-3.2	0010010000100100	4	2
18543	-4.3	0100001111000011	4	1
18547	-4.3	0100001111000101	4	1
18566	-3.2	0010010000100100	4	2
18593	-4.3	0100001111000011	4	1
18596	-4.3	0100001111000101	4	1
18619	-3.2	0010010000100100	5	2
18620	-3.2	0010010000100100	5	2
18622	-4.6	0010010001000011	3	2
18623	-4.6	0010010000100101	3	2
18638	-4.6	0010010001000101	3	2
18639	-4.6	0010010001000011	3	2
18644	-4.6	0010010001100011	3	2
18649	-4.3	0100010110100011	4	1
18655	-4.6	0010010001011001	3	2
18656	-4.6	0010010001011001	3	2
18657	-4.6	0010010001100101	3	2
18659	-4.6	0010010001100101	3	2
18660	-4.3	0100010110100101	4	1
18661	-4.3	0100010110100101	4	1
18665	-4.6	0100010110100101	4	1
18666	-4.3	0100010110100111	4	1
18668	-4.6	0100010110100101	4	1
18671	-4.6	0010010001100111	3	2
18676	-3.2	0010010000100100	5	2
18678	-4.6	0010010000100101	3	2
18681	-4.9	0010010000100101	3	2
18688	-4.6	0010010001000101	3	2
18689	-4.6	0010010001000011	3	2
18691	-4.9	0010010001000101	3	2
18692	-4.9	0010010001000011	3	2
18697	-4.6	0010010001100011	3	2
18700	-4.3	0100010110100011	4	1
18706	-4.6	0010010001011001	3	2
18707	-4.6	0010010001011001	3	2
18708	-4.6	0010010001100101	3	2
18709	-4.3	0100010110100101	4	1
18710	-4.3	0100010110100101	4	1
18712	-4.6	0010010001011011	3	2
18715	-4.9	0010010001100101	3	2
18716	-4.3	0100010110100111	4	1
18718	-4.6	0100010110100101	4	1
18722	-4.6	0010010001100111	3	2
18728	-4.6	0010010001011001	4	2
18733	-5.2	0010010000100100	4	2
18734	-4.9	0010010000100101	3	2
18744	-4.9	0010010001000101	3	2
18745	-4.9	0010010001000011	3	2
18753	-4.9	0010010001100011	3	2
18762	-4.9	0010010001011001	3	2
18763	-4.9	0010010001011001	3	2
18764	-4.9	0010010001100101	3	2
18768	-4.9	0010010001011011	3	2
18778	-4.9	0010010001100111	3	2
18780	-4.9	0010010001111001	3	2
18784	-4.6	1100001001000010	3	1
18786	-4.6	1100001001011010	3	1
18787	-4.6	1100001001100110	3	1
18788	-4.3	1010010000100101	6	1
18789	-4.6	1010010001000010	3	1
18792	-4.6	1010010001000010	3	1
18793	-4.6	1010010001100010	3	1
18795	-4.6	1010010000100110	3	1
18796	-4.6	1010010001100100	3	2
18800	-4.6	1010010001000110	3	1
18806	-4.9	1010010001000010	3	1
18809	-4.6	1010010000111010	3	1
18810	-4.6	1010010001011100	3	2
18813	-4.6	1010010000111100	3	2
18819	-4.6	1010010001011010	3	1
18820	-4.6	1010010001011010	3	1
18821	-4.9	1010010001011010	3	1
18823	-4.6	1010010010100110	3	1
18826	-4.6	1010010001011110	3	1
18827	-4.6	1010010001100110	3	1
18829	-4.6	1010010010100110	3	1
18831	-4.9	1010010001100110	3	1
18833	-4.9	1010010011100110	3	1
18834	-4.6	0101100110011001	4	2
18835	-4.9	1010010001111110	3	1
18837	-3.2	0100001001000010	5	1
18843	-3.2	0100001001000010	5	1
18851	-4.6	0100001001000101	3	1
18852	-4.6	0100001001000011	3	1
18857	-4.6	0100001001100011	3	1
18868	-4.6	0100001001011001	3	1
18869	-4.6	0100001001011001	3	1
18870	-4.6	0100001001100101	3	1
18872	-4.6	0100001001100101	3	1
18884	-4.6	0100001001100111	3	1
18889	-4.6	1010010000111001	4	1
18890	-4.6	1010010001100110	4	1
18902	-4.6	0010010110100011	3	2
18906	-4.6	0010010110100101	3	2
18909	-4.6	0010010110100111	3	2
18959	-4.9	0010010110100011	3	2
18970	-4.9	0010010110100101	3	2
18979	-4.9	1010010001100110	4	1
18995	-4.6	0100010110100011	3	1
18999	-4.6	0100010110100101	3	1
19002	-4.6	0100010110100111	3	1
19036	-4.9	1010010001000010	3	1
19037	-4.9	1010010001100010	3	1
19039	-4.9	1010010000100110	3	1
19040	-4.9	1010010001100100	3	2
19044	-4.9	1010010001000110	3	1
19050	-4.9	1010010000111010	3	2
19051	-4.9	1010010001011100	3	2
19054	-4.9	1010010000111100	3	2
19060	-4.9	1010010001011010	3	2
19064	-4.9	1010010001011110	3	1
19065	-4.9	1010010001100110	3	1
19066	-4.9	1010010001111010	3	1
19072	-3.2	0100001001000010	5	1
19078	-4.6	0100001001000101	3	1
19079	-4.6	0100001001000011	3	1
19081	-4.9	0100001001000101	3	1
19082	-4.9	0100001001000011	3	1
19087	-4.6	0100001001100011	3	1
19096	-4.6	0100001001011001	3	1
19097	-4.6	0100001001011001	3	1
19098	-4.6	0100001001100101	3	1
19102	-4.6	0100001001011011	3	1
19105	-4.9	0100001001100101	3	1
19112	-4.6	0100001001100111	3	1
19117	-4.6	0010010110100100	4	2
19122	-4.6	0100011001000101	3	1
19123	-4.6	0100011001000011	3	1
19125	-4.9	0100011001000101	3	1
19126	-4.9	0100011001000011	3	1
19134	-4.6	0010010110100011	4	2
19143	-4.6	0010010110100101	4	2
19144	-4.6	0010010110100101	4	2
19149	-4.9	0100011001100101	3	1
19150	-4.6	0010010110100111	4	2
19177	-4.3	0110001001011001	4	2
19185	-4.6	1100001001011001	4	1
19187	-3.2	0110010000100110	4	1
19204	-4.3	0110001111000011	4	1
19207	-4.3	0110001111000101	4	1
19230	-4.6	1010001000111001	4	1
19231	-4.6	1010001001100110	4	1
19234	-4.6	1100001001100110	4	1
19235	-3.2	0110010000100110	5	2
19238	-4.6	0110010001000101	3	1
19239	-4.6	0110010001000011	3	1
19241	-4.9	0110010001000101	3	1
19242	-4.9	0110010001000011	3	1
19247	-4.6	0110010001100011	3	1
19250	-4.3	0110010110100011	4	1
19256	-4.6	0110010001011001	3	2
19257	-4.6	0110010001011001	3	2
19258	-4.6	0110010001100101	3	1
19259	-4.3	0110010110100101	4	1
19260	-4.3	0110010110100101	4	1
19262	-4.6	0110010001011011	3	2
19265	-4.9	0110010001100101	3	1
19266	-4.3	0110010110100111	4	1
19268	-4.6	0110010110100101	4	1
19272	-4.6	0110010001100111	3	2
19278	-4.6	0100001001011001	4	1
19283	-4.6	0100010110100010	4	1
19285	-4.6	0010011001000101	3	2
19286	-4.6	0010011001000011	3	2
19288	-4.9	0010011001000101	3	2
19289	-4.9	0010011001000011	3	2
19297	-4.6	0100010110100011	4	1
19306	-4.6	0100010110100101	4	1
19307	-4.6	0100010110100101	4	1
19312	-4.9	0010011001100101	3	2
19313	-4.6	0100010110100111	4	1
19324	-4.6	0100001111000010	4	1
19338	-4.6	0100001111000011	4	1
19341	-4.6	0100001111000101	4	1
19364	-4.3	1010001001000101	6	1
19366	-4.6	1010001001000110	3	1
19372	-4.9	1010001001000010	3	1
19375	-4.6	1010001000111010	3	1
19376	-4.6	1010001001011100	3	2
19379	-4.6	1010001000111100	3	2
19385	-4.6	1010001001011010	3	1
19386	-4.6	1010001001011010	3	1
19387	-4.9	1010001001011010	3	1
19389	-4.6	1010001010100110	3	1
19392	-4.6	1010001001011110	3	1
19393	-4.6	1010001001100110	3	1
19395	-4.6	1010001010100110	3	1
19397	-4.9	1010001001100110	3	1
19399	-4.9	1010001011100110	3	1
19401	-4.9	1010001001111110	3	1
19403	-4.3	1100001001000011	6	1
19404	-4.6	1100001001000110	3	1
19410	-4.9	1100001001000010	3	1
19413	-4.6	1100001000111010	3	1
19414	-4.6	1100001001011100	3	1
19417	-4.6	1100001000111100	3	1
19423	-4.6	1100001001011010	3	1
19424	-4.6	1100001001011010	3	1
19425	-4.9	1100001001011010	3	1
19427	-4.6	1100001010100110	3	1
19430	-4.6	1100001001011110	3	1
19431	-4.6	1100001001100110	3	1
19433	-4.6	1100001010100110	3	1
19435	-4.9	1100001001100110	3	1
19437	-4.9	1100001011100110	3	1
19439	-4.9	1100001001111110	3	1
19441	-3.2	0110001001000110	5	2
19442	-4.9	0110001001000101	3	1
19443	-4.9	0110001001000011	3	1
19448	-4.6	0110001001100011	3	1
19457	-4.6	0110001001011001	3	2
19458	-4.6	0110001001011001	3	2
19459	-4.6	0110001001100101	3	1
19463	-4.6	0110001001011011	3	2
19466	-4.9	0110001001100101	3	1
19473	-4.6	0110001001100111	3	2
19483	-4.9	1010001000111010	3	2
19484	-4.9	1010001001011100	3	2
19487	-4.9	1010001000111100	3	2
19493	-4.9	1010001001011010	3	2
19497	-4.9	1010001001011110	3	1
19498	-4.9	1010001001100110	3	1
19499	-4.9	1010001001111010	3	1
19510	-4.9	1100001000111010	3	1
19511	-4.9	1100001001011100	3	2
19514	-4.9	1100001000111100	3	2
19520	-4.9	1100001001011010	3	1
19524	-4.9	1100001001011110	3	1
19525	-4.9	1100001001100110	3	1
19526	-4.9	1100001001111010	3	1
19532	-3.2	0110001001000110	4	2
19567	-4.9	0100010110100011	3	1
19578	-4.9	0100010110100101	3	1
19587	-4.9	1010001001100110	4	1
19593	-4.9	0100001110100011	3	1
19604	-4.9	0100001110100101	3	1
19613	-4.9	1100001001100110	4	1
19623	-5.2	0100001001000010	4	1
19624	-4.9	0100001001100011	3	1
19633	-4.9	0100001001011001	3	1
19634	-4.9	0100001001011001	3	1
19635	-4.9	0100001001100101	3	1
19639	-4.9	0100001001011011	3	1
19649	-4.9	0100001001100111	3	1
19651	-4.9	0100001001111001	3	1
19674	-4.3	1100010110100011	6	1
19676	-4.9	1100010111000110	3	1
19682	-4.6	1100010110100110	3	1
19684	-4.9	1100010110100110	3	1
19686	-4.6	1100010110100110	3	1
19691	-4.6	0011100110011100	4	2
19700	-4.6	0011100110011001	4	2
19701	-4.6	0011100110011001	4	2
19705	-4.9	1100011001011010	3	1
19706	-4.6	0011100110011101	4	2
19715	-4.9	1100011001100110	3	1
19724	-4.6	1010001111000011	4	1
19727	-4.6	1010001111000101	4	1
19741	-4.9	1010001110100101	4	1
19747	-4.9	1010001110011001	4	1
19757	-4.6	1010010110100011	4	1
19766	-4.6	1010010110100101	4	1
19767	-4.6	1010010110100101	4	1
19770	-4.6	1010010110100110	3	1
19772	-4.9	0101110001100101	3	2
19773	-4.6	1010010110100111	4	1
19775	-4.9	1010010110100101	4	1
19776	-4.6	1010010110100110	3	1
19781	-4.9	1010010110011001	4	1
19789	-4.6	1100010110100011	4	1
19792	-4.6	0011101001011001	3	2
19793	-4.6	0011101001011001	3	2
19798	-4.6	0011101001011011	3	2
19801	-4.9	0011101001100101	3	2
19803	-4.6	1100010110100110	4	1
19804	-4.9	1100010110100101	4	1
19810	-4.9	1100010110011001	4	1
19817	-4.6	1100001111000110	4	1
19830	-4.9	1100001110100101	4	1
19836	-4.9	1100001110011001	4	1
19859	-4.9	0110001110100101	3	1
19868	-4.9	1100011001100110	4	1
19879	-4.6	1100010110100101	4	1
19880	-4.6	1100010110100101	4	1
19883	-4.6	1100010110100110	3	1
19885	-4.9	0011110001100101	3	2
19886	-4.6	1100010110100111	4	1
19888	-4.9	1100010110100101	4	1
19889	-4.6	1100010110100110	3	1
19894	-4.9	1100010110011001	4	1
19903	-4.6	1010001111000110	4	1
19916	-4.9	1010001110100101	4	1
19922	-4.9	1010001110011001	4	1
19925	-4.6	0110001111000110	4	2
19952	-4.3	1001101001011001	6	1
19953	-4.6	1001100110011010	4	2
19954	-4.6	1001101001011010	3	2
19955	-4.6	1001101001011010	3	2
19957	-4.9	1001101001011010	3	2
19958	-4.6	1001101001011110	3	2
19960	-4.9	1001100110100101	4	1
19961	-4.9	1001101001100110	3	2
19962	-4.6	1001100110011110	4	2
19963	-4.9	1001100110011001	4	2
19965	-4.3	1001101001011001	6	1
19966	-4.6	1001100110011010	4	2
19967	-4.6	1001101001011010	3	2
19968	-4.6	1001101001011010	3	2
19969	-4.9	1001101001011010	3	2
19974	-4.6	1001101001011110	3	2
19976	-4.9	1001100110100101	4	1
19978	-4.6	1001100101100110	4	1
19979	-4.9	1001101001100110	3	2
19980	-4.6	1001100110011110	4	2
19982	-4.9	1001100110011001	4	2
19984	-5.2	1001100111111111	4	2
19986	-4.6	1001101001100110	4	2
19987	-4.3	1010010110100101	6	1
19991	-4.6	1010010110100110	3	1
19993	-4.9	1010010110100110	3	1
19995	-4.6	1010010110100110	3	1
20000	-4.6	0101100110011010	4	2
20003	-4.9	1010011001011010	3	1
20004	-4.6	0101100110011101	4	2
20013	-4.9	1010011001100110	3	1
20019	-4.6	1010010110100110	3	1
20020	-4.6	1010010110100110	3	1
20026	-4.6	1010010110100110	4	1
20031	-4.6	1010010110100110	4	1
20032	-4.9	1010010110100101	4	1
20037	-4.9	1010010110011001	4	1
20042	-4.6	0101101001011011	3	2
20045	-4.9	0101101001100101	3	2
20047	-4.6	1010010110100110	4	1
20048	-4.9	1010010110100101	4	1
20054	-4.9	1010010110011001	4	1
20058	-4.9	0110010110100101	4	1
20060	-5.2	0101101001011010	4	2
20061	-4.9	0101101001011011	3	2
20071	-4.9	0101101001100111	3	2
20076	-4.6	1110010110100110	3	1
20078	-4.6	1101101001011110	3	2
20080	-4.9	1011100110100101	4	1
20081	-4.6	1011100101100110	4	1
20082	-4.9	1101101001100110	3	2
20083	-4.6	1011100110011110	4	2
20084	-4.9	1011100110011001	4	2
20093	-4.6	0110010110100111	3	1
20105	-4.9	1010010110100101	6	1
20109	-4.9	1010010101100110	4	1
20112	-5.5	1010010111111111	4	1
20116	-4.9	1010011001100110	4	1
20121	-4.9	1010011001011110	3	1
20122	-4.9	1010011001100110	3	1
20130	-4.6	1110010110100110	4	2
20131	-4.9	1110010110100101	4	1
20137	-4.9	1110010110011001	4	1
20140	-4.6	0110010110100110	4	2
20150	-5.2	1010010110100101	4	1
20159	-4.6	1110010110100110	3	1
20184	-5.2	0110011001100110	4	2
20185	-4.9	0110011001100111	3	2
20190	-4.6	0111100110011110	4	2
20200	-5.2	1001100110011001	4	2
