891	-2.9	0000000000000001	5	2
902	-2.9	0000000000000011	5	2
913	-2.9	0000000001100001	5	2
940	-2.9	0000000001100011	5	2
946	-2.9	0000000000000000	4	2
947	-2.9	0000000000000000	4	2
1138	-2.9	0000000000000000	4	2
1318	-3.2	0000000011111111	4	2
1334	-3.2	0000000011111111	4	2
1335	-2.9	0000000000000000	5	2
1336	-2.9	0000000000000000	5	2
1338	-2.9	0000000000000001	5	2
1339	-2.9	0000000000000001	5	2
1359	-2.9	0000000000000011	5	2
1360	-2.9	0000000000000011	5	2
1374	-2.9	0000000000000101	5	2
1375	-2.9	0000000000000101	5	2
1382	-2.9	0000000000000111	5	2
1391	-2.9	0000000000100001	5	2
1392	-2.9	0000000001000001	5	2
1393	-2.9	0000000001100001	5	2
1395	-2.9	0000000000100001	5	2
1396	-2.9	0000000001000001	5	2
1397	-2.9	0000000001100001	5	2
1434	-2.9	0000000010000011	5	2
1462	-2.9	0000000000100011	5	2
1463	-2.9	0000000000100011	5	2
1475	-2.9	0000000001000011	5	2
1476	-2.9	0000000000100101	5	2
1491	-2.9	0000000001000101	5	2
1492	-2.9	0000000001000011	5	2
1497	-2.9	0000000001100011	5	2
1508	-2.9	0000000001011001	5	2
1509	-2.9	0000000001011001	5	2
1510	-2.9	0000000001100101	5	2
1512	-2.9	0000000001100101	5	2
1524	-2.9	0000000001100111	5	2
1526	-2.9	0000000001111001	5	2
1529	-2.9	0000000000000000	5	2
1531	-2.9	0000000000000001	5	2
1532	-2.9	0000000000000001	5	2
1533	-2.9	0000000000000001	5	2
1554	-2.9	0000000000000011	5	2
1555	-2.9	0000000000000011	5	2
1567	-2.9	0000000000000101	5	2
1568	-2.9	0000000000000101	5	2
1576	-2.9	0000000000000111	5	2
1587	-2.9	0000000000100001	5	2
1588	-2.9	0000000001000001	5	2
1589	-2.9	0000000000100001	5	2
1590	-2.9	0000000001000001	5	2
1591	-2.9	0000000001100001	5	2
1642	-2.9	0000000000100011	5	2
1652	-2.9	0000000000100101	5	2
1662	-2.9	0000000001000101	5	2
1663	-2.9	0000000001000011	5	2
1671	-2.9	0000000001100011	5	2
1680	-2.9	0000000001011001	5	2
1681	-2.9	0000000001011001	5	2
1682	-2.9	0000000001100101	5	2
1686	-2.9	0000000001011011	5	2
1696	-2.9	0000000001100111	5	2
1698	-2.9	0000000001111001	5	2
1717	-3.5	0000000000000000	4	2
1718	-3.2	0000000000000001	4	2
1719	-3.2	0000000000000001	4	2
1720	-3.2	0000000000000001	4	2
1741	-3.2	0000000000000011	4	2
1742	-3.2	0000000000000011	4	2
1754	-3.2	0000000000000101	4	2
1755	-3.2	0000000000000101	4	2
1763	-3.2	0000000000000111	4	2
1773	-2.9	0000000000011001	4	2
1774	-3.2	0000000000100001	4	2
1775	-3.2	0000000001000001	4	2
1776	-3.2	0000000000100001	4	2
1777	-3.2	0000000001000001	4	2
1778	-3.2	0000000001100001	4	2
1829	-3.2	0000000000100011	4	2
1839	-3.2	0000000000100101	4	2
1849	-3.2	0000000001000101	4	2
1850	-3.2	0000000001000011	4	2
1858	-3.2	0000000001100011	4	2
1867	-3.2	0000000001011001	4	2
1868	-3.2	0000000001011001	4	2
1869	-3.2	0000000001100101	4	2
1873	-3.2	0000000001011011	4	2
1883	-3.2	0000000001100111	4	2
1885	-3.2	0000000001111001	4	2
1895	-2.9	1000000011100000	4	2
1902	-2.9	1000000011100110	4	1
1903	-3.2	1000000011111111	4	1
1916	-2.9	1000000000000010	5	1
1917	-2.9	1000000001000000	5	2
1929	-2.9	1000000000000100	5	1
1930	-2.9	1000000000100000	5	2
1934	-2.9	1000000001100000	5	1
1937	-2.9	1000000000000110	5	1
1943	-2.9	1000000000011000	5	2
1944	-2.9	1000000000011000	5	2
1945	-3.2	1000000000011000	4	2
1963	-2.9	1000000000011010	5	1
1968	-2.9	1000000001011000	5	1
1974	-2.9	1000000000011100	5	1
1975	-2.9	1000000000111000	5	1
1995	-2.9	1000000000100010	5	1
1996	-2.9	1000000001000100	5	1
2005	-2.9	1000000000100100	5	1
2006	-2.9	1000000000100100	5	1
2007	-3.2	1000000000100100	4	1
2009	-2.9	1000000001000010	5	1
2011	-2.9	1000000001000010	5	1
2012	-2.9	1000000001100010	5	1
2016	-2.9	1000000000100110	5	1
2017	-2.9	1000000001100100	5	1
2021	-2.9	1000000001000110	5	1
2023	-3.2	1000000001000010	4	1
2028	-2.9	1000000000111010	5	1
2030	-2.9	1000000001011100	5	1
2032	-2.9	1000000000111100	5	1
2037	-2.9	1000000001011010	5	1
2038	-2.9	1000000001011010	5	1
2039	-2.9	1000000001100110	5	1
2040	-3.2	1000000001011010	4	1
2041	-2.9	1000000001011110	5	1
2042	-2.9	1000000001100110	5	1
2043	-2.9	1000000001111010	5	1
2044	-3.2	1000000001100110	4	1
2047	-3.2	1000000001111110	4	1
2057	-2.9	1000000001000000	5	2
2059	-2.9	1000000000000010	5	1
2060	-2.9	1000000000000010	5	1
2061	-2.9	1000000001000000	5	2
2066	-2.9	1000000000000100	5	1
2067	-2.9	1000000000000110	5	1
2071	-2.9	1000000000100000	5	2
2073	-2.9	1000000000000100	5	1
2074	-2.9	1000000000100000	5	2
2077	-2.9	1000000001100000	5	1
2078	-2.9	1000000001100000	5	1
2081	-2.9	1000000000000110	5	1
2085	-2.9	1000000000011000	5	2
2088	-2.9	1000000000011000	5	2
2089	-3.2	1000000000011000	4	2
2097	-2.9	1000000001011000	5	1
2099	-2.9	1000000000011010	5	1
2100	-2.9	1000000000011010	5	1
2102	-2.9	1000000001011000	5	1
2115	-2.9	1000000000011100	5	1
2119	-2.9	1000000000111000	5	1
2136	-2.9	1000000001000100	5	1
2138	-2.9	1000000000100010	5	1
2139	-2.9	1000000000100010	5	1
2140	-2.9	1000000001000100	5	1
2143	-2.9	1000000001000010	5	1
2144	-2.9	1000000001000110	5	1
2148	-2.9	1000000000100100	5	1
2151	-2.9	1000000000100100	5	1
2152	-3.2	1000000000100100	4	1
2154	-2.9	1000000001100010	5	1
2155	-2.9	1000000001000010	5	1
2156	-2.9	1000000001100010	5	1
2157	-2.9	1000000001100100	5	1
2159	-2.9	1000000000100110	5	1
2160	-2.9	1000000000100110	5	1
2161	-2.9	1000000001100100	5	1
2165	-2.9	1000000001000110	5	1
2167	-3.2	1000000001000010	4	1
2170	-2.9	1000000001011010	5	1
2171	-2.9	1000000000111010	5	1
2172	-2.9	1000000000111010	5	1
2173	-2.9	1000000001100110	5	1
2174	-2.9	1000000001011100	5	1
2176	-2.9	1000000000111100	5	1
2183	-2.9	1000000001011010	5	1
2184	-3.2	1000000001011010	4	1
2185	-2.9	1000000001011110	5	1
2186	-2.9	1000000001100110	5	1
2187	-2.9	1000000001111010	5	1
2188	-3.2	1000000001100110	4	1
2191	-3.2	1000000001111110	4	1
2196	-3.2	1000000000000001	4	1
2208	-2.9	1000000000000010	5	1
2210	-2.9	1000000001000000	5	2
2215	-3.2	1000000000000011	4	1
2223	-2.9	1000000000000100	5	1
2225	-2.9	1000000000100000	5	2
2228	-2.9	1000000010100000	5	2
2230	-2.9	1000000001100000	5	1
2234	-2.9	1000000000000110	5	1
2236	-3.2	1000000011100000	4	2
2242	-2.9	1000000000011000	5	2
2243	-2.9	1000000000011000	5	2
2244	-3.2	1000000000011000	4	2
2259	-2.9	1000000000011010	5	1
2261	-2.9	1000000001011000	5	1
2264	-3.2	1000000000100001	4	1
2265	-3.2	1000000001000001	4	1
2266	-3.2	1000000001100001	4	1
2275	-2.9	1000000000011100	5	1
2276	-2.9	1000000000111000	5	1
2298	-2.9	1000000000100010	5	1
2299	-2.9	1000000001000100	5	1
2302	-3.2	1000000000100011	4	1
2308	-2.9	1000000000100100	5	1
2309	-2.9	1000000000100100	5	1
2310	-3.2	1000000000100100	4	1
2312	-2.9	1000000001000010	5	1
2313	-3.2	1000000000100101	4	1
2315	-2.9	1000000001000010	5	1
2316	-2.9	1000000001100010	5	1
2318	-2.9	1000000000100110	5	1
2319	-2.9	1000000001100100	5	1
2323	-2.9	1000000001000110	5	1
2327	-3.2	1000000001000101	4	1
2328	-3.2	1000000001000011	4	1
2329	-3.2	1000000001000010	4	1
2332	-2.9	1000000000111010	5	1
2333	-2.9	1000000001011100	5	1
2335	-3.2	1000000001100011	4	1
2336	-2.9	1000000000111100	5	1
2342	-2.9	1000000001011010	5	1
2343	-2.9	1000000001011010	5	1
2344	-3.2	1000000001011010	4	1
2346	-2.9	1000000010100110	5	1
2347	-3.2	1000000001100101	4	1
2349	-2.9	1000000001011110	5	1
2350	-2.9	1000000001100110	5	1
2351	-2.9	1000000001111010	5	1
2352	-2.9	1000000010100110	5	1
2353	-2.9	1000000001100110	4	1
2354	-3.2	1000000001100110	4	1
2356	-3.2	1000000011100110	4	1
2358	-3.2	1000000001111110	4	1
2359	-3.5	1000000011111111	4	1
2474	-2.9	0000000110000001	3	2
2538	-2.9	0000000110100101	4	2
2541	-2.9	0000000110100101	3	2
2546	-2.9	0000000110011001	3	2
2760	-2.9	0000000110000001	4	2
2773	-2.9	0000000110000101	4	2
2801	-2.9	1000000000111001	4	1
2802	-2.9	0000000110100011	4	2
2806	-2.9	0000000110100101	4	2
3067	-2.9	0000000110000000	5	2
3098	-2.9	0000000110000001	5	2
3113	-2.9	0000000110000101	5	2
3161	-2.9	0000000110100011	5	2
3165	-2.9	0000000110100101	5	2
3168	-2.9	0000000110100111	5	2
3178	-2.9	0000000110000000	4	2
3298	-3.2	1000000000000011	4	1
3305	-2.9	1000000000100000	4	2
3307	-3.2	1000000000000101	4	1
3314	-3.2	1000000000000111	4	1
3319	-3.2	0000000110000001	4	2
3320	-3.2	1000000000100001	4	1
3321	-3.2	1000000001000001	4	1
3322	-3.2	1000000001100001	4	1
3332	-3.2	0000000110000101	4	2
3368	-3.2	1000000000100011	4	1
3376	-3.2	1000000000100101	4	1
3387	-3.2	1000000001000101	4	1
3388	-3.2	1000000001000011	4	1
3392	-3.2	0000000110100011	4	2
3393	-3.2	1000000001100011	4	1
3402	-3.2	1000000001011001	4	1
3403	-3.2	0000000110100101	4	2
3404	-3.2	1000000001100101	4	1
3414	-3.2	1000000001100111	4	1
3415	-3.2	1000000001111001	4	1
3526	-2.9	0000000110000001	3	2
3592	-2.9	0000000110100101	3	2
3597	-2.9	0000000110011001	3	2
3821	-2.9	0000000110000011	4	2
3845	-2.9	1000000001011001	4	1
3850	-2.9	0000000110000000	5	2
3910	-2.9	0000000110000011	5	2
3971	-2.9	1000000000100000	3	2
4009	-3.2	0000000110000011	4	2
4178	-2.9	0000000110000001	3	2
4234	-2.9	0000000110100101	3	2
4240	-2.9	0000000110011001	3	2
4402	-2.9	0000000110000000	4	2
5359	-2.9	0000001000000011	5	2
5370	-2.9	0000001001100001	5	2
5397	-2.9	0000001001100011	5	2
5403	-2.9	0100000000000010	4	1
5569	-3.2	0100000011111111	4	1
5572	-2.9	0100000000000011	5	1
5583	-2.9	0100000001100001	5	1
5610	-2.9	0100000001100011	5	1
5616	-2.9	0100000000000010	5	1
5621	-2.9	0100000000000011	5	1
5622	-2.9	0100000000000011	5	1
5634	-2.9	0100000000000101	5	1
5635	-2.9	0100000000000101	5	1
5643	-2.9	0100000000000111	5	1
5654	-2.9	0100000000100001	5	1
5655	-2.9	0100000001000001	5	1
5656	-2.9	0100000000100001	5	1
5657	-2.9	0100000001000001	5	1
5658	-2.9	0100000001100001	5	1
5709	-2.9	0100000000100011	5	1
5719	-2.9	0100000000100101	5	1
5729	-2.9	0100000001000101	5	1
5730	-2.9	0100000001000011	5	1
5738	-2.9	0100000001100011	5	1
5747	-2.9	0100000001011001	5	1
5748	-2.9	0100000001011001	5	1
5749	-2.9	0100000001100101	5	1
5753	-2.9	0100000001011011	5	1
5763	-2.9	0100000001100111	5	1
5765	-2.9	0100000001111001	5	1
6000	-2.9	0000001001000000	5	2
6003	-2.9	0000001000000011	5	2
6004	-2.9	0000001000000011	5	2
6016	-2.9	0000001000000101	5	2
6017	-2.9	0000001000000101	5	2
6025	-2.9	0000001000000111	5	2
6036	-2.9	0000001000100001	5	2
6037	-2.9	0000001001000001	5	2
6038	-2.9	0000001000100001	5	2
6039	-2.9	0000001001000001	5	2
6040	-2.9	0000001001100001	5	2
6091	-2.9	0000001000100011	5	2
6101	-2.9	0000001000100101	5	2
6111	-2.9	0000001001000101	5	2
6112	-2.9	0000001001000011	5	2
6120	-2.9	0000001001100011	5	2
6129	-2.9	0000001001011001	5	2
6130	-2.9	0000001001011001	5	2
6131	-2.9	0000001001100101	5	2
6135	-2.9	0000001001011011	5	2
6145	-2.9	0000001001100111	5	2
6150	-2.9	0000001001000000	4	2
6533	-2.9	1100000000011000	5	2
6559	-2.9	1100000000100100	5	2
6560	-2.9	1100000001000010	5	1
6562	-2.9	1100000001011010	5	1
6563	-2.9	1100000001100110	5	1
6565	-2.9	1100000000000100	5	2
6566	-2.9	1100000000000110	5	1
6570	-2.9	1100000000100000	5	2
6572	-2.9	1100000000000100	5	2
6573	-2.9	1100000000100000	5	2
6576	-2.9	1100000001100000	5	1
6577	-2.9	1100000001100000	5	1
6580	-2.9	1100000000000110	5	1
6584	-2.9	1100000000011000	5	2
6587	-2.9	1100000000011000	5	2
6588	-3.2	1100000000011000	4	2
6600	-2.9	1100000001011000	5	2
6602	-2.9	1100000000011010	5	1
6603	-2.9	1100000000011010	5	1
6605	-2.9	1100000001011000	5	2
6618	-2.9	1100000000011100	5	2
6622	-2.9	1100000000111000	5	2
6639	-2.9	1100000001000100	5	2
6641	-2.9	1100000000100010	5	1
6642	-2.9	1100000000100010	5	1
6643	-2.9	1100000001000100	5	2
6646	-2.9	1100000001000010	5	1
6647	-2.9	1100000001000110	5	1
6651	-2.9	1100000000100100	5	2
6654	-2.9	1100000000100100	5	2
6655	-3.2	1100000000100100	4	2
6658	-2.9	1100000001100010	5	1
6659	-2.9	1100000001000010	5	1
6660	-2.9	1100000001100010	5	1
6661	-2.9	1100000001100100	5	2
6663	-2.9	1100000000100110	5	1
6664	-2.9	1100000000100110	5	1
6665	-2.9	1100000001100100	5	2
6669	-2.9	1100000001000110	5	1
6671	-3.2	1100000001000010	4	1
6674	-2.9	1100000001011010	5	1
6675	-2.9	1100000000111010	5	1
6676	-2.9	1100000000111010	5	1
6677	-2.9	1100000001100110	5	1
6678	-2.9	1100000001011100	5	1
6680	-2.9	1100000000111100	5	1
6688	-2.9	1100000001011010	5	1
6689	-3.2	1100000001011010	4	1
6690	-2.9	1100000001011110	5	1
6691	-2.9	1100000001100110	5	1
6692	-2.9	1100000001111010	5	1
6693	-3.2	1100000001100110	4	1
6696	-3.2	1100000001111110	4	1
6698	-3.2	1100000000000011	4	1
6706	-2.9	1100000000000100	5	2
6708	-2.9	1100000000100000	5	2
6711	-2.9	1100000010100000	5	2
6713	-2.9	1100000001100000	5	1
6717	-2.9	1100000000000110	5	1
6719	-3.2	1100000011100000	4	2
6725	-2.9	1100000000011000	5	2
6726	-2.9	1100000000011000	5	2
6727	-3.2	1100000000011000	4	2
6742	-2.9	1100000000011010	5	1
6744	-2.9	1100000001011000	5	2
6747	-3.2	1100000000100001	4	1
6748	-3.2	1100000001000001	4	1
6749	-3.2	1100000001100001	4	1
6758	-2.9	1100000000011100	5	2
6759	-2.9	1100000000111000	5	2
6781	-2.9	1100000000100010	5	1
6782	-2.9	1100000001000100	5	2
6785	-3.2	1100000000100011	4	1
6791	-2.9	1100000000100100	5	2
6792	-2.9	1100000000100100	5	2
6793	-3.2	1100000000100100	4	2
6795	-2.9	1100000001000010	5	1
6796	-3.2	1100000000100101	4	1
6798	-2.9	1100000001000010	5	1
6799	-2.9	1100000001100010	5	1
6801	-2.9	1100000000100110	5	1
6802	-2.9	1100000001100100	5	2
6806	-2.9	1100000001000110	5	1
6810	-3.2	1100000001000101	4	1
6811	-3.2	1100000001000011	4	1
6812	-3.2	1100000001000010	4	1
6815	-2.9	1100000000111010	5	1
6816	-2.9	1100000001011100	5	1
6818	-3.2	1100000001100011	4	1
6819	-2.9	1100000000111100	5	1
6825	-2.9	1100000001011010	5	1
6826	-2.9	1100000001011010	5	1
6827	-3.2	1100000001011010	4	1
6829	-2.9	1100000010100110	5	1
6830	-3.2	1100000001100101	4	1
6832	-2.9	1100000001011110	5	1
6833	-2.9	1100000001100110	5	1
6834	-2.9	1100000001111010	5	1
6835	-2.9	1100000010100110	5	1
6836	-2.9	1100000001100110	4	1
6837	-3.2	1100000001100110	4	1
6839	-3.2	1100000011100110	4	1
6841	-3.2	1100000001111110	4	1
6842	-3.5	1100000011111111	4	1
6853	-2.9	0010000001100001	5	1
6880	-2.9	0010000001100011	5	2
6922	-2.9	1100000000100000	4	2
6924	-3.2	1100000000000101	4	1
6931	-3.2	1100000000000111	4	1
6936	-3.2	0000001110000001	4	2
6937	-3.2	1100000000100001	4	1
6938	-3.2	1100000001000001	4	1
6939	-3.2	1100000001100001	4	1
6949	-3.2	0000001110000101	4	2
6985	-3.2	1100000000100011	4	1
6993	-3.2	1100000000100101	4	1
7004	-3.2	1100000001000101	4	1
7005	-3.2	1100000001000011	4	1
7009	-3.2	0000001110100011	4	2
7010	-3.2	1100000001100011	4	1
7019	-3.2	1100000001011001	4	1
7020	-3.2	0000001110100101	4	2
7021	-3.2	1100000001100101	4	1
7031	-3.2	1100000001100111	4	1
7032	-3.2	1100000001111001	4	1
7037	-2.9	1100000001011001	4	1
7090	-2.9	0000001110000011	5	2
7140	-2.9	1100000000100000	3	2
7178	-3.2	0000001110000011	4	2
7252	-2.9	0000010000100000	4	1
7330	-2.9	0000001110000001	3	2
8069	-2.9	0000010001100001	5	2
8096	-2.9	0000010001100011	5	2
8102	-2.9	0010000000000100	4	2
8251	-3.2	0010000011111111	4	2
8252	-2.9	0010000000000100	5	2
8255	-2.9	0010000000000101	5	2
8256	-2.9	0010000000000101	5	2
8264	-2.9	0010000000000111	5	2
8275	-2.9	0010000000100001	5	1
8276	-2.9	0010000001000001	5	1
8277	-2.9	0010000000100001	5	1
8278	-2.9	0010000001000001	5	1
8279	-2.9	0010000001100001	5	1
8330	-2.9	0010000000100011	5	2
8340	-2.9	0010000000100101	5	2
8350	-2.9	0010000001000101	5	2
8351	-2.9	0010000001000011	5	2
8359	-2.9	0010000001100011	5	2
8368	-2.9	0010000001011001	5	2
8369	-2.9	0010000001011001	5	2
8370	-2.9	0010000001100101	5	2
8374	-2.9	0010000001011011	5	2
8384	-2.9	0010000001100111	5	2
8386	-2.9	0010000001111001	5	2
8396	-2.9	0000010000000101	3	2
8439	-2.9	0000010000100001	4	2
8440	-2.9	0000010001000001	4	2
8441	-2.9	0000010001100001	4	2
8457	-2.9	0000010000100001	3	2
8458	-2.9	0000010001000001	3	2
8459	-2.9	0000010001100001	3	2
8474	-2.9	0000010010000001	3	1
8481	-2.9	0000010010000111	3	2
8487	-3.2	0000010010000001	4	2
8498	-2.9	0000010000100011	4	2
8514	-2.9	0000010000100101	4	2
8518	-2.9	0000010000100101	3	2
8537	-2.9	0000010001000101	3	2
8538	-2.9	0000010001000011	3	2
8540	-2.9	0000010001000101	4	2
8541	-2.9	0000010001000011	4	2
8554	-2.9	0000010001100011	4	2
8570	-2.9	0000010010100101	4	2
8571	-2.9	0000010001100101	4	2
8572	-2.9	0000010001100101	3	2
8575	-2.9	0000010010100101	3	1
8583	-2.9	0000010010011001	3	1
8585	-3.2	0000010011100111	4	2
8586	-3.2	0000010011111111	4	1
8587	-2.9	0000010000100000	5	2
8588	-2.9	0000010000000101	5	2
8589	-2.9	0000010000000101	5	2
8597	-2.9	0000010000000111	5	2
8608	-2.9	0000010000100001	5	2
8609	-2.9	0000010001000001	5	2
8610	-2.9	0000010000100001	5	2
8611	-2.9	0000010001000001	5	2
8612	-2.9	0000010001100001	5	2
8657	-2.9	0000010110000001	3	1
8663	-2.9	0000010000100011	5	2
8673	-2.9	0000010000100101	5	2
8683	-2.9	0000010001000101	5	2
8684	-2.9	0000010001000011	5	2
8692	-2.9	0000010001100011	5	2
8701	-2.9	0000010001011001	5	2
8702	-2.9	0000010001011001	5	2
8703	-2.9	0000010001100101	5	2
8707	-2.9	0000010001011011	5	2
8717	-2.9	0000010001100111	5	2
8784	-2.9	1010000001100000	5	1
8787	-2.9	1010000000000110	5	1
8793	-2.9	1010000000011000	5	2
8794	-2.9	1010000000011000	5	2
8795	-3.2	1010000000011000	4	2
8815	-2.9	1010000000011010	5	2
8820	-2.9	1010000001011000	5	2
8826	-2.9	1010000000011100	5	2
8827	-2.9	1010000000111000	5	2
8847	-2.9	1010000000100010	5	1
8848	-2.9	1010000001000100	5	2
8858	-2.9	1010000000100100	5	2
8859	-2.9	1010000000100100	5	2
8860	-3.2	1010000000100100	4	2
8862	-2.9	1010000001000010	5	1
8864	-2.9	1010000001000010	5	1
8865	-2.9	1010000001100010	5	1
8869	-2.9	1010000000100110	5	1
8870	-2.9	1010000001100100	5	2
8874	-2.9	1010000001000110	5	1
8876	-3.2	1010000001000010	4	1
8881	-2.9	1010000000111010	5	1
8883	-2.9	1010000001011100	5	2
8885	-2.9	1010000000111100	5	2
8890	-2.9	1010000001011010	5	1
8891	-2.9	1010000001011010	5	1
8892	-2.9	1010000001100110	5	1
8893	-3.2	1010000001011010	4	1
8894	-2.9	1010000001011110	5	1
8895	-2.9	1010000001100110	5	1
8896	-2.9	1010000001111010	5	1
8897	-3.2	1010000001100110	4	1
8900	-3.2	1010000001111110	4	1
8902	-2.9	1010000010100000	5	2
8904	-2.9	1010000001100000	5	1
8908	-2.9	1010000000000110	5	1
8910	-3.2	1010000011100000	4	2
8916	-2.9	1010000000011000	5	2
8917	-2.9	1010000000011000	5	2
8918	-3.2	1010000000011000	4	2
8933	-2.9	1010000000011010	5	2
8935	-2.9	1010000001011000	5	2
8938	-3.2	1010000000100001	4	1
8939	-3.2	1010000001000001	4	1
8940	-3.2	1010000001100001	4	1
8949	-2.9	1010000000011100	5	2
8950	-2.9	1010000000111000	5	2
8972	-2.9	1010000000100010	5	1
8973	-2.9	1010000001000100	5	2
8976	-3.2	1010000000100011	4	1
8982	-2.9	1010000000100100	5	2
8983	-2.9	1010000000100100	5	2
8984	-3.2	1010000000100100	4	2
8986	-2.9	1010000001000010	5	1
8987	-3.2	1010000000100101	4	1
8989	-2.9	1010000001000010	5	1
8990	-2.9	1010000001100010	5	1
8992	-2.9	1010000000100110	5	1
8993	-2.9	1010000001100100	5	2
8997	-2.9	1010000001000110	5	1
9001	-3.2	1010000001000101	4	1
9002	-3.2	1010000001000011	4	1
9003	-3.2	1010000001000010	4	1
9006	-2.9	1010000000111010	5	1
9007	-2.9	1010000001011100	5	2
9009	-3.2	1010000001100011	4	1
9010	-2.9	1010000000111100	5	2
9016	-2.9	1010000001011010	5	1
9017	-2.9	1010000001011010	5	1
9018	-3.2	1010000001011010	4	1
9020	-2.9	1010000010100110	5	1
9021	-3.2	1010000001100101	4	1
9023	-2.9	1010000001011110	5	1
9024	-2.9	1010000001100110	5	1
9025	-2.9	1010000001111010	5	1
9026	-2.9	1010000010100110	5	1
9027	-2.9	1010000001100110	4	1
9028	-3.2	1010000001100110	4	1
9030	-3.2	1010000011100110	4	1
9032	-3.2	1010000001111110	4	1
9033	-3.5	1010000011111111	4	1
9036	-2.9	1010000000111001	4	1
9046	-2.9	0000010100000111	5	2
9062	-2.9	0000010110000001	5	2
9063	-2.9	0000010100100001	5	2
9064	-2.9	0000010101000001	5	2
9087	-2.9	0000010110000101	5	2
9112	-2.9	0000010110000011	5	2
9138	-2.9	0000010110000111	5	2
9156	-2.9	0000010100100011	5	2
9172	-2.9	0000010100100101	5	2
9191	-2.9	0000010101000101	5	2
9192	-2.9	0000010101000011	5	2
9306	-3.2	0000010110000011	4	2
9385	-2.9	0000011000000111	5	1
9396	-2.9	0000011000100001	5	1
9397	-2.9	0000011001000001	5	1
9398	-2.9	0000011000100001	5	1
9399	-2.9	0000011001000001	5	1
9451	-2.9	0000011000100011	5	1
9461	-2.9	0000011000100101	5	1
9471	-2.9	0000011001000101	5	1
9472	-2.9	0000011001000011	5	1
9835	-2.9	0110000000000110	4	2
9962	-2.9	0110000000000110	5	2
9963	-2.9	0110000000000111	5	2
9974	-2.9	0110000000100001	5	1
9975	-2.9	0110000001000001	5	1
9976	-2.9	0110000000100001	5	1
9977	-2.9	0110000001000001	5	1
9978	-2.9	0110000001100001	5	1
10029	-2.9	0110000000100011	5	1
10039	-2.9	0110000000100101	5	1
10049	-2.9	0110000001000101	5	1
10050	-2.9	0110000001000011	5	1
10058	-2.9	0110000001100011	5	1
10067	-2.9	0110000001011001	5	2
10068	-2.9	0110000001011001	5	2
10069	-2.9	0110000001100101	5	1
10073	-2.9	0110000001011011	5	2
10083	-2.9	0110000001100111	5	2
10085	-2.9	0110000001111001	5	2
10089	-3.2	0000011100000111	4	2
10095	-2.9	1110000000011000	5	2
10096	-2.9	1110000000011000	5	2
10097	-3.2	1110000000011000	4	2
10113	-2.9	1110000000011010	5	2
10115	-2.9	1110000001011000	5	2
10118	-3.2	1110000000100001	4	1
10119	-3.2	1110000001000001	4	1
10120	-3.2	1110000001100001	4	1
10129	-2.9	1110000000011100	5	2
10130	-2.9	1110000000111000	5	2
10152	-2.9	1110000000100010	5	1
10153	-2.9	1110000001000100	5	2
10156	-3.2	1110000000100011	4	1
10162	-2.9	1110000000100100	5	2
10163	-2.9	1110000000100100	5	2
10164	-3.2	1110000000100100	4	2
10166	-2.9	1110000001000010	5	1
10167	-3.2	1110000000100101	4	1
10169	-2.9	1110000001000010	5	1
10170	-2.9	1110000001100010	5	1
10172	-2.9	1110000000100110	5	2
10173	-2.9	1110000001100100	5	2
10177	-2.9	1110000001000110	5	2
10181	-3.2	1110000001000101	4	1
10182	-3.2	1110000001000011	4	1
10183	-3.2	1110000001000010	4	1
10186	-2.9	1110000000111010	5	2
10187	-2.9	1110000001011100	5	2
10189	-3.2	1110000001100011	4	1
10190	-2.9	1110000000111100	5	2
10196	-2.9	1110000001011010	5	2
10197	-2.9	1110000001011010	5	2
10198	-3.2	1110000001011010	4	2
10200	-2.9	1110000010100110	5	2
10201	-3.2	1110000001100101	4	1
10203	-2.9	1110000001011110	5	1
10204	-2.9	1110000001100110	5	1
10205	-2.9	1110000001111010	5	2
10206	-2.9	1110000010100110	5	2
10207	-2.9	1110000001100110	4	2
10208	-3.2	1110000001100110	4	2
10210	-3.2	1110000011100110	4	2
10212	-3.2	1110000001111110	4	1
10213	-3.5	1110000011111111	4	1
10215	-3.2	0000011110000001	4	2
10219	-3.2	0000011110000101	4	2
10225	-3.2	0000011110000011	4	2
10256	-3.2	0000011110000001	4	2
10257	-3.2	0000011100100001	4	2
10258	-3.2	0000011101000001	4	2
10276	-3.2	0000011110000101	4	2
10293	-3.2	0000011110000011	4	2
10316	-3.2	0000011110000111	4	2
10335	-3.2	0000011100100011	4	2
10351	-3.2	0000011100100101	4	2
10368	-3.2	0000011101000101	4	2
10369	-3.2	0000011101000011	4	2
10484	-2.9	1000000110000001	4	1
10548	-2.9	1000000110100101	4	1
10551	-2.9	1000000110100101	4	1
10556	-2.9	1000000110011001	4	1
10627	-2.9	1000000110000001	4	1
10693	-2.9	1000000110100101	4	1
10698	-2.9	1000000110011001	4	1
10757	-2.9	1000000110000001	4	1
10813	-2.9	1000000110100101	4	1
10819	-2.9	1000000110011001	4	1
10835	-2.9	0001100001100001	5	2
10862	-2.9	0001100001100011	5	2
10868	-2.9	0001100000011000	4	2
10869	-2.9	0001100000011000	4	2
10933	-2.9	1000001110000001	4	1
11007	-2.9	0001100000011000	4	2
11061	-2.9	1000001110000001	4	1
11134	-2.9	0001100000011000	5	2
11135	-2.9	0001100000011000	5	2
11137	-2.9	0001100000100001	5	2
11138	-2.9	0001100001000001	5	2
11139	-2.9	0001100001100001	5	2
11141	-2.9	0001100000100001	5	2
11142	-2.9	0001100001000001	5	2
11143	-2.9	0001100001100001	5	2
11180	-2.9	0001100010000011	5	2
11200	-2.9	1000010110000001	4	1
11208	-2.9	0001100000100011	5	2
11209	-2.9	0001100000100011	5	2
11221	-2.9	0001100001000011	5	2
11222	-2.9	0001100000100101	5	2
11237	-2.9	0001100001000101	5	2
11238	-2.9	0001100001000011	5	2
11243	-2.9	0001100001100011	5	2
11254	-2.9	0001100001011001	5	2
11255	-2.9	0001100001011001	5	2
11256	-2.9	0001100001100101	5	2
11258	-2.9	0001100001100101	5	2
11270	-2.9	0001100001100111	5	2
11275	-2.9	0001100000011000	5	2
11278	-2.9	0001100000100001	5	2
11279	-2.9	0001100001000001	5	2
11280	-2.9	0001100000100001	5	2
11281	-2.9	0001100001000001	5	2
11282	-2.9	0001100001100001	5	2
11327	-2.9	1000010110000001	4	1
11333	-2.9	0001100000100011	5	2
11343	-2.9	0001100000100101	5	2
11353	-2.9	0001100001000101	5	2
11354	-2.9	0001100001000011	5	2
11362	-2.9	0001100001100011	5	2
11371	-2.9	0001100001011001	5	2
11372	-2.9	0001100001011001	5	2
11373	-2.9	0001100001100101	5	2
11377	-2.9	0001100001011011	5	2
11387	-2.9	0001100001100111	5	2
11400	-3.5	0001100000011000	4	2
11401	-2.9	0001100000011001	4	2
11402	-3.2	0001100000100001	4	2
11403	-3.2	0001100001000001	4	2
11404	-3.2	0001100000100001	4	2
11405	-3.2	0001100001000001	4	2
11406	-3.2	0001100001100001	4	2
11457	-3.2	0001100000100011	4	2
11467	-3.2	0001100000100101	4	2
11477	-3.2	0001100001000101	4	2
11478	-3.2	0001100001000011	4	2
11486	-3.2	0001100001100011	4	2
11495	-3.2	0001100001011001	4	2
11496	-3.2	0001100001011001	4	2
11497	-3.2	0001100001100101	4	2
11501	-3.2	0001100001011011	4	2
11511	-3.2	0001100001100111	4	2
11513	-3.2	0001100001111001	4	2
11581	-2.9	1001100010000001	4	1
11602	-2.9	1001100000100100	4	2
11628	-2.9	1001100001000010	4	1
11646	-2.9	1001100001011010	4	2
11651	-2.9	1001100010100101	4	1
11653	-2.9	1001100001100110	4	2
11655	-2.9	1001100010011001	4	1
11673	-2.9	1000010000011010	5	1
11678	-2.9	1000010001011000	5	1
11684	-2.9	1000010000011100	5	1
11685	-2.9	1000010000111000	5	1
11701	-2.9	0001100110000001	3	2
11705	-2.9	1000010000100010	5	1
11706	-2.9	1000010001000100	5	1
11715	-2.9	1000010000100100	5	1
11716	-2.9	1000010000100100	5	1
11717	-3.2	1000010000100100	4	1
11719	-2.9	1000010001000010	5	1
11721	-2.9	1000010001000010	5	1
11722	-2.9	1000010001100010	5	1
11726	-2.9	1000010000100110	5	1
11727	-2.9	1000010001100100	5	1
11731	-2.9	1000010001000110	5	1
11733	-3.2	1000010001000010	4	1
11738	-2.9	1000010000111010	5	1
11740	-2.9	1000010001011100	5	1
11742	-2.9	1000010000111100	5	1
11747	-2.9	1000010001011010	5	1
11748	-2.9	1000010001011010	5	1
11749	-2.9	1000010001100110	5	1
11750	-3.2	1000010001011010	4	1
11751	-2.9	1000010001011110	5	1
11752	-2.9	1000010001100110	5	1
11754	-3.2	1000010001100110	4	1
11756	-2.9	0001100110011001	3	2
11757	-3.2	1000010001111110	4	1
11774	-2.9	1000001000011010	5	1
11779	-2.9	1000001001011000	5	1
11785	-2.9	1000001000011100	5	1
11786	-2.9	1000001000111000	5	1
11806	-2.9	1000001000100010	5	1
11807	-2.9	1000001001000100	5	1
11816	-2.9	1000001000100100	5	1
11817	-2.9	1000001000100100	5	1
11818	-3.2	1000001000100100	4	1
11820	-2.9	1000001001000010	5	1
11822	-2.9	1000001001000010	5	1
11823	-2.9	1000001001100010	5	1
11827	-2.9	1000001000100110	5	1
11828	-2.9	1000001001100100	5	1
11832	-2.9	1000001001000110	5	1
11834	-3.2	1000001001000010	4	1
11839	-2.9	1000001000111010	5	1
11841	-2.9	1000001001011100	5	1
11843	-2.9	1000001000111100	5	1
11848	-2.9	1000001001011010	5	1
11849	-2.9	1000001001011010	5	1
11850	-2.9	1000001001100110	5	1
11851	-3.2	1000001001011010	4	1
11852	-2.9	1000001001011110	5	1
11853	-2.9	1000001001100110	5	1
11855	-3.2	1000001001100110	4	1
11858	-3.2	1000001001111110	4	1
11874	-2.9	1000011000100100	5	1
11875	-2.9	1000011001000010	5	1
11882	-2.9	1000011000011010	5	1
11890	-2.9	1000011001000100	5	1
11891	-2.9	1000011000100010	5	1
11892	-2.9	1000011001000010	5	1
11894	-2.9	1000011000100100	5	1
11907	-2.9	1000000110000001	4	1
11908	-2.9	1000000110000100	4	1
11909	-2.9	1000000110000010	4	1
11910	-2.9	1000000110000110	4	1
11915	-2.9	1000000110000100	5	1
11916	-2.9	1000000110000010	5	1
11917	-2.9	1000000110000110	5	1
11920	-3.2	1000000110000100	4	1
11921	-3.2	1000000110000010	4	1
11922	-3.2	1000000110000110	4	1
11944	-2.9	1000000111000100	5	1
11945	-3.2	1000000111000100	4	1
11951	-2.9	1000000110100100	5	1
11953	-3.2	1000000110100100	4	1
11954	-2.9	1000000110100010	5	1
11955	-2.9	1000000111000010	5	1
11959	-3.2	1000000110100010	4	1
11960	-3.2	1000000111000010	4	1
11961	-3.2	1000000111100010	4	1
11963	-2.9	1000000111000110	5	1
11964	-3.2	1000000111000110	4	1
11967	-2.9	1000000110100101	4	1
11968	-2.9	1000000110100110	4	1
11970	-2.9	1000000110100110	5	1
11971	-3.2	1000000110100101	4	1
11972	-3.2	1000000110100110	4	1
11974	-2.9	1000000110100110	5	1
11975	-2.9	1000000101100110	4	1
11976	-3.2	1000000111100110	4	1
11977	-3.2	1000000111100110	4	1
11978	-3.5	1000000111111111	4	1
11990	-2.9	1000010000011010	5	1
11992	-2.9	1000010001011000	5	1
11995	-3.2	1000010000100001	4	1
11996	-3.2	1000010001000001	4	1
11997	-3.2	1000010001100001	4	1
12006	-2.9	1000010000011100	5	1
12007	-2.9	1000010000111000	5	1
12026	-2.9	0001100110000001	3	2
12029	-2.9	1000010000100010	5	1
12030	-2.9	1000010001000100	5	1
12033	-3.2	1000010000100011	4	1
12039	-2.9	1000010000100100	5	1
12040	-2.9	1000010000100100	5	1
12041	-3.2	1000010000100100	4	1
12043	-2.9	1000010001000010	5	1
12044	-3.2	1000010000100101	4	1
12046	-2.9	1000010001000010	5	1
12047	-2.9	1000010001100010	5	1
12049	-2.9	1000010000100110	5	1
12050	-2.9	1000010001100100	5	1
12054	-2.9	1000010001000110	5	1
12058	-3.2	1000010001000101	4	1
12059	-3.2	1000010001000011	4	1
12060	-3.2	1000010001000010	4	1
12063	-2.9	1000010000111010	5	1
12064	-2.9	1000010001011100	5	1
12066	-3.2	1000010001100011	4	1
12067	-2.9	1000010000111100	5	1
12073	-2.9	1000010001011010	5	1
12074	-2.9	1000010001011010	5	1
12075	-3.2	1000010001011010	4	1
12077	-2.9	1000010010100110	5	1
12078	-3.2	1000010001100101	4	1
12080	-2.9	1000010001011110	5	1
12081	-2.9	1000010001100110	5	1
12083	-2.9	1000010010100110	5	1
12084	-2.9	1000010001100110	4	1
12085	-3.2	1000010001100110	4	1
12087	-3.2	1000010011100110	4	1
12088	-2.9	0001100110011001	3	2
12089	-3.2	1000010001111110	4	1
12090	-3.5	1000010011111111	4	1
12101	-2.9	1000001000011010	5	1
12103	-2.9	1000001001011000	5	1
12106	-3.2	1000001000100001	4	1
12107	-3.2	1000001001000001	4	1
12108	-3.2	1000001001100001	4	1
12117	-2.9	1000001000011100	5	1
12118	-2.9	1000001000111000	5	1
12140	-2.9	1000001000100010	5	1
12141	-2.9	1000001001000100	5	1
12144	-3.2	1000001000100011	4	1
12150	-2.9	1000001000100100	5	1
12151	-2.9	1000001000100100	5	1
12152	-3.2	1000001000100100	4	1
12154	-2.9	1000001001000010	5	1
12155	-3.2	1000001000100101	4	1
12157	-2.9	1000001001000010	5	1
12158	-2.9	1000001001100010	5	1
12160	-2.9	1000001000100110	5	1
12161	-2.9	1000001001100100	5	1
12165	-2.9	1000001001000110	5	1
12169	-3.2	1000001001000101	4	1
12170	-3.2	1000001001000011	4	1
12171	-3.2	1000001001000010	4	1
12174	-2.9	1000001000111010	5	1
12175	-2.9	1000001001011100	5	1
12177	-3.2	1000001001100011	4	1
12178	-2.9	1000001000111100	5	1
12184	-2.9	1000001001011010	5	1
12185	-2.9	1000001001011010	5	1
12186	-3.2	1000001001011010	4	1
12188	-2.9	1000001010100110	5	1
12189	-3.2	1000001001100101	4	1
12191	-2.9	1000001001011110	5	1
12192	-2.9	1000001001100110	5	1
12194	-2.9	1000001010100110	5	1
12195	-2.9	1000001001100110	4	1
12196	-3.2	1000001001100110	4	1
12198	-3.2	1000001011100110	4	1
12200	-3.2	1000001001111110	4	1
12201	-3.5	1000001011111111	4	1
12202	-2.9	0001100110011000	4	2
12211	-2.9	1000011000011010	5	1
12216	-3.2	1000011000100001	4	1
12217	-3.2	1000011001000001	4	1
12218	-3.2	1000011001100001	4	1
12227	-2.9	1000011000011100	5	1
12250	-2.9	1000011000100010	5	1
12251	-2.9	1000011001000100	5	1
12254	-3.2	1000011000100011	4	1
12260	-2.9	1000011000100100	5	1
12261	-2.9	1000011000100100	5	1
12262	-3.2	1000011000100100	4	1
12264	-2.9	1000011001000010	5	1
12265	-3.2	1000011000100101	4	1
12267	-2.9	1000011001000010	5	1
12270	-2.9	1000011000100110	5	1
12275	-2.9	1000011001000110	5	1
12279	-3.2	1000011001000101	4	1
12280	-3.2	1000011001000011	4	1
12281	-3.2	1000011001000010	4	1
12287	-3.2	1000011001100011	4	1
12296	-3.2	1000011001011010	4	1
12299	-3.2	1000011001100101	4	1
12306	-3.2	1000011001100110	4	1
12375	-2.9	1010000110000001	4	1
12439	-2.9	1010000110100101	4	1
12442	-2.9	1010000110100101	4	1
12447	-2.9	1010000110011001	4	1
12524	-2.9	1010000110000001	4	1
12580	-2.9	1010000110100101	4	1
12586	-2.9	1010000110011001	4	1
12642	-2.9	0010000110000001	3	1
12706	-2.9	0010000110100101	4	2
12709	-2.9	0010000110100101	3	2
12714	-2.9	0010000110011001	3	2
12769	-2.9	0100000110000001	3	1
12833	-2.9	0100000110100101	4	1
12836	-2.9	0100000110100101	3	1
12841	-2.9	0100000110011001	3	1
12888	-2.9	0110000110100101	4	1
12893	-2.9	1000000110000001	4	1
12901	-2.9	1000000110000001	4	1
12914	-2.9	1000000110011001	4	1
12916	-2.9	1000000110100101	4	1
12922	-2.9	1000010110000001	4	1
12936	-2.9	1100000110000001	4	1
12942	-2.9	1100000110011001	4	1
12944	-2.9	1100000110100101	4	1
12946	-2.9	0101100000011010	4	2
12986	-2.9	1010001110000001	4	1
13336	-2.9	1000000110000001	4	1
13341	-2.9	1000000110000001	4	1
13347	-2.9	1000000110000101	4	1
13356	-2.9	1000000111000001	4	1
13358	-2.9	1000000110100001	4	1
13359	-2.9	1000000111000001	4	1
13370	-2.9	1000000110000101	4	1
13371	-2.9	1000000110000011	4	1
13422	-2.9	1000000110100011	4	1
13424	-2.9	1000000111000101	4	1
13426	-2.9	1000000110100101	4	1
13431	-2.9	1000000110100011	4	1
13437	-2.9	1000000110100101	4	1
13468	-2.9	0101100001100011	5	1
13470	-2.9	0101100000011010	5	2
13506	-2.9	1010010110000001	4	1
13512	-2.9	0101100000100011	5	1
13522	-2.9	0101100000100101	5	2
13532	-2.9	0101100001000101	5	2
13533	-2.9	0101100001000011	5	1
13541	-2.9	0101100001100011	5	1
13550	-2.9	0101100001011001	5	2
13551	-2.9	0101100001011001	5	2
13552	-2.9	0101100001100101	5	2
13556	-2.9	0101100001011011	5	2
13566	-2.9	0101100001100111	5	2
13574	-2.9	0010000110000101	4	2
13602	-2.9	1000010000111001	4	1
13603	-2.9	0010000110100011	4	2
13607	-2.9	0010000110100101	4	2
13615	-2.9	0100000110000101	4	1
13643	-2.9	1000001000111001	4	1
13644	-2.9	0100000110100011	4	1
13648	-2.9	0100000110100101	4	1
13656	-2.9	0110000110000101	4	1
13684	-2.9	0110000110100011	4	1
13688	-2.9	0110000110100101	4	1
13692	-2.9	1000000110000001	4	1
13703	-2.9	1000000110000001	4	1
13708	-2.9	1000000110100001	4	1
13709	-2.9	1000000111000001	4	1
13717	-2.9	1000000110000101	4	1
13718	-2.9	1000000110000011	4	1
13763	-2.9	1000000111000101	4	1
13764	-2.9	1000000110100101	4	1
13768	-2.9	1000000110100011	4	1
13802	-2.9	1000010110000001	4	1
13816	-2.9	1000010110000101	4	1
13817	-2.9	1000010110000011	4	1
13832	-2.9	0001101000100011	5	2
13842	-2.9	0001101000100101	5	2
13852	-2.9	0001101001000101	5	2
13853	-2.9	0001101001000011	5	2
13900	-2.9	1000001110000001	4	1
13914	-2.9	1000001110000101	4	1
13915	-2.9	1000001110000011	4	1
14277	-2.9	1010000110000100	5	2
14278	-2.9	1010000110000010	5	1
14279	-2.9	1010000110000110	5	1
14282	-3.2	1010000110000100	4	2
14283	-3.2	1010000110000010	4	1
14284	-3.2	1010000110000110	4	1
14306	-2.9	1010000111000100	5	2
14307	-3.2	1010000111000100	4	2
14313	-2.9	1010000110100100	5	2
14315	-3.2	1010000110100100	4	2
14316	-2.9	1010000110100010	5	1
14317	-2.9	1010000111000010	5	1
14321	-3.2	1010000110100010	4	1
14322	-3.2	1010000111000010	4	1
14323	-3.2	1010000111100010	4	1
14325	-2.9	1010000111000110	5	1
14326	-3.2	1010000111000110	4	1
14329	-2.9	1010000110100101	4	1
14330	-2.9	1010000110100110	4	1
14332	-2.9	1010000110100110	5	1
14333	-3.2	1010000110100101	4	1
14334	-3.2	1010000110100110	4	1
14336	-2.9	1010000110100110	5	1
14337	-2.9	1010000101100110	4	1
14338	-3.2	1010000111100110	4	1
14339	-3.2	1010000111100110	4	1
14340	-3.5	1010000111111111	4	1
14341	-2.9	0010000110000100	5	2
14388	-2.9	0010000110100011	5	2
14392	-2.9	0010000110100101	5	2
14395	-2.9	0010000110100111	5	2
14405	-2.9	0100000110000010	5	1
14451	-2.9	0100000110100011	5	1
14455	-2.9	0100000110100101	5	1
14458	-2.9	0100000110100111	5	1
14468	-2.9	0110000110000110	5	2
14513	-2.9	0110000110100011	5	1
14517	-2.9	0110000110100101	5	1
14520	-2.9	0110000110100111	5	2
14530	-2.9	0010000110000100	4	2
14591	-2.9	0110000110000110	4	2
14681	-3.2	1000010000100011	4	1
14689	-3.2	1000010000100101	4	1
14700	-3.2	1000010001000101	4	1
14701	-3.2	1000010001000011	4	1
14705	-3.2	0010000110100011	4	2
14706	-3.2	1000010001100011	4	1
14715	-3.2	1000010001011001	4	1
14716	-3.2	0010000110100101	4	2
14717	-3.2	1000010001100101	4	1
14727	-3.2	1000010001100111	4	1
14728	-3.2	1000010001111001	4	1
14760	-3.2	1000001000100011	4	1
14768	-3.2	1000001000100101	4	1
14779	-3.2	1000001001000101	4	1
14780	-3.2	1000001001000011	4	1
14784	-3.2	0100000110100011	4	1
14785	-3.2	1000001001100011	4	1
14794	-3.2	1000001001011001	4	1
14795	-3.2	0100000110100101	4	1
14796	-3.2	1000001001100101	4	1
14806	-3.2	1000001001100111	4	1
14807	-3.2	1000001001111001	4	1
14839	-3.2	1000011000100011	4	1
14847	-3.2	1000011000100101	4	1
14858	-3.2	1000011001000101	4	1
14859	-3.2	1000011001000011	4	1
14863	-3.2	0110000110100011	4	1
14864	-3.2	1000011001100011	4	1
14873	-3.2	1000011001011001	4	1
14874	-3.2	0110000110100101	4	1
14875	-3.2	1000011001100101	4	1
14885	-3.2	1000011001100111	4	1
14925	-2.9	1100000110000001	4	1
14991	-2.9	1100000110100101	4	1
14996	-2.9	1100000110011001	4	1
15026	-2.9	1100000110000001	4	1
15082	-2.9	1100000110100101	4	1
15088	-2.9	1100000110011001	4	1
15126	-2.9	0010000110000001	3	1
15192	-2.9	0010000110100101	3	2
15197	-2.9	0010000110011001	3	2
15234	-2.9	0100000110000001	3	1
15300	-2.9	0100000110100101	3	1
15305	-2.9	0100000110011001	3	1
15346	-2.9	1000000110000101	4	1
15368	-2.9	1000000110000101	4	1
15369	-2.9	1000000110000011	4	1
15373	-3.2	1000000110000001	4	1
15419	-2.9	1000000110100101	4	1
15423	-2.9	1000000110100011	4	1
15424	-2.9	1000000111000011	4	1
15428	-2.9	1000000111000101	4	1
15430	-2.9	1000000110011001	4	1
15433	-2.9	1000000110100101	4	1
15437	-2.9	1000000110100111	4	1
15439	-3.2	1000000110100101	4	1
15444	-3.2	1000000110011001	4	1
15445	-3.2	1000000111100111	4	1
15446	-3.5	1000000111111111	4	1
15453	-2.9	0011100000011100	4	2
15476	-2.9	1100001110000001	4	1
15791	-2.9	0011100000011100	5	2
15811	-2.9	1100010110000001	4	1
15817	-2.9	0011100000100011	5	2
15827	-2.9	0011100000100101	5	2
15837	-2.9	0011100001000101	5	2
15838	-2.9	0011100001000011	5	2
15846	-2.9	0011100001100011	5	2
15855	-2.9	0011100001011001	5	2
15856	-2.9	0011100001011001	5	2
15857	-2.9	0011100001100101	5	2
15861	-2.9	0011100001011011	5	2
15871	-2.9	0011100001100111	5	2
15876	-2.9	0010000110000011	4	2
15900	-2.9	1000010001011001	4	1
15905	-2.9	0100000110000011	4	1
15929	-2.9	1000001001011001	4	1
15934	-2.9	0110000110000011	4	1
15961	-2.9	0001110000111000	5	2
15975	-2.9	1000010110000101	4	1
15976	-2.9	1000010110000011	4	1
15980	-3.2	1000010110000001	4	1
15986	-2.9	0001110000100011	5	2
15996	-2.9	0001110000100101	5	2
16006	-2.9	0001110001000101	5	2
16007	-2.9	0001110001000011	5	2
16036	-3.2	1000010110100101	4	1
16042	-3.2	1000010110011001	4	1
16045	-2.9	0001110000111000	4	2
16058	-2.9	1000001110000101	4	1
16059	-2.9	1000001110000011	4	1
16063	-3.2	1000001110000001	4	1
16119	-3.2	1000001110100101	4	1
16125	-3.2	1000001110011001	4	1
16129	-2.9	1100000110000100	5	2
16130	-2.9	1100000110000010	5	1
16131	-2.9	1100000110000110	5	1
16134	-3.2	1100000110000100	4	2
16135	-3.2	1100000110000010	4	1
16136	-3.2	1100000110000110	4	1
16141	-2.9	1100000111000100	5	2
16143	-2.9	1100000100100100	5	2
16144	-2.9	1100000101000010	5	1
16145	-2.9	1100000110100010	5	1
16146	-2.9	1100000111000010	5	1
16148	-2.9	1100000110100100	5	2
16150	-3.2	1100000110100100	4	2
16151	-3.2	1100000110100010	4	1
16152	-3.2	1100000111000010	4	1
16155	-3.2	1100000111100100	4	2
16156	-2.9	1100000110011100	5	2
16159	-2.9	1100000111000110	4	1
16160	-2.9	1100000110011010	5	1
16161	-2.9	1100000101011010	5	1
16162	-2.9	1100000101100110	5	1
16163	-2.9	1100000110011110	5	1
16164	-2.9	1100000110100110	5	1
16167	-3.2	1100000110100110	4	1
16168	-2.9	1100000110100110	5	1
16169	-2.9	1100000101100110	4	1
16170	-3.2	1100000111100110	4	1
16171	-3.2	1100000111100110	4	1
16172	-3.5	1100000111111111	4	1
16173	-2.9	0010000110000100	5	2
16217	-2.9	0100000110000010	5	1
16260	-2.9	0110000110000110	5	2
16302	-2.9	0010000110000100	4	2
16343	-2.9	0110000110000110	4	2
16601	-2.9	1110000110000001	4	1
16657	-2.9	1110000110100101	4	1
16663	-2.9	1110000110011001	4	1
16679	-2.9	0010000110000001	3	1
16735	-2.9	0010000110100101	3	2
16741	-2.9	0010000110011001	3	2
16756	-2.9	0100000110000001	3	1
16812	-2.9	0100000110100101	3	1
16818	-2.9	0100000110011001	3	1
16832	-2.9	0110000110000001	3	1
16888	-2.9	0110000110100101	3	1
16894	-2.9	0110000110011001	3	2
16902	-2.9	1010000110000101	4	1
16903	-2.9	1010000110000011	4	1
16907	-3.2	1010000110000001	4	1
16945	-2.9	1010000110100011	4	1
16946	-2.9	1010000111000011	4	1
16949	-2.9	1010000111000101	4	1
16951	-2.9	1010000110011001	4	1
16952	-2.9	1010000110011001	4	1
16954	-2.9	1010000110100101	4	1
16955	-2.9	1010000110100101	4	1
16957	-2.9	1010000110011101	4	1
16961	-2.9	1010000110100111	4	1
16963	-3.2	1010000110100101	4	1
16969	-3.2	1010000110011001	4	1
16970	-3.2	1010000111100111	4	1
16971	-3.5	1010000111111111	4	1
16976	-2.9	1100000110000101	4	1
16977	-2.9	1100000110000011	4	1
16981	-3.2	1100000110000001	4	1
17019	-2.9	1100000110100011	4	1
17020	-2.9	1100000111000011	4	1
17023	-2.9	1100000111000101	4	1
17025	-2.9	1100000110011001	4	1
17026	-2.9	1100000110011001	4	1
17028	-2.9	1100000110100101	4	1
17029	-2.9	1100000110100101	4	1
17031	-2.9	1100000110011101	4	1
17035	-2.9	1100000110100111	4	1
17037	-3.2	1100000110100101	4	1
17043	-3.2	1100000110011001	4	1
17044	-3.2	1100000111100111	4	1
17045	-3.5	1100000111111111	4	1
17262	-2.9	1010000110000101	4	1
17303	-2.9	1010000111000101	4	1
17304	-2.9	1010000110100101	4	1
17308	-2.9	1010000110100011	4	1
17332	-2.9	1100000110000011	4	1
17372	-2.9	1100000111000101	4	1
17373	-2.9	1100000110100101	4	1
17377	-2.9	1100000110100011	4	1
17401	-2.9	0010000110000100	4	2
17469	-2.9	0100000110000010	4	1
17536	-2.9	0110000110000110	4	2
17602	-3.5	1000000110000001	4	1
17604	-2.9	1000000111000100	3	1
17605	-2.9	1000000110100100	3	1
17608	-2.9	1000000110011100	3	1
17613	-2.9	1000000111000010	3	1
17614	-2.9	1000000111000010	3	1
17615	-2.9	1000000110100010	3	1
17616	-2.9	1000000110100010	3	1
17618	-2.9	1000000110011010	3	1
17624	-2.9	1000000111000110	3	1
17625	-2.9	1000000110100110	3	1
17638	-3.2	1000000111000101	4	1
17639	-3.2	1000000110100101	4	1
17643	-3.2	1000000110100011	4	1
17768	-2.9	1110000110100110	5	2
17769	-2.9	1110000110100110	5	2
17770	-2.9	1110000101100110	4	2
17771	-3.2	1110000111100110	4	2
17772	-3.5	1110000111111111	4	1
17792	-3.8	1110000111111111	4	1
17836	-2.9	0010001001100011	5	2
17842	-2.9	0100010000100010	4	1
17915	-2.9	0100010001100011	5	1
17921	-2.9	0100010000100010	5	1
17924	-2.9	0100010000100011	5	1
17934	-2.9	0100010000100101	5	1
17944	-2.9	0100010001000101	5	1
17945	-2.9	0100010001000011	5	1
17953	-2.9	0100010001100011	5	1
17962	-2.9	0100010001011001	5	1
17963	-2.9	0100010001011001	5	1
17964	-2.9	0100010001100101	5	1
17968	-2.9	0100010001011011	5	1
17978	-2.9	0100010001100111	5	1
17989	-2.9	0010001001000100	5	2
17991	-2.9	0010001000100011	5	2
18001	-2.9	0010001000100101	5	2
18011	-2.9	0010001001000101	5	2
18012	-2.9	0010001001000011	5	2
18020	-2.9	0010001001100011	5	2
18029	-2.9	0010001001011001	5	2
18030	-2.9	0010001001011001	5	2
18031	-2.9	0010001001100101	5	2
18035	-2.9	0010001001011011	5	2
18045	-2.9	0010001001100111	5	2
18050	-2.9	0010001001000100	4	2
18112	-2.9	1100010000100100	5	2
18113	-2.9	1100010001000010	5	1
18115	-2.9	1100010001011010	5	1
18116	-2.9	1100010001100110	5	1
18119	-3.2	1100010000100011	4	1
18125	-2.9	1100010000100100	5	2
18126	-2.9	1100010000100100	5	2
18127	-3.2	1100010000100100	4	2
18129	-2.9	1100010001000010	5	1
18130	-3.2	1100010000100101	4	1
18132	-2.9	1100010001000010	5	1
18133	-2.9	1100010001100010	5	1
18135	-2.9	1100010000100110	5	1
18136	-2.9	1100010001100100	5	2
18140	-2.9	1100010001000110	5	1
18144	-3.2	1100010001000101	4	1
18145	-3.2	1100010001000011	4	1
18146	-3.2	1100010001000010	4	1
18149	-2.9	1100010000111010	5	1
18150	-2.9	1100010001011100	5	1
18152	-3.2	1100010001100011	4	1
18153	-2.9	1100010000111100	5	1
18159	-2.9	1100010001011010	5	1
18160	-2.9	1100010001011010	5	1
18161	-3.2	1100010001011010	4	1
18163	-2.9	1100010010100110	5	1
18164	-3.2	1100010001100101	4	1
18166	-2.9	1100010001011110	5	1
18167	-2.9	1100010001100110	5	1
18169	-2.9	1100010010100110	5	1
18170	-2.9	1100010001100110	4	1
18171	-3.2	1100010001100110	4	1
18173	-3.2	1100010011100110	4	1
18174	-2.9	0011100110011001	3	2
18175	-3.2	1100010001111110	4	1
18176	-3.5	1100010011111111	4	1
18181	-2.9	0100001001100011	5	1
18235	-3.2	1100010000100101	4	1
18246	-3.2	1100010001000101	4	1
18247	-3.2	1100010001000011	4	1
18251	-3.2	0010001110100011	4	2
18252	-3.2	1100010001100011	4	1
18261	-3.2	1100010001011001	4	1
18262	-3.2	0010001110100101	4	2
18263	-3.2	1100010001100101	4	1
18273	-3.2	1100010001100111	4	1
18274	-3.2	1100010001111001	4	1
18276	-2.9	0100001001000010	4	1
18278	-2.9	0100001001000010	4	1
18337	-2.9	1100010001011001	4	1
18371	-2.9	0100001001000010	4	1
18504	-2.9	0010010001100011	5	2
18510	-2.9	0010010000100100	4	2
18511	-2.9	0010010000100100	4	2
18566	-2.9	0010010000100100	4	2
18619	-2.9	0010010000100100	5	2
18620	-2.9	0010010000100100	5	2
18622	-2.9	0010010001000011	5	2
18623	-2.9	0010010000100101	5	2
18638	-2.9	0010010001000101	5	2
18639	-2.9	0010010001000011	5	2
18644	-2.9	0010010001100011	5	2
18655	-2.9	0010010001011001	5	2
18656	-2.9	0010010001011001	5	2
18657	-2.9	0010010001100101	5	2
18659	-2.9	0010010001100101	5	2
18671	-2.9	0010010001100111	5	2
18676	-2.9	0010010000100100	5	2
18678	-2.9	0010010000100101	5	2
18688	-2.9	0010010001000101	5	2
18689	-2.9	0010010001000011	5	2
18697	-2.9	0010010001100011	5	2
18706	-2.9	0010010001011001	5	2
18707	-2.9	0010010001011001	5	2
18708	-2.9	0010010001100101	5	2
18712	-2.9	0010010001011011	5	2
18722	-2.9	0010010001100111	5	2
18733	-3.5	0010010000100100	4	2
18734	-3.2	0010010000100101	4	2
18744	-3.2	0010010001000101	4	2
18745	-3.2	0010010001000011	4	2
18753	-3.2	0010010001100011	4	2
18762	-3.2	0010010001011001	4	2
18763	-3.2	0010010001011001	4	2
18764	-3.2	0010010001100101	4	2
18768	-3.2	0010010001011011	4	2
18778	-3.2	0010010001100111	4	2
18780	-3.2	0010010001111001	4	2
18784	-2.9	1100001001000010	5	1
18786	-2.9	1100001001011010	5	1
18787	-2.9	1100001001100110	5	1
18789	-2.9	1010010001000010	5	1
18790	-3.2	1010010000100101	4	1
18792	-2.9	1010010001000010	5	1
18793	-2.9	1010010001100010	5	1
18795	-2.9	1010010000100110	5	1
18796	-2.9	1010010001100100	5	2
18800	-2.9	1010010001000110	5	1
18804	-3.2	1010010001000101	4	1
18805	-3.2	1010010001000011	4	1
18806	-3.2	1010010001000010	4	1
18809	-2.9	1010010000111010	5	1
18810	-2.9	1010010001011100	5	2
18812	-3.2	1010010001100011	4	1
18813	-2.9	1010010000111100	5	2
18819	-2.9	1010010001011010	5	1
18820	-2.9	1010010001011010	5	1
18821	-3.2	1010010001011010	4	1
18823	-2.9	1010010010100110	5	1
18824	-3.2	1010010001100101	4	1
18826	-2.9	1010010001011110	5	1
18827	-2.9	1010010001100110	5	1
18829	-2.9	1010010010100110	5	1
18830	-2.9	1010010001100110	4	1
18831	-3.2	1010010001100110	4	1
18833	-3.2	1010010011100110	4	1
18834	-2.9	0101100110011001	3	2
18835	-3.2	1010010001111110	4	1
18836	-3.5	1010010011111111	4	1
18837	-2.9	0100001001000010	5	1
18843	-2.9	0100001001000010	5	1
18851	-2.9	0100001001000101	5	1
18852	-2.9	0100001001000011	5	1
18857	-2.9	0100001001100011	5	1
18868	-2.9	0100001001011001	5	1
18869	-2.9	0100001001011001	5	1
18870	-2.9	0100001001100101	5	1
18872	-2.9	0100001001100101	5	1
18884	-2.9	0100001001100111	5	1
18889	-2.9	1010010000111001	4	1
18954	-3.2	1010010001000101	4	1
18955	-3.2	1010010001000011	4	1
18959	-3.2	0010010110100011	4	2
18960	-3.2	1010010001100011	4	1
18969	-3.2	1010010001011001	4	1
18970	-3.2	0010010110100101	4	2
18971	-3.2	1010010001100101	4	1
18981	-3.2	1010010001100111	4	1
18982	-3.2	1010010001111001	4	1
19072	-2.9	0100001001000010	5	1
19078	-2.9	0100001001000101	5	1
19079	-2.9	0100001001000011	5	1
19087	-2.9	0100001001100011	5	1
19096	-2.9	0100001001011001	5	1
19097	-2.9	0100001001011001	5	1
19098	-2.9	0100001001100101	5	1
19102	-2.9	0100001001011011	5	1
19112	-2.9	0100001001100111	5	1
19122	-2.9	0100011001000101	5	1
19123	-2.9	0100011001000011	5	1
19185	-2.9	1100001001011001	4	1
19187	-2.9	0110010000100110	4	1
19230	-2.9	1010001000111001	4	1
19235	-2.9	0110010000100110	5	2
19238	-2.9	0110010001000101	5	1
19239	-2.9	0110010001000011	5	1
19247	-2.9	0110010001100011	5	1
19256	-2.9	0110010001011001	5	2
19257	-2.9	0110010001011001	5	2
19258	-2.9	0110010001100101	5	1
19262	-2.9	0110010001011011	5	2
19272	-2.9	0110010001100111	5	2
19285	-2.9	0010011001000101	5	2
19286	-2.9	0010011001000011	5	2
19366	-2.9	1010001001000110	5	1
19370	-3.2	1010001001000101	4	1
19371	-3.2	1010001001000011	4	1
19372	-3.2	1010001001000010	4	1
19375	-2.9	1010001000111010	5	1
19376	-2.9	1010001001011100	5	2
19378	-3.2	1010001001100011	4	1
19379	-2.9	1010001000111100	5	2
19385	-2.9	1010001001011010	5	1
19386	-2.9	1010001001011010	5	1
19387	-3.2	1010001001011010	4	1
19389	-2.9	1010001010100110	5	1
19390	-3.2	1010001001100101	4	1
19392	-2.9	1010001001011110	5	1
19393	-2.9	1010001001100110	5	1
19395	-2.9	1010001010100110	5	1
19396	-2.9	1010001001100110	4	1
19397	-3.2	1010001001100110	4	1
19399	-3.2	1010001011100110	4	1
19401	-3.2	1010001001111110	4	1
19402	-3.5	1010001011111111	4	1
19404	-2.9	1100001001000110	5	1
19408	-3.2	1100001001000101	4	1
19409	-3.2	1100001001000011	4	1
19410	-3.2	1100001001000010	4	1
19413	-2.9	1100001000111010	5	1
19414	-2.9	1100001001011100	5	1
19416	-3.2	1100001001100011	4	1
19417	-2.9	1100001000111100	5	1
19423	-2.9	1100001001011010	5	1
19424	-2.9	1100001001011010	5	1
19425	-3.2	1100001001011010	4	1
19427	-2.9	1100001010100110	5	1
19428	-3.2	1100001001100101	4	1
19430	-2.9	1100001001011110	5	1
19431	-2.9	1100001001100110	5	1
19433	-2.9	1100001010100110	5	1
19434	-2.9	1100001001100110	4	1
19435	-3.2	1100001001100110	4	1
19437	-3.2	1100001011100110	4	1
19439	-3.2	1100001001111110	4	1
19440	-3.5	1100001011111111	4	1
19441	-2.9	0110001001000110	5	2
19448	-2.9	0110001001100011	5	1
19457	-2.9	0110001001011001	5	2
19458	-2.9	0110001001011001	5	2
19459	-2.9	0110001001100101	5	1
19463	-2.9	0110001001011011	5	2
19473	-2.9	0110001001100111	5	2
19532	-2.9	0110001001000110	4	2
19567	-3.2	0100010110100011	4	1
19568	-3.2	1010001001100011	4	1
19577	-3.2	1010001001011001	4	1
19578	-3.2	0100010110100101	4	1
19579	-3.2	1010001001100101	4	1
19589	-3.2	1010001001100111	4	1
19590	-3.2	1010001001111001	4	1
19593	-3.2	0100001110100011	4	1
19594	-3.2	1100001001100011	4	1
19603	-3.2	1100001001011001	4	1
19604	-3.2	0100001110100101	4	1
19605	-3.2	1100001001100101	4	1
19615	-3.2	1100001001100111	4	1
19616	-3.2	1100001001111001	4	1
19623	-3.5	0100001001000010	4	1
19624	-3.2	0100001001100011	4	1
19633	-3.2	0100001001011001	4	1
19634	-3.2	0100001001011001	4	1
19635	-3.2	0100001001100101	4	1
19639	-3.2	0100001001011011	4	1
19649	-3.2	0100001001100111	4	1
19651	-3.2	0100001001111001	4	1
19674	-2.9	0011100110011100	5	2
19676	-3.2	1100010111000110	4	1
19683	-3.2	1100010110100101	4	1
19684	-3.2	1100010110100110	4	1
19691	-2.9	0011100110011100	4	2
19696	-3.2	1100011001100011	4	1
19705	-3.2	1100011001011010	4	1
19708	-3.2	1100011001100101	4	1
19715	-3.2	1100011001100110	4	1
19721	-2.9	0101110000111010	4	2
19741	-3.2	1010001110100101	4	1
19747	-3.2	1010001110011001	4	1
19756	-2.9	0101110000111010	5	2
19775	-3.2	1010010110100101	4	1
19781	-3.2	1010010110011001	4	1
19858	-3.2	1100011001011001	4	1
19859	-3.2	0110001110100101	4	1
19860	-3.2	1100011001100101	4	1
19870	-3.2	1100011001100111	4	1
19873	-2.9	0011110000111100	5	2
19888	-3.2	1100010110100101	4	1
19894	-3.2	1100010110011001	4	1
19952	-2.9	1001100110011001	4	2
19957	-3.2	1001101001011010	4	2
19961	-3.2	1001101001100110	4	2
19965	-2.9	1001100110011001	4	2
19969	-3.2	1001101001011010	4	2
19972	-3.2	1001101001100101	4	1
19979	-3.2	1001101001100110	4	2
19987	-2.9	0101100110011010	5	2
19992	-3.2	1010010110100101	4	1
19993	-3.2	1010010110100110	4	1
20000	-2.9	0101100110011010	4	2
20003	-3.2	1010011001011010	4	1
20006	-3.2	1010011001100101	4	1
20013	-3.2	1010011001100110	4	1
20060	-3.5	0101101001011010	4	2
20061	-3.2	0101101001011011	4	2
20071	-3.2	0101101001100111	4	2
20077	-3.2	1110010110100101	4	1
20082	-3.2	1101101001100110	4	2
20105	-3.5	1010010110100101	4	1
20118	-3.2	1010011001100111	4	1
20150	-3.5	1010010110100101	4	1
20184	-3.5	0110011001100110	4	2
20185	-3.2	0110011001100111	4	2
20190	-2.9	0111100110011110	4	2
20200	-3.5	1001100110011001	4	2
