16	-4.9	0000000010000111	4	2
56	-4.9	0000000000000001	4	2
80	-4.9	0000000000000011	4	2
98	-4.9	0000000000000101	4	2
159	-4.9	0000000000100001	4	2
160	-4.9	0000000001000001	4	2
161	-4.9	0000000001100001	4	2
183	-4.9	0000000010000111	4	2
220	-4.9	0000000000100101	4	2
239	-4.9	0000000001000101	4	2
240	-4.9	0000000001000011	4	2
274	-4.9	0000000001100101	4	2
296	-3.2	0000000000000000	4	2
297	-3.2	0000000000000000	4	2
494	-3.2	0000000000000000	4	2
495	-3.2	0000000000000000	4	2
689	-3.2	0000000000000000	4	2
871	-6.9	0000000011111111	4	2
882	-4.9	0000000000111001	4	2
887	-6.9	0000000011111111	4	2
946	-5.2	0000000000000000	4	2
947	-5.2	0000000000000000	4	2
1138	-5.2	0000000000000000	4	2
1151	-6.9	0000000000000001	4	2
1168	-6.9	0000000000000011	4	2
1181	-6.9	0000000000000101	4	2
1230	-6.9	0000000000100001	4	2
1231	-6.9	0000000001000001	4	2
1232	-6.9	0000000001100001	4	2
1266	-6.9	0000000000100101	4	2
1276	-6.9	0000000001000101	4	2
1277	-6.9	0000000001000011	4	2
1300	-6.9	0000000001100101	4	2
1335	-5.2	0000000000000000	4	2
1336	-5.2	0000000000000000	4	2
1529	-5.2	0000000000000000	4	2
1717	-7.2	0000000000000000	4	2
1898	-4.9	1000000000111001	4	1
1899	-4.9	1000000001011001	4	1
1903	-6.9	1000000011111111	4	1
1904	-5.2	1000000000000001	4	1
2048	-5.2	1000000000000001	4	1
2192	-5.2	1000000000000001	4	1
2196	-6.9	1000000000000001	4	1
2199	-6.9	1000000000000001	4	1
2209	-4.9	1000000001000000	4	2
2215	-6.9	1000000000000011	4	1
2216	-6.9	1000000000000011	4	1
2229	-6.9	1000000000000101	4	1
2245	-4.9	1000000000011001	4	1
2264	-6.9	1000000000100001	4	1
2265	-6.9	1000000001000001	4	1
2266	-6.9	1000000001100001	4	1
2278	-6.9	1000000000100001	4	1
2279	-6.9	1000000001000001	4	1
2280	-6.9	1000000001100001	4	1
2302	-6.9	1000000000100011	4	1
2313	-6.9	1000000000100101	4	1
2314	-6.9	1000000000100101	4	1
2324	-6.9	1000000001000101	4	1
2325	-6.9	1000000001000011	4	1
2327	-6.9	1000000001000101	4	1
2328	-6.9	1000000001000011	4	1
2335	-6.9	1000000001100011	4	1
2347	-6.9	1000000001100101	4	1
2348	-6.9	1000000001100101	4	1
2602	-4.9	0000000110000001	4	2
2612	-4.9	0000000110000001	4	2
2613	-4.9	0000000110000011	4	2
2629	-4.9	0000000110000101	4	2
2652	-4.9	0000000110000101	4	2
2653	-4.9	0000000110000011	4	2
2757	-4.9	1000000000011001	4	1
2801	-6.6	1000000000111001	4	1
3067	-5.2	0000000110000000	4	2
3178	-5.2	0000000110000000	4	2
3298	-6.9	1000000000000011	4	1
3307	-6.9	1000000000000101	4	1
3314	-6.9	1000000000000111	4	1
3320	-6.9	1000000000100001	4	1
3321	-6.9	1000000001000001	4	1
3322	-6.9	1000000001100001	4	1
3368	-6.9	1000000000100011	4	1
3376	-6.9	1000000000100101	4	1
3387	-6.9	1000000001000101	4	1
3388	-6.9	1000000001000011	4	1
3393	-6.9	1000000001100011	4	1
3402	-6.9	1000000001011001	4	1
3404	-6.9	1000000001100101	4	1
3414	-6.9	1000000001100111	4	1
3415	-6.9	1000000001111001	4	1
3676	-4.9	0000000110000001	4	2
3688	-4.9	0000000110000011	4	2
3698	-4.9	0000000110000101	4	2
3699	-4.9	0000000110000011	4	2
3786	-4.9	1000000001000000	4	2
3799	-4.9	1000000000011001	4	1
3845	-6.6	1000000001011001	4	1
3850	-5.2	0000000110000000	4	2
3959	-6.9	1000000000000010	4	1
3961	-6.6	1000000001000000	4	2
3963	-6.9	1000000001000000	4	2
3964	-6.9	1000000000000011	4	1
3966	-6.9	1000000000100000	4	1
3967	-6.9	1000000001100000	4	1
3969	-6.9	1000000000000100	4	1
3973	-6.9	1000000000000101	4	1
3976	-4.9	1000000000000110	4	1
3978	-6.9	1000000000000110	4	1
3980	-6.9	1000000000000111	4	1
3982	-6.9	1000000000011000	4	2
3986	-6.9	1000000000100001	4	1
3987	-6.9	1000000001000001	4	1
3988	-6.9	1000000001100001	4	1
3990	-6.9	1000000000011010	4	1
3994	-6.9	1000000001011000	4	2
4005	-6.9	1000000000011100	4	1
4008	-6.9	1000000000111000	4	2
4030	-6.9	1000000000100010	4	1
4033	-6.9	1000000001000100	4	1
4034	-6.9	1000000000100011	4	1
4037	-6.9	1000000001000010	4	1
4038	-6.9	1000000001100010	4	1
4039	-6.9	1000000000100100	4	1
4042	-6.9	1000000000100101	4	1
4049	-6.9	1000000000100110	4	1
4052	-6.9	1000000001100100	4	1
4053	-6.9	1000000001000101	4	1
4054	-6.9	1000000001000011	4	1
4056	-6.9	1000000001000110	4	1
4059	-6.9	1000000001100011	4	1
4060	-6.9	1000000000111010	4	1
4063	-6.9	1000000001011100	4	1
4066	-6.9	1000000001011010	4	1
4067	-6.9	1000000001100110	4	1
4068	-6.9	1000000001011001	4	1
4070	-6.9	1000000001100101	4	1
4078	-6.9	1000000001100110	4	1
4080	-6.9	1000000001100111	4	1
4081	-6.9	1000000001111001	4	1
4313	-4.9	0000000110000001	4	2
4327	-4.9	0000000110000101	4	2
4328	-4.9	0000000110000011	4	2
4402	-5.2	0000000110000000	4	2
4836	-3.2	0100000000000010	4	1
4837	-3.2	0100000000000010	4	1
5014	-3.2	0100000000000010	4	1
5015	-3.2	0100000000000010	4	1
5189	-3.2	0100000000000010	4	1
5351	-4.9	0100000000111001	4	1
5356	-6.9	0100000011111111	4	1
5403	-5.2	0100000000000010	4	1
5412	-6.9	0100000000000011	4	1
5425	-6.9	0100000000000101	4	1
5474	-6.9	0100000000100001	4	1
5475	-6.9	0100000001000001	4	1
5476	-6.9	0100000001100001	4	1
5510	-6.9	0100000000100101	4	1
5520	-6.9	0100000001000101	4	1
5521	-6.9	0100000001000011	4	1
5544	-6.9	0100000001100101	4	1
5616	-5.2	0100000000000010	4	1
5786	-4.9	0000001000000011	4	2
5789	-4.9	0000001000000011	4	2
5791	-6.6	0000001000000011	4	2
5805	-4.9	0000001000000101	4	2
5808	-4.9	0000001000000101	4	2
5809	-6.6	0000001000000101	4	2
5816	-4.9	0000001000000111	4	2
5827	-4.9	0000001000011001	4	2
5828	-4.9	0000001010000001	4	2
5829	-4.9	0000001000100001	4	2
5830	-4.9	0000001001000001	4	2
5846	-4.9	0000001010000101	4	2
5851	-4.9	0000001000011011	4	2
5860	-4.9	0000001000100001	4	2
5861	-4.9	0000001001000001	4	1
5864	-4.9	0000001010000011	4	2
5869	-4.9	0000001000011101	4	2
5870	-6.6	0000001000100001	4	2
5871	-6.6	0000001001000001	4	2
5872	-6.6	0000001001100001	4	2
5877	-4.9	0000001010000101	4	1
5878	-4.9	0000001010000011	4	1
5890	-4.9	0000001010000111	4	2
5894	-6.6	0000001010000111	4	2
5900	-6.9	0000001010000001	4	2
5908	-4.9	0000001000100011	4	2
5912	-4.9	0000001000100011	4	2
5923	-4.9	0000001000100101	4	2
5928	-4.9	0000001000100101	4	2
5931	-6.6	0000001000100101	4	2
5938	-4.9	0000001001000101	4	1
5939	-4.9	0000001001000011	4	1
5947	-4.9	0000001001000101	4	2
5948	-4.9	0000001001000011	4	2
5950	-6.6	0000001001000101	4	2
5951	-6.6	0000001001000011	4	2
5959	-4.9	0000001000111001	4	2
5985	-6.6	0000001001100101	4	2
5998	-6.9	0000001011100111	4	2
5999	-6.9	0000001011111111	4	2
6000	-5.2	0000001001000000	4	2
6150	-5.2	0000001001000000	4	2
6155	-6.9	0000001000000011	4	2
6168	-6.9	0000001000000101	4	2
6217	-6.9	0000001000100001	4	2
6218	-6.9	0000001001000001	4	2
6219	-6.9	0000001001100001	4	2
6253	-6.9	0000001000100101	4	2
6263	-6.9	0000001001000101	4	2
6264	-6.9	0000001001000011	4	2
6287	-6.9	0000001001100101	4	2
6299	-3.2	0010000000000100	4	2
6310	-3.2	0010000000000100	4	2
6523	-4.9	1100000001011001	4	1
6564	-5.2	1100000000000011	4	1
6697	-5.2	1100000000000011	4	1
6698	-6.9	1100000000000011	4	1
6699	-6.9	1100000000000011	4	1
6712	-6.9	1100000000000101	4	1
6728	-4.9	1100000000011001	4	1
6747	-6.9	1100000000100001	4	1
6748	-6.9	1100000001000001	4	1
6749	-6.9	1100000001100001	4	1
6761	-6.9	1100000000100001	4	1
6762	-6.9	1100000001000001	4	1
6763	-6.9	1100000001100001	4	1
6785	-6.9	1100000000100011	4	1
6796	-6.9	1100000000100101	4	1
6797	-6.9	1100000000100101	4	1
6807	-6.9	1100000001000101	4	1
6808	-6.9	1100000001000011	4	1
6810	-6.9	1100000001000101	4	1
6811	-6.9	1100000001000011	4	1
6818	-6.9	1100000001100011	4	1
6830	-6.9	1100000001100101	4	1
6831	-6.9	1100000001100101	4	1
6894	-4.9	1100000000011001	4	1
6924	-6.9	1100000000000101	4	1
6931	-6.9	1100000000000111	4	1
6937	-6.9	1100000000100001	4	1
6938	-6.9	1100000001000001	4	1
6939	-6.9	1100000001100001	4	1
6985	-6.9	1100000000100011	4	1
6993	-6.9	1100000000100101	4	1
7004	-6.9	1100000001000101	4	1
7005	-6.9	1100000001000011	4	1
7010	-6.9	1100000001100011	4	1
7019	-6.9	1100000001011001	4	1
7021	-6.9	1100000001100101	4	1
7031	-6.9	1100000001100111	4	1
7032	-6.9	1100000001111001	4	1
7036	-4.9	1100000000011001	4	1
7037	-6.6	1100000001011001	4	1
7135	-6.9	1100000000100000	4	1
7136	-6.9	1100000001100000	4	1
7138	-6.9	1100000000000100	4	2
7142	-6.9	1100000000000101	4	1
7145	-4.9	1100000000000110	4	1
7147	-6.9	1100000000000110	4	1
7149	-6.9	1100000000000111	4	1
7151	-6.9	1100000000011000	4	2
7155	-6.9	1100000000100001	4	1
7156	-6.9	1100000001000001	4	1
7157	-6.9	1100000001100001	4	1
7159	-6.9	1100000000011010	4	1
7163	-6.9	1100000001011000	4	2
7174	-6.9	1100000000011100	4	2
7177	-6.9	1100000000111000	4	2
7199	-6.9	1100000000100010	4	1
7202	-6.9	1100000001000100	4	2
7203	-6.9	1100000000100011	4	1
7206	-6.9	1100000001000010	4	1
7207	-6.9	1100000001100010	4	1
7208	-6.9	1100000000100100	4	2
7211	-6.9	1100000000100101	4	1
7218	-6.9	1100000000100110	4	1
7221	-6.9	1100000001100100	4	2
7222	-6.9	1100000001000101	4	1
7223	-6.9	1100000001000011	4	1
7225	-6.9	1100000001000110	4	1
7228	-6.9	1100000001100011	4	1
7229	-6.9	1100000000111010	4	1
7232	-6.9	1100000001011100	4	2
7235	-6.9	1100000001011010	4	1
7236	-6.9	1100000001100110	4	1
7237	-6.9	1100000001011001	4	1
7239	-6.9	1100000001100101	4	1
7247	-6.9	1100000001100110	4	1
7249	-6.9	1100000001100111	4	1
7250	-6.9	1100000001111001	4	1
7252	-5.2	0000010000100000	4	1
7264	-6.9	0000010000000101	4	1
7313	-6.9	0000010000100001	4	1
7314	-6.9	0000010001000001	4	1
7315	-6.9	0000010001100001	4	1
7349	-6.9	0000010000100101	4	1
7359	-6.9	0000010001000101	4	1
7360	-6.9	0000010001000011	4	1
7383	-6.9	0000010001100101	4	1
7406	-6.9	0000011000000101	4	1
7455	-6.9	0000011000100001	4	1
7456	-6.9	0000011001000001	4	1
7457	-6.9	0000011001100001	4	1
7491	-6.9	0000011000100101	4	1
7501	-6.9	0000011001000101	4	1
7502	-6.9	0000011001000011	4	1
7525	-6.9	0000011001100101	4	1
7646	-6.9	0000001110000111	4	2
7747	-3.2	0010000000000100	4	2
7748	-3.2	0010000000000100	4	2
7909	-3.2	0010000000000100	4	2
8054	-4.9	0010000000111001	4	2
8059	-6.9	0010000011111111	4	2
8102	-5.2	0010000000000100	4	2
8109	-6.9	0010000000000101	4	2
8158	-6.9	0010000000100001	4	1
8159	-6.9	0010000001000001	4	1
8160	-6.9	0010000001100001	4	1
8194	-6.9	0010000000100101	4	2
8204	-6.9	0010000001000101	4	2
8205	-6.9	0010000001000011	4	2
8228	-6.9	0010000001100101	4	2
8252	-5.2	0010000000000100	4	2
8587	-5.2	0000010000100000	4	2
8772	-4.9	1010000000111001	4	1
8782	-5.2	1010000000000101	4	1
8901	-5.2	1010000000000101	4	1
8903	-6.9	1010000000000101	4	1
8919	-4.9	1010000000011001	4	1
8938	-6.9	1010000000100001	4	1
8939	-6.9	1010000001000001	4	1
8940	-6.9	1010000001100001	4	1
8952	-6.9	1010000000100001	4	1
8953	-6.9	1010000001000001	4	1
8954	-6.9	1010000001100001	4	1
8976	-6.9	1010000000100011	4	1
8987	-6.9	1010000000100101	4	1
8988	-6.9	1010000000100101	4	1
8998	-6.9	1010000001000101	4	1
8999	-6.9	1010000001000011	4	1
9001	-6.9	1010000001000101	4	1
9002	-6.9	1010000001000011	4	1
9009	-6.9	1010000001100011	4	1
9021	-6.9	1010000001100101	4	1
9022	-6.9	1010000001100101	4	1
9035	-4.9	1010000000011001	4	1
9036	-6.6	1010000000111001	4	1
9250	-4.9	1010000000011001	4	1
9273	-4.9	1010000000000110	4	1
9275	-6.9	1010000000000110	4	1
9277	-6.9	1010000000000111	4	1
9279	-6.9	1010000000011000	4	2
9283	-6.9	1010000000100001	4	1
9284	-6.9	1010000001000001	4	1
9285	-6.9	1010000001100001	4	1
9287	-6.9	1010000000011010	4	2
9291	-6.9	1010000001011000	4	2
9302	-6.9	1010000000011100	4	2
9305	-6.9	1010000000111000	4	2
9327	-6.9	1010000000100010	4	1
9330	-6.9	1010000001000100	4	2
9331	-6.9	1010000000100011	4	1
9334	-6.9	1010000001000010	4	1
9335	-6.9	1010000001100010	4	1
9336	-6.9	1010000000100100	4	2
9339	-6.9	1010000000100101	4	1
9346	-6.9	1010000000100110	4	1
9349	-6.9	1010000001100100	4	2
9350	-6.9	1010000001000101	4	1
9351	-6.9	1010000001000011	4	1
9353	-6.9	1010000001000110	4	1
9356	-6.9	1010000001100011	4	1
9357	-6.9	1010000000111010	4	2
9360	-6.9	1010000001011100	4	2
9363	-6.9	1010000001011010	4	2
9364	-6.9	1010000001100110	4	1
9365	-6.9	1010000001011001	4	1
9367	-6.9	1010000001100101	4	1
9375	-6.9	1010000001100110	4	1
9377	-6.9	1010000001100111	4	1
9378	-6.9	1010000001111001	4	1
9577	-4.9	0110000000100001	4	1
9578	-4.9	0110000001000001	4	1
9579	-4.9	0110000001100001	4	1
9601	-4.9	0110000010000111	4	2
9638	-4.9	0110000000100101	4	1
9657	-4.9	0110000001000101	4	1
9658	-4.9	0110000001000011	4	1
9692	-4.9	0110000001100101	4	1
9707	-3.2	0110000000000110	4	2
9835	-5.2	0110000000000110	4	2
9880	-6.9	0110000000100001	4	1
9881	-6.9	0110000001000001	4	1
9882	-6.9	0110000001100001	4	1
9916	-6.9	0110000000100101	4	1
9926	-6.9	0110000001000101	4	1
9927	-6.9	0110000001000011	4	1
9950	-6.9	0110000001100101	4	1
9962	-5.2	0110000000000110	4	2
10088	-5.2	1110000000000111	4	1
10099	-4.9	1110000000011001	4	1
10118	-6.9	1110000000100001	4	1
10119	-6.9	1110000001000001	4	1
10120	-6.9	1110000001100001	4	1
10132	-6.9	1110000000100001	4	1
10133	-6.9	1110000001000001	4	1
10134	-6.9	1110000001100001	4	1
10156	-6.9	1110000000100011	4	1
10167	-6.9	1110000000100101	4	1
10168	-6.9	1110000000100101	4	1
10178	-6.9	1110000001000101	4	1
10179	-6.9	1110000001000011	4	1
10181	-6.9	1110000001000101	4	1
10182	-6.9	1110000001000011	4	1
10189	-6.9	1110000001100011	4	1
10201	-6.9	1110000001100101	4	1
10202	-6.9	1110000001100101	4	1
10424	-4.9	1000000110000001	4	1
10434	-4.9	1000000110000001	4	1
10435	-4.9	1000000110000011	4	1
10440	-4.9	1000000110000001	4	1
10445	-4.9	1000000110000001	4	1
10451	-4.9	1000000110000101	4	1
10474	-4.9	1000000110000101	4	1
10475	-4.9	1000000110000011	4	1
10479	-4.9	1000000110000101	4	1
10480	-4.9	1000000110000011	4	1
10573	-4.9	1000000110000001	4	1
10578	-4.9	1000000110000001	4	1
10595	-4.9	1000000110000001	4	1
10600	-4.9	1000000110000101	4	1
10607	-4.9	1000000110000011	4	1
10617	-4.9	1000000110000101	4	1
10618	-4.9	1000000110000011	4	1
10622	-4.9	1000000110000101	4	1
10623	-4.9	1000000110000011	4	1
10720	-4.9	1000000110000001	4	1
10722	-4.9	1000000110000001	4	1
10733	-4.9	1000000110000001	4	1
10747	-4.9	1000000110000101	4	1
10748	-4.9	1000000110000011	4	1
10752	-4.9	1000000110000101	4	1
10753	-4.9	1000000110000011	4	1
10868	-5.2	0001100000011000	4	2
10869	-5.2	0001100000011000	4	2
11007	-5.2	0001100000011000	4	2
11044	-6.9	0001100000100001	4	2
11045	-6.9	0001100001000001	4	2
11046	-6.9	0001100001100001	4	2
11080	-6.9	0001100000100101	4	2
11090	-6.9	0001100001000101	4	2
11091	-6.9	0001100001000011	4	2
11114	-6.9	0001100001100101	4	2
11134	-5.2	0001100000011000	4	2
11135	-5.2	0001100000011000	4	2
11275	-5.2	0001100000011000	4	2
11400	-7.2	0001100000011000	4	2
11530	-4.9	1001100000100001	4	1
11531	-4.9	1001100001000001	4	1
11538	-4.9	1001100000100001	4	1
11539	-4.9	1001100001000001	4	1
11540	-4.9	1001100010000001	4	1
11557	-4.9	1001100000100001	4	1
11558	-4.9	1001100001000001	4	1
11571	-4.9	1001100010000101	4	1
11572	-4.9	1001100010000011	4	1
11576	-4.9	1001100010000101	4	1
11577	-4.9	1001100010000011	4	1
11591	-4.9	1001100000100011	4	1
11592	-4.9	1001100000100011	4	1
11594	-4.9	1001100000100011	4	1
11605	-4.9	1001100000100101	4	1
11606	-4.9	1001100000100101	4	1
11609	-4.9	1001100000100101	4	1
11615	-4.9	1001100001000101	4	1
11616	-4.9	1001100001000011	4	1
11618	-4.9	1001100001000101	4	1
11619	-4.9	1001100001000011	4	1
11624	-4.9	1001100001000101	4	1
11625	-4.9	1001100001000011	4	1
11657	-5.2	1000010000100001	4	1
11759	-5.2	1000001001000001	4	1
11899	-5.2	1000000110000001	4	1
11900	-4.9	1000000110000101	4	1
11904	-4.9	1000000110000100	4	1
11905	-4.9	1000000110000010	4	1
11906	-4.9	1000000110000110	4	1
11907	-6.6	1000000110000001	4	1
11967	-6.6	1000000110100101	4	1
11971	-6.9	1000000110100101	4	1
11979	-5.2	1000010000100001	4	1
11995	-6.9	1000010000100001	4	1
11996	-6.9	1000010001000001	4	1
11997	-6.9	1000010001100001	4	1
12009	-6.9	1000010000100001	4	1
12010	-6.9	1000010001000001	4	1
12011	-6.9	1000010001100001	4	1
12033	-6.9	1000010000100011	4	1
12044	-6.9	1000010000100101	4	1
12045	-6.9	1000010000100101	4	1
12055	-6.9	1000010001000101	4	1
12056	-6.9	1000010001000011	4	1
12058	-6.9	1000010001000101	4	1
12059	-6.9	1000010001000011	4	1
12066	-6.9	1000010001100011	4	1
12078	-6.9	1000010001100101	4	1
12079	-6.9	1000010001100101	4	1
12091	-5.2	1000001001000001	4	1
12106	-6.9	1000001000100001	4	1
12107	-6.9	1000001001000001	4	1
12108	-6.9	1000001001100001	4	1
12120	-6.9	1000001000100001	4	1
12121	-6.9	1000001001000001	4	1
12122	-6.9	1000001001100001	4	1
12144	-6.9	1000001000100011	4	1
12155	-6.9	1000001000100101	4	1
12156	-6.9	1000001000100101	4	1
12166	-6.9	1000001001000101	4	1
12167	-6.9	1000001001000011	4	1
12169	-6.9	1000001001000101	4	1
12170	-6.9	1000001001000011	4	1
12177	-6.9	1000001001100011	4	1
12189	-6.9	1000001001100101	4	1
12190	-6.9	1000001001100101	4	1
12216	-6.9	1000011000100001	4	1
12217	-6.9	1000011001000001	4	1
12218	-6.9	1000011001100001	4	1
12230	-6.9	1000011000100001	4	1
12231	-6.9	1000011001000001	4	1
12232	-6.9	1000011001100001	4	1
12254	-6.9	1000011000100011	4	1
12265	-6.9	1000011000100101	4	1
12266	-6.9	1000011000100101	4	1
12276	-6.9	1000011001000101	4	1
12277	-6.9	1000011001000011	4	1
12279	-6.9	1000011001000101	4	1
12280	-6.9	1000011001000011	4	1
12287	-6.9	1000011001100011	4	1
12299	-6.9	1000011001100101	4	1
12300	-6.9	1000011001100101	4	1
12325	-4.9	1010000110000001	4	1
12326	-4.9	1010000110000011	4	1
12331	-4.9	1010000110000001	4	1
12336	-4.9	1010000110000001	4	1
12342	-4.9	1010000110000101	4	1
12365	-4.9	1010000110000101	4	1
12366	-4.9	1010000110000011	4	1
12370	-4.9	1010000110000101	4	1
12371	-4.9	1010000110000011	4	1
12456	-4.9	1100000110000001	4	1
12464	-4.9	1010000110000001	4	1
12487	-4.9	1010000110000001	4	1
12489	-4.9	1010000110000001	4	1
12500	-4.9	1010000110000001	4	1
12514	-4.9	1010000110000101	4	1
12515	-4.9	1010000110000011	4	1
12519	-4.9	1010000110000101	4	1
12520	-4.9	1010000110000011	4	1
12890	-4.9	1000000110000100	4	1
12891	-4.9	1000000110000010	4	1
12892	-4.9	1000000110000110	4	1
12893	-6.6	1000000110000001	4	1
12897	-4.9	1000000110000011	4	1
12901	-6.6	1000000110000001	4	1
12914	-6.6	1000000110011001	4	1
12916	-6.6	1000000110100101	4	1
12922	-6.6	1000010110000001	4	1
12933	-4.9	1100000110000100	4	2
12934	-4.9	1100000110000010	4	1
12935	-4.9	1100000110000110	4	1
12936	-6.6	1100000110000001	4	1
12942	-6.6	1100000110011001	4	1
12944	-6.6	1100000110100101	4	1
12946	-5.2	0101100000011010	4	2
12969	-6.9	0101100000100001	4	1
12970	-6.9	0101100001000001	4	1
12971	-6.9	0101100001100001	4	1
13005	-6.9	0101100000100101	4	2
13015	-6.9	0101100001000101	4	2
13016	-6.9	0101100001000011	4	1
13039	-6.9	0101100001100101	4	2
13065	-4.9	0010000110000101	4	2
13088	-4.9	0010000110000101	4	2
13089	-4.9	0010000110000011	4	2
13186	-4.9	0100000110000101	4	1
13209	-4.9	0100000110000101	4	1
13210	-4.9	0100000110000011	4	1
13298	-4.9	0110000110000101	4	1
13336	-5.2	1000000110000001	4	1
13341	-5.2	1000000110000001	4	1
13347	-6.6	1000000110000101	4	1
13353	-4.9	1000000110000011	4	1
13356	-6.6	1000000111000001	4	1
13358	-6.6	1000000110100001	4	1
13359	-6.6	1000000111000001	4	1
13366	-4.9	1000000110000111	4	1
13370	-6.6	1000000110000101	4	1
13371	-6.6	1000000110000011	4	1
13380	-6.9	1000000110000001	4	1
13422	-6.6	1000000110100011	4	1
13424	-6.6	1000000111000101	4	1
13426	-6.6	1000000110100101	4	1
13431	-6.6	1000000110100011	4	1
13437	-6.6	1000000110100101	4	1
13444	-6.9	1000000110100101	4	1
13447	-6.9	1000000110100101	4	1
13452	-6.9	1000000110011001	4	1
13453	-6.9	1000000111100111	4	1
13454	-8.6	1000000111111111	4	1
13470	-5.2	0101100000011010	4	2
13602	-6.6	1000010000111001	4	1
13643	-6.6	1000001000111001	4	1
13692	-5.2	1000000110000001	4	1
13699	-4.9	1000000110000011	4	1
13700	-4.9	1000000110000011	4	1
13703	-6.6	1000000110000001	4	1
13708	-6.6	1000000110100001	4	1
13709	-6.6	1000000111000001	4	1
13713	-4.9	1000000110000111	4	1
13717	-6.6	1000000110000101	4	1
13718	-6.6	1000000110000011	4	1
13727	-6.9	1000000110000001	4	1
13763	-6.6	1000000111000101	4	1
13764	-6.6	1000000110100101	4	1
13768	-6.6	1000000110100011	4	1
13783	-6.9	1000000110100101	4	1
13789	-6.9	1000000110011001	4	1
13790	-6.9	1000000111100111	4	1
13791	-8.6	1000000111111111	4	1
13802	-6.6	1000010110000001	4	1
13807	-6.6	1000010110100001	4	1
13816	-6.6	1000010110000101	4	1
13817	-6.6	1000010110000011	4	1
13826	-6.9	1000010110000001	4	1
13863	-6.6	1000010110100101	4	1
13867	-6.6	1000010110100011	4	1
13882	-6.9	1000010110100101	4	1
13888	-6.9	1000010110011001	4	1
13900	-6.6	1000001110000001	4	1
13906	-6.6	1000001111000001	4	1
13907	-6.9	0001101000100001	4	2
13908	-6.9	0001101001000001	4	2
13909	-6.9	0001101001100001	4	2
13914	-6.6	1000001110000101	4	1
13915	-6.6	1000001110000011	4	1
13924	-6.9	1000001110000001	4	1
13943	-6.9	0001101000100101	4	2
13953	-6.9	0001101001000101	4	2
13954	-6.9	0001101001000011	4	2
13960	-6.6	1000001111000101	4	1
13977	-6.9	0001101001100101	4	2
13980	-6.9	1000001110100101	4	1
13986	-6.9	1000001110011001	4	1
13988	-8.6	1000001111111111	4	1
14276	-5.2	1010000110000101	4	1
14329	-6.6	1010000110100101	4	1
14333	-6.9	1010000110100101	4	1
14341	-5.2	0010000110000100	4	2
14405	-5.2	0100000110000010	4	1
14468	-5.2	0110000110000110	4	2
14530	-5.2	0010000110000100	4	2
14591	-5.2	0110000110000110	4	2
14681	-6.9	1000010000100011	4	1
14689	-6.9	1000010000100101	4	1
14700	-6.9	1000010001000101	4	1
14701	-6.9	1000010001000011	4	1
14706	-6.9	1000010001100011	4	1
14715	-6.9	1000010001011001	4	1
14717	-6.9	1000010001100101	4	1
14727	-6.9	1000010001100111	4	1
14728	-6.9	1000010001111001	4	1
14760	-6.9	1000001000100011	4	1
14768	-6.9	1000001000100101	4	1
14779	-6.9	1000001001000101	4	1
14780	-6.9	1000001001000011	4	1
14785	-6.9	1000001001100011	4	1
14794	-6.9	1000001001011001	4	1
14796	-6.9	1000001001100101	4	1
14806	-6.9	1000001001100111	4	1
14807	-6.9	1000001001111001	4	1
14839	-6.9	1000011000100011	4	1
14847	-6.9	1000011000100101	4	1
14858	-6.9	1000011001000101	4	1
14859	-6.9	1000011001000011	4	1
14864	-6.9	1000011001100011	4	1
14873	-6.9	1000011001011001	4	1
14875	-6.9	1000011001100101	4	1
14885	-6.9	1000011001100111	4	1
14893	-4.9	1100000110000001	4	1
14898	-4.9	1100000110000101	4	1
14905	-4.9	1100000110000011	4	1
14915	-4.9	1100000110000101	4	1
14916	-4.9	1100000110000011	4	1
14920	-4.9	1100000110000101	4	1
14921	-4.9	1100000110000011	4	1
15002	-4.9	1100000110000001	4	1
15016	-4.9	1100000110000101	4	1
15017	-4.9	1100000110000011	4	1
15021	-4.9	1100000110000101	4	1
15022	-4.9	1100000110000011	4	1
15341	-5.2	1000000110000001	4	1
15343	-4.9	1000000110000100	4	1
15344	-4.9	1000000110000010	4	1
15345	-4.9	1000000110000110	4	1
15346	-6.6	1000000110000101	4	1
15359	-4.9	1000000110000111	4	1
15365	-4.9	1000000110000100	4	1
15366	-4.9	1000000110000010	4	1
15367	-4.9	1000000110000110	4	1
15368	-6.6	1000000110000101	4	1
15369	-6.6	1000000110000011	4	1
15373	-6.9	1000000110000001	4	1
15419	-6.6	1000000110100101	4	1
15423	-6.6	1000000110100011	4	1
15424	-6.6	1000000111000011	4	1
15428	-6.6	1000000111000101	4	1
15430	-6.6	1000000110011001	4	1
15433	-6.6	1000000110100101	4	1
15434	-6.6	1000000111100101	4	1
15437	-6.6	1000000110100111	4	1
15439	-6.9	1000000110100101	4	1
15444	-6.9	1000000110011001	4	1
15445	-6.9	1000000111100111	4	1
15453	-5.2	0011100000011100	4	2
15459	-6.9	0011100000100001	4	1
15460	-6.9	0011100001000001	4	1
15461	-6.9	0011100001100001	4	1
15495	-6.9	0011100000100101	4	2
15505	-6.9	0011100001000101	4	2
15506	-6.9	0011100001000011	4	2
15529	-6.9	0011100001100101	4	2
15551	-4.9	0010000110000011	4	2
15561	-4.9	0010000110000101	4	2
15562	-4.9	0010000110000011	4	2
15654	-4.9	0100000110000011	4	1
15664	-4.9	0100000110000101	4	1
15665	-4.9	0100000110000011	4	1
15749	-4.9	0110000110000011	4	1
15787	-6.6	1000001110011001	4	1
15791	-5.2	0011100000011100	4	2
15900	-6.6	1000010001011001	4	1
15929	-6.6	1000001001011001	4	1
15975	-6.6	1000010110000101	4	1
15976	-6.6	1000010110000011	4	1
15980	-6.9	1000010110000001	4	1
16018	-6.6	1000010110100011	4	1
16027	-6.6	1000010110100101	4	1
16028	-6.6	1000010110100101	4	1
16034	-6.6	1000010110100111	4	1
16036	-6.9	1000010110100101	4	1
16042	-6.9	1000010110011001	4	1
16046	-6.9	0001110000100001	4	2
16047	-6.9	0001110001000001	4	2
16048	-6.9	0001110001100001	4	2
16058	-6.6	1000001110000101	4	1
16059	-6.6	1000001110000011	4	1
16063	-6.9	1000001110000001	4	1
16082	-6.9	0001110000100101	4	2
16092	-6.9	0001110001000101	4	2
16093	-6.9	0001110001000011	4	2
16102	-6.6	1000001111000011	4	1
16105	-6.6	1000001111000101	4	1
16107	-6.6	1000001110011001	4	1
16108	-6.6	1000001110011001	4	1
16113	-6.6	1000001110011101	4	1
16116	-6.9	0001110001100101	4	2
16119	-6.9	1000001110100101	4	1
16125	-6.9	1000001110011001	4	1
16128	-5.2	1100000110000011	4	1
16173	-5.2	0010000110000100	4	2
16217	-5.2	0100000110000010	4	1
16260	-5.2	0110000110000110	4	2
16302	-5.2	0010000110000100	4	2
16343	-5.2	0110000110000110	4	2
16398	-6.9	1000010000100010	4	1
16401	-6.9	1000010001000100	4	1
16402	-6.9	1000010000100011	4	1
16405	-6.9	1000010001000010	4	1
16406	-6.9	1000010001100010	4	1
16407	-6.9	1000010000100100	4	1
16410	-6.9	1000010000100101	4	1
16417	-6.9	1000010000100110	4	1
16420	-6.9	1000010001100100	4	1
16421	-6.9	1000010001000101	4	1
16422	-6.9	1000010001000011	4	1
16424	-6.9	1000010001000110	4	1
16427	-6.9	1000010001100011	4	1
16428	-6.9	1000010000111010	4	1
16431	-6.9	1000010001011100	4	1
16434	-6.9	1000010001011010	4	1
16435	-6.9	1000010001100110	4	1
16436	-6.9	1000010001011001	4	1
16438	-6.9	1000010001100101	4	1
16446	-6.9	1000010001100110	4	1
16448	-6.9	1000010001100111	4	1
16449	-6.9	1000010001111001	4	1
16466	-6.9	1000001000100010	4	1
16469	-6.9	1000001001000100	4	1
16470	-6.9	1000001000100011	4	1
16473	-6.9	1000001001000010	4	1
16474	-6.9	1000001001100010	4	1
16475	-6.9	1000001000100100	4	1
16478	-6.9	1000001000100101	4	1
16485	-6.9	1000001000100110	4	1
16488	-6.9	1000001001100100	4	1
16489	-6.9	1000001001000101	4	1
16490	-6.9	1000001001000011	4	1
16492	-6.9	1000001001000110	4	1
16495	-6.9	1000001001100011	4	1
16496	-6.9	1000001000111010	4	1
16499	-6.9	1000001001011100	4	1
16502	-6.9	1000001001011010	4	1
16503	-6.9	1000001001100110	4	1
16504	-6.9	1000001001011001	4	1
16506	-6.9	1000001001100101	4	1
16514	-6.9	1000001001100110	4	1
16516	-6.9	1000001001100111	4	1
16517	-6.9	1000001001111001	4	1
16534	-6.9	1000011000100010	4	1
16537	-6.9	1000011001000100	4	1
16538	-6.9	1000011000100011	4	1
16541	-6.9	1000011001000010	4	1
16542	-6.9	1000011001100010	4	1
16543	-6.9	1000011000100100	4	1
16546	-6.9	1000011000100101	4	1
16553	-6.9	1000011000100110	4	1
16556	-6.9	1000011001100100	4	1
16557	-6.9	1000011001000101	4	1
16558	-6.9	1000011001000011	4	1
16560	-6.9	1000011001000110	4	1
16563	-6.9	1000011001100011	4	1
16564	-6.9	1000011000111010	4	1
16567	-6.9	1000011001011100	4	1
16570	-6.9	1000011001011010	4	1
16571	-6.9	1000011001100110	4	1
16572	-6.9	1000011001011001	4	1
16574	-6.9	1000011001100101	4	1
16582	-6.9	1000011001100110	4	1
16584	-6.9	1000011001100111	4	1
16591	-4.9	1110000110000101	4	1
16592	-4.9	1110000110000011	4	1
16596	-4.9	1110000110000101	4	1
16597	-4.9	1110000110000011	4	1
16897	-5.2	1010000110000101	4	1
16899	-4.9	1010000110000100	4	2
16900	-4.9	1010000110000010	4	1
16901	-4.9	1010000110000110	4	1
16902	-6.6	1010000110000101	4	1
16903	-6.6	1010000110000011	4	1
16907	-6.9	1010000110000001	4	1
16945	-6.6	1010000110100011	4	1
16946	-6.6	1010000111000011	4	1
16949	-6.6	1010000111000101	4	1
16951	-6.6	1010000110011001	4	1
16952	-6.6	1010000110011001	4	1
16954	-6.6	1010000110100101	4	1
16955	-6.6	1010000110100101	4	1
16956	-6.6	1010000111100101	4	1
16957	-6.6	1010000110011101	4	1
16961	-6.6	1010000110100111	4	1
16963	-6.9	1010000110100101	4	1
16969	-6.9	1010000110011001	4	1
16970	-6.9	1010000111100111	4	1
16972	-5.2	1100000110000011	4	1
16973	-4.9	1100000110000100	4	2
16974	-4.9	1100000110000010	4	1
16975	-4.9	1100000110000110	4	1
16976	-6.6	1100000110000101	4	1
16977	-6.6	1100000110000011	4	1
16981	-6.9	1100000110000001	4	1
17019	-6.6	1100000110100011	4	1
17020	-6.6	1100000111000011	4	1
17023	-6.6	1100000111000101	4	1
17025	-6.6	1100000110011001	4	1
17026	-6.6	1100000110011001	4	1
17028	-6.6	1100000110100101	4	1
17029	-6.6	1100000110100101	4	1
17030	-6.6	1100000111100101	4	1
17031	-6.6	1100000110011101	4	1
17035	-6.6	1100000110100111	4	1
17037	-6.9	1100000110100101	4	1
17043	-6.9	1100000110011001	4	1
17044	-6.9	1100000111100111	4	1
17262	-5.2	1010000110000101	4	1
17267	-6.9	1010000110000001	4	1
17303	-6.6	1010000111000101	4	1
17304	-6.6	1010000110100101	4	1
17308	-6.6	1010000110100011	4	1
17323	-6.9	1010000110100101	4	1
17329	-6.9	1010000110011001	4	1
17330	-6.9	1010000111100111	4	1
17331	-8.6	1010000111111111	4	1
17332	-5.2	1100000110000011	4	1
17336	-6.9	1100000110000001	4	1
17372	-6.6	1100000111000101	4	1
17373	-6.6	1100000110100101	4	1
17377	-6.6	1100000110100011	4	1
17392	-6.9	1100000110100101	4	1
17398	-6.9	1100000110011001	4	1
17399	-6.9	1100000111100111	4	1
17400	-8.6	1100000111111111	4	1
17401	-5.2	0010000110000100	4	2
17469	-5.2	0100000110000010	4	1
17536	-5.2	0110000110000110	4	2
17602	-7.2	1000000110000001	4	1
17638	-6.9	1000000111000101	4	1
17639	-6.9	1000000110100101	4	1
17640	-6.9	1000000110100011	4	1
17641	-6.9	1000000111000011	4	1
17643	-6.9	1000000110100011	4	1
17644	-6.9	1000000111000101	4	1
17646	-6.9	1000000110011001	4	1
17647	-6.9	1000000110011001	4	1
17649	-6.9	1000000110100101	4	1
17650	-6.9	1000000110100101	4	1
17651	-6.9	1000000111100101	4	1
17652	-6.9	1000000110011101	4	1
17656	-6.9	1000000110100111	4	1
17666	-8.9	1000000111111111	4	1
17790	-6.9	1110000101100110	4	2
17792	-8.9	1110000111111111	4	1
17842	-5.2	0100010000100010	4	1
17859	-6.9	0100010000100101	4	1
17869	-6.9	0100010001000101	4	1
17870	-6.9	0100010001000011	4	1
17893	-6.9	0100010001100101	4	1
17921	-5.2	0100010000100010	4	1
17989	-5.2	0010001001000100	4	2
18050	-5.2	0010001001000100	4	2
18064	-6.9	0010001000100101	4	2
18074	-6.9	0010001001000101	4	2
18075	-6.9	0010001001000011	4	2
18098	-6.9	0010001001100101	4	2
18118	-5.2	1100010000100011	4	1
18119	-6.9	1100010000100011	4	1
18130	-6.9	1100010000100101	4	1
18131	-6.9	1100010000100101	4	1
18141	-6.9	1100010001000101	4	1
18142	-6.9	1100010001000011	4	1
18144	-6.9	1100010001000101	4	1
18145	-6.9	1100010001000011	4	1
18152	-6.9	1100010001100011	4	1
18164	-6.9	1100010001100101	4	1
18165	-6.9	1100010001100101	4	1
18235	-6.9	1100010000100101	4	1
18246	-6.9	1100010001000101	4	1
18247	-6.9	1100010001000011	4	1
18252	-6.9	1100010001100011	4	1
18261	-6.9	1100010001011001	4	1
18263	-6.9	1100010001100101	4	1
18273	-6.9	1100010001100111	4	1
18274	-6.9	1100010001111001	4	1
18276	-5.2	0100001001000010	4	1
18278	-5.2	0100001001000010	4	1
18337	-6.6	1100010001011001	4	1
18371	-5.2	0100001001000010	4	1
18381	-6.9	0100001000100101	4	1
18391	-6.9	0100001001000101	4	1
18392	-6.9	0100001001000011	4	1
18415	-6.9	0100001001100101	4	1
18436	-6.9	0100011000100101	4	1
18446	-6.9	0100011001000101	4	1
18447	-6.9	0100011001000011	4	1
18470	-6.9	0100011001100101	4	1
18510	-5.2	0010010000100100	4	2
18511	-5.2	0010010000100100	4	2
18566	-5.2	0010010000100100	4	2
18573	-6.9	0010010000100101	4	2
18583	-6.9	0010010001000101	4	2
18584	-6.9	0010010001000011	4	2
18607	-6.9	0010010001100101	4	2
18619	-5.2	0010010000100100	4	2
18620	-5.2	0010010000100100	4	2
18676	-5.2	0010010000100100	4	2
18733	-7.2	0010010000100100	4	2
18788	-5.2	1010010000100101	4	1
18790	-6.9	1010010000100101	4	1
18791	-6.9	1010010000100101	4	1
18801	-6.9	1010010001000101	4	1
18802	-6.9	1010010001000011	4	1
18804	-6.9	1010010001000101	4	1
18805	-6.9	1010010001000011	4	1
18812	-6.9	1010010001100011	4	1
18824	-6.9	1010010001100101	4	1
18825	-6.9	1010010001100101	4	1
18837	-5.2	0100001001000010	4	1
18843	-5.2	0100001001000010	4	1
18889	-6.6	1010010000111001	4	1
18954	-6.9	1010010001000101	4	1
18955	-6.9	1010010001000011	4	1
18960	-6.9	1010010001100011	4	1
18969	-6.9	1010010001011001	4	1
18971	-6.9	1010010001100101	4	1
18981	-6.9	1010010001100111	4	1
18982	-6.9	1010010001111001	4	1
19038	-6.9	1010010000100110	4	1
19041	-6.9	1010010001100100	4	2
19042	-6.9	1010010001000101	4	1
19043	-6.9	1010010001000011	4	1
19045	-6.9	1010010001000110	4	1
19048	-6.9	1010010001100011	4	1
19049	-6.9	1010010000111010	4	2
19052	-6.9	1010010001011100	4	2
19055	-6.9	1010010001011010	4	2
19056	-6.9	1010010001100110	4	1
19057	-6.9	1010010001011001	4	1
19059	-6.9	1010010001100101	4	1
19067	-6.9	1010010001100110	4	1
19069	-6.9	1010010001100111	4	1
19070	-6.9	1010010001111001	4	1
19072	-5.2	0100001001000010	4	1
19185	-6.6	1100001001011001	4	1
19187	-5.2	0110010000100110	4	1
19194	-6.9	0110010001000101	4	1
19195	-6.9	0110010001000011	4	1
19218	-6.9	0110010001100101	4	1
19230	-6.6	1010001000111001	4	1
19235	-5.2	0110010000100110	4	2
19328	-6.9	0010011001000101	4	2
19329	-6.9	0010011001000011	4	2
19352	-6.9	0010011001100101	4	2
19364	-5.2	1010001001000101	4	1
19367	-6.9	1010001001000101	4	1
19368	-6.9	1010001001000011	4	1
19370	-6.9	1010001001000101	4	1
19371	-6.9	1010001001000011	4	1
19378	-6.9	1010001001100011	4	1
19390	-6.9	1010001001100101	4	1
19391	-6.9	1010001001100101	4	1
19403	-5.2	1100001001000011	4	1
19405	-6.9	1100001001000101	4	1
19406	-6.9	1100001001000011	4	1
19408	-6.9	1100001001000101	4	1
19409	-6.9	1100001001000011	4	1
19416	-6.9	1100001001100011	4	1
19428	-6.9	1100001001100101	4	1
19429	-6.9	1100001001100101	4	1
19441	-5.2	0110001001000110	4	2
19478	-6.9	1010001001000110	4	1
19481	-6.9	1010001001100011	4	1
19482	-6.9	1010001000111010	4	2
19485	-6.9	1010001001011100	4	2
19488	-6.9	1010001001011010	4	2
19489	-6.9	1010001001100110	4	1
19490	-6.9	1010001001011001	4	1
19492	-6.9	1010001001100101	4	1
19500	-6.9	1010001001100110	4	1
19502	-6.9	1010001001100111	4	1
19503	-6.9	1010001001111001	4	1
19505	-6.9	1100001001000110	4	1
19508	-6.9	1100001001100011	4	1
19509	-6.9	1100001000111010	4	1
19512	-6.9	1100001001011100	4	2
19515	-6.9	1100001001011010	4	1
19516	-6.9	1100001001100110	4	1
19517	-6.9	1100001001011001	4	1
19519	-6.9	1100001001100101	4	1
19527	-6.9	1100001001100110	4	1
19529	-6.9	1100001001100111	4	1
19530	-6.9	1100001001111001	4	1
19532	-5.2	0110001001000110	4	2
19554	-6.9	0110001001100101	4	1
19568	-6.9	1010001001100011	4	1
19577	-6.9	1010001001011001	4	1
19579	-6.9	1010001001100101	4	1
19589	-6.9	1010001001100111	4	1
19590	-6.9	1010001001111001	4	1
19594	-6.9	1100001001100011	4	1
19603	-6.9	1100001001011001	4	1
19605	-6.9	1100001001100101	4	1
19615	-6.9	1100001001100111	4	1
19616	-6.9	1100001001111001	4	1
19623	-7.2	0100001001000010	4	1
19672	-6.6	1001110001100101	4	1
19679	-6.6	1100010110100101	4	1
19683	-6.9	1100010110100101	4	1
19696	-6.9	1100011001100011	4	1
19708	-6.9	1100011001100101	4	1
19709	-6.9	1100011001100101	4	1
19724	-6.6	1010001111000011	4	1
19727	-6.6	1010001111000101	4	1
19729	-6.6	1010001110011001	4	1
19730	-6.6	1010001110011001	4	1
19735	-6.6	1010001110011101	4	1
19738	-6.9	0101110001100101	4	2
19741	-6.9	1010001110100101	4	1
19747	-6.9	1010001110011001	4	1
19757	-6.6	1010010110100011	4	1
19766	-6.6	1010010110100101	4	1
19767	-6.6	1010010110100101	4	1
19773	-6.6	1010010110100111	4	1
19775	-6.9	1010010110100101	4	1
19781	-6.9	1010010110011001	4	1
19789	-6.6	1100010110100011	4	1
19804	-6.9	1100010110100101	4	1
19810	-6.9	1100010110011001	4	1
19827	-6.9	0011101001100101	4	2
19830	-6.9	1100001110100101	4	1
19836	-6.9	1100001110011001	4	1
19838	-8.6	1100001111111111	4	1
19858	-6.9	1100011001011001	4	1
19860	-6.9	1100011001100101	4	1
19870	-6.9	1100011001100111	4	1
19879	-6.6	1100010110100101	4	1
19880	-6.6	1100010110100101	4	1
19886	-6.6	1100010110100111	4	1
19888	-6.9	1100010110100101	4	1
19894	-6.9	1100010110011001	4	1
19913	-6.9	0101101001100101	4	2
19916	-6.9	1010001110100101	4	1
19922	-6.9	1010001110011001	4	1
19924	-8.6	1010001111111111	4	1
19935	-6.9	0110011001100101	4	1
19960	-6.9	1001100110100101	4	1
19963	-6.9	1001100110011001	4	2
19972	-6.9	1001101001100101	4	1
19973	-6.9	1001101001100101	4	1
19976	-6.9	1001100110100101	4	1
19982	-6.9	1001100110011001	4	2
19984	-8.6	1001100111111111	4	2
19988	-6.6	1010010110100101	4	1
19992	-6.9	1010010110100101	4	1
20006	-6.9	1010011001100101	4	1
20007	-6.9	1010011001100101	4	1
20029	-6.9	1010010110100101	4	1
20032	-6.9	1010010110100101	4	1
20037	-6.9	1010010110011001	4	1
20048	-6.9	1010010110100101	4	1
20054	-6.9	1010010110011001	4	1
20060	-7.2	0101101001011010	4	2
20077	-6.9	1110010110100101	4	1
20080	-6.9	1011100110100101	4	1
20084	-6.9	1011100110011001	4	2
20105	-7.2	1010010110100101	4	1
20112	-8.9	1010010111111111	4	1
20118	-6.9	1010011001100111	4	1
20124	-6.9	1010011001100110	4	1
20126	-6.9	1010011001100111	4	1
20131	-6.9	1110010110100101	4	1
20137	-6.9	1110010110011001	4	1
20150	-7.2	1010010110100101	4	1
20158	-8.9	1010010111111111	4	1
20184	-7.2	0110011001100110	4	2
20200	-7.2	1001100110011001	4	2
20202	-8.9	1001100111111111	4	2
