11	-4.3	01011101	0	0
101	-4.3	01011101	0	0
114	-4.3	01011101	0	0
178	-4.3	01011101	0	0
296	-4.9	0000000000000000	4	2
297	-4.9	0000000000000000	4	2
494	-4.9	0000000000000000	4	2
495	-4.9	0000000000000000	4	2
689	-4.9	0000000000000000	4	2
882	-5.2	0000000000111001	4	2
946	-6.9	0000000000000000	4	2
947	-6.9	0000000000000000	4	2
1138	-6.9	0000000000000000	4	2
1151	-8.6	0000000000000001	4	2
1168	-8.6	0000000000000011	4	2
1181	-8.6	0000000000000101	4	2
1230	-8.6	0000000000100001	4	2
1231	-8.6	0000000001000001	4	2
1232	-8.6	0000000001100001	4	2
1266	-8.6	0000000000100101	4	2
1276	-8.6	0000000001000101	4	2
1277	-8.6	0000000001000011	4	2
1300	-8.6	0000000001100101	4	2
1335	-6.9	0000000000000000	4	2
1336	-6.9	0000000000000000	4	2
1529	-6.9	0000000000000000	4	2
1708	-8.3	0000000011100000	3	2
1715	-8.3	0000000011100110	3	2
1717	-8.9	0000000000000000	4	2
1881	-8.3	0000000001100110	3	2
1898	-5.2	1000000000111001	4	1
1899	-5.2	1000000001011001	4	1
1904	-6.9	1000000000000001	4	1
2048	-6.9	1000000000000001	4	1
2192	-6.9	1000000000000001	4	1
2196	-8.6	1000000000000001	4	1
2199	-8.6	1000000000000001	4	1
2215	-8.6	1000000000000011	4	1
2216	-8.6	1000000000000011	4	1
2229	-8.6	1000000000000101	4	1
2264	-8.6	1000000000100001	4	1
2265	-8.6	1000000001000001	4	1
2266	-8.6	1000000001100001	4	1
2278	-8.6	1000000000100001	4	1
2279	-8.6	1000000001000001	4	1
2280	-8.6	1000000001100001	4	1
2302	-8.6	1000000000100011	4	1
2313	-8.6	1000000000100101	4	1
2314	-8.6	1000000000100101	4	1
2324	-8.6	1000000001000101	4	1
2325	-8.6	1000000001000011	4	1
2327	-8.6	1000000001000101	4	1
2328	-8.6	1000000001000011	4	1
2335	-8.6	1000000001100011	4	1
2347	-8.6	1000000001100101	4	1
2348	-8.6	1000000001100101	4	1
2360	-4.9	0000010000100000	4	1
2367	-4.9	0000010000100000	4	1
2549	-4.9	0000001001000000	4	1
2556	-4.9	0000001001000000	4	1
2612	-5.2	0000000110000001	4	2
2613	-5.2	0000000110000011	4	2
2652	-5.2	0000000110000101	4	2
2653	-5.2	0000000110000011	4	2
2757	-5.2	1000000000011001	4	1
2801	-6.9	1000000000111001	4	1
2864	-4.3	01011101	0	0
3067	-6.9	0000000110000000	4	2
3178	-6.9	0000000110000000	4	2
3298	-8.6	1000000000000011	4	1
3307	-8.6	1000000000000101	4	1
3314	-8.6	1000000000000111	4	1
3320	-8.6	1000000000100001	4	1
3321	-8.6	1000000001000001	4	1
3322	-8.6	1000000001100001	4	1
3368	-8.6	1000000000100011	4	1
3376	-8.6	1000000000100101	4	1
3387	-8.6	1000000001000101	4	1
3388	-8.6	1000000001000011	4	1
3393	-8.6	1000000001100011	4	1
3402	-8.6	1000000001011001	4	1
3404	-8.6	1000000001100101	4	1
3414	-8.6	1000000001100111	4	1
3415	-8.6	1000000001111001	4	1
3417	-4.9	0000010000100000	4	1
3421	-4.9	0000010000100000	4	1
3600	-4.9	0000001001000000	4	1
3604	-4.9	0000001001000000	4	1
3676	-5.2	0000000110000001	4	2
3698	-5.2	0000000110000101	4	2
3699	-5.2	0000000110000011	4	2
3786	-5.2	1000000001000000	4	2
3799	-5.2	1000000000011001	4	1
3845	-6.9	1000000001011001	4	1
3850	-6.9	0000000110000000	4	2
3959	-8.6	1000000000000010	4	1
3961	-6.9	1000000001000000	4	2
3963	-8.6	1000000001000000	4	2
3964	-8.6	1000000000000011	4	1
3966	-8.6	1000000000100000	4	1
3967	-8.6	1000000001100000	4	1
3969	-8.6	1000000000000100	4	1
3973	-8.6	1000000000000101	4	1
3978	-8.6	1000000000000110	4	1
3980	-8.6	1000000000000111	4	1
3982	-8.6	1000000000011000	4	2
3986	-8.6	1000000000100001	4	1
3987	-8.6	1000000001000001	4	1
3988	-8.6	1000000001100001	4	1
3990	-8.6	1000000000011010	4	1
3994	-8.6	1000000001011000	4	2
4005	-8.6	1000000000011100	4	1
4008	-8.6	1000000000111000	4	2
4030	-8.6	1000000000100010	4	1
4033	-8.6	1000000001000100	4	1
4034	-8.6	1000000000100011	4	1
4037	-8.6	1000000001000010	4	1
4038	-8.6	1000000001100010	4	1
4039	-8.6	1000000000100100	4	1
4042	-8.6	1000000000100101	4	1
4049	-8.6	1000000000100110	4	1
4052	-8.6	1000000001100100	4	1
4053	-8.6	1000000001000101	4	1
4054	-8.6	1000000001000011	4	1
4056	-8.6	1000000001000110	4	1
4059	-8.6	1000000001100011	4	1
4060	-8.6	1000000000111010	4	1
4063	-8.6	1000000001011100	4	1
4066	-8.6	1000000001011010	4	1
4067	-8.6	1000000001100110	4	1
4068	-8.6	1000000001011001	4	1
4070	-8.6	1000000001100101	4	1
4080	-8.6	1000000001100111	4	1
4081	-8.6	1000000001111001	4	1
4083	-4.9	0000010000100000	4	1
4243	-4.9	0000001001000000	4	1
4313	-5.2	0000000110000001	4	2
4327	-5.2	0000000110000101	4	2
4328	-5.2	0000000110000011	4	2
4402	-6.6	0000000110000000	3	2
4436	-8.3	0000000111100000	3	2
4556	-8.3	0000000111100110	3	2
4598	-4.3	01011101	0	0
4807	-8.3	0000000101100110	3	2
4836	-4.9	0100000000000010	4	1
4837	-4.9	0100000000000010	4	1
5014	-4.9	0100000000000010	4	1
5015	-4.9	0100000000000010	4	1
5189	-4.9	0100000000000010	4	1
5351	-5.2	0100000000111001	4	1
5403	-6.9	0100000000000010	4	1
5412	-8.6	0100000000000011	4	1
5425	-8.6	0100000000000101	4	1
5474	-8.6	0100000000100001	4	1
5475	-8.6	0100000001000001	4	1
5476	-8.6	0100000001100001	4	1
5510	-8.6	0100000000100101	4	1
5520	-8.6	0100000001000101	4	1
5521	-8.6	0100000001000011	4	1
5544	-8.6	0100000001100101	4	1
5616	-6.9	0100000000000010	4	1
5789	-5.2	0000001000000011	4	2
5791	-6.9	0000001000000011	4	2
5808	-5.2	0000001000000101	4	2
5809	-6.9	0000001000000101	4	2
5812	-4.3	01011101	0	0
5825	-4.3	01011101	0	0
5827	-5.2	0000001000011001	4	2
5860	-5.2	0000001000100001	4	2
5861	-5.2	0000001001000001	4	1
5870	-6.9	0000001000100001	4	2
5871	-6.9	0000001001000001	4	2
5872	-6.9	0000001001100001	4	2
5877	-5.2	0000001010000101	4	1
5878	-5.2	0000001010000011	4	1
5894	-6.9	0000001010000111	4	2
5912	-5.2	0000001000100011	4	2
5928	-5.2	0000001000100101	4	2
5931	-6.9	0000001000100101	4	2
5938	-5.2	0000001001000101	4	1
5939	-5.2	0000001001000011	4	1
5950	-6.9	0000001001000101	4	2
5951	-6.9	0000001001000011	4	2
5959	-5.2	0000001000111001	4	2
5985	-6.9	0000001001100101	4	2
6000	-6.9	0000001001000000	4	2
6150	-6.9	0000001001000000	4	2
6155	-8.6	0000001000000011	4	2
6168	-8.6	0000001000000101	4	2
6217	-8.6	0000001000100001	4	2
6218	-8.6	0000001001000001	4	2
6219	-8.6	0000001001100001	4	2
6253	-8.6	0000001000100101	4	2
6263	-8.6	0000001001000101	4	2
6264	-8.6	0000001001000011	4	2
6287	-8.6	0000001001100101	4	2
6299	-4.9	0010000000000100	4	2
6310	-4.9	0010000000000100	4	2
6523	-5.2	1100000001011001	4	1
6564	-6.9	1100000000000011	4	1
6697	-6.9	1100000000000011	4	1
6698	-8.6	1100000000000011	4	1
6699	-8.6	1100000000000011	4	1
6712	-8.6	1100000000000101	4	1
6747	-8.6	1100000000100001	4	1
6748	-8.6	1100000001000001	4	1
6749	-8.6	1100000001100001	4	1
6761	-8.6	1100000000100001	4	1
6762	-8.6	1100000001000001	4	1
6763	-8.6	1100000001100001	4	1
6785	-8.6	1100000000100011	4	1
6796	-8.6	1100000000100101	4	1
6797	-8.6	1100000000100101	4	1
6807	-8.6	1100000001000101	4	1
6808	-8.6	1100000001000011	4	1
6810	-8.6	1100000001000101	4	1
6811	-8.6	1100000001000011	4	1
6818	-8.6	1100000001100011	4	1
6830	-8.6	1100000001100101	4	1
6831	-8.6	1100000001100101	4	1
6894	-5.2	1100000000011001	4	1
6924	-8.6	1100000000000101	4	1
6931	-8.6	1100000000000111	4	1
6937	-8.6	1100000000100001	4	1
6938	-8.6	1100000001000001	4	1
6939	-8.6	1100000001100001	4	1
6985	-8.6	1100000000100011	4	1
6993	-8.6	1100000000100101	4	1
7004	-8.6	1100000001000101	4	1
7005	-8.6	1100000001000011	4	1
7010	-8.6	1100000001100011	4	1
7019	-8.6	1100000001011001	4	1
7021	-8.6	1100000001100101	4	1
7031	-8.6	1100000001100111	4	1
7032	-8.6	1100000001111001	4	1
7036	-5.2	1100000000011001	4	1
7037	-6.9	1100000001011001	4	1
7135	-8.6	1100000000100000	4	1
7136	-8.6	1100000001100000	4	1
7138	-8.6	1100000000000100	4	2
7142	-8.6	1100000000000101	4	1
7147	-8.6	1100000000000110	4	1
7149	-8.6	1100000000000111	4	1
7151	-8.6	1100000000011000	4	2
7155	-8.6	1100000000100001	4	1
7156	-8.6	1100000001000001	4	1
7157	-8.6	1100000001100001	4	1
7159	-8.6	1100000000011010	4	1
7163	-8.6	1100000001011000	4	2
7174	-8.6	1100000000011100	4	2
7177	-8.6	1100000000111000	4	2
7199	-8.6	1100000000100010	4	1
7202	-8.6	1100000001000100	4	2
7203	-8.6	1100000000100011	4	1
7206	-8.6	1100000001000010	4	1
7207	-8.6	1100000001100010	4	1
7208	-8.6	1100000000100100	4	2
7211	-8.6	1100000000100101	4	1
7218	-8.6	1100000000100110	4	1
7221	-8.6	1100000001100100	4	2
7222	-8.6	1100000001000101	4	1
7223	-8.6	1100000001000011	4	1
7225	-8.6	1100000001000110	4	1
7228	-8.6	1100000001100011	4	1
7229	-8.6	1100000000111010	4	1
7232	-8.6	1100000001011100	4	2
7235	-8.6	1100000001011010	4	1
7236	-8.6	1100000001100110	4	1
7237	-8.6	1100000001011001	4	1
7239	-8.6	1100000001100101	4	1
7249	-8.6	1100000001100111	4	1
7250	-8.6	1100000001111001	4	1
7252	-6.9	0000010000100000	4	1
7264	-8.6	0000010000000101	4	1
7313	-8.6	0000010000100001	4	1
7314	-8.6	0000010001000001	4	1
7315	-8.6	0000010001100001	4	1
7349	-8.6	0000010000100101	4	1
7359	-8.6	0000010001000101	4	1
7360	-8.6	0000010001000011	4	1
7383	-8.6	0000010001100101	4	1
7395	-6.9	0000011001100000	4	1
7406	-8.6	0000011000000101	4	1
7455	-8.6	0000011000100001	4	1
7456	-8.6	0000011001000001	4	1
7457	-8.6	0000011001100001	4	1
7491	-8.6	0000011000100101	4	1
7501	-8.6	0000011001000101	4	1
7502	-8.6	0000011001000011	4	1
7525	-8.6	0000011001100101	4	1
7612	-6.9	0000001110000001	4	1
7629	-6.9	0000001110000101	4	1
7630	-6.9	0000001110000011	4	1
7639	-8.3	0000001110000001	2	1
7646	-8.6	0000001110000111	4	2
7732	-8.3	0000001110011001	2	1
7744	-8.3	0000001101100110	3	2
7747	-4.9	0010000000000100	4	2
7748	-4.9	0010000000000100	4	2
7909	-4.9	0010000000000100	4	2
8054	-5.2	0010000000111001	4	2
8102	-6.9	0010000000000100	4	2
8109	-8.6	0010000000000101	4	2
8158	-8.6	0010000000100001	4	1
8159	-8.6	0010000001000001	4	1
8160	-8.6	0010000001100001	4	1
8194	-8.6	0010000000100101	4	2
8204	-8.6	0010000001000101	4	2
8205	-8.6	0010000001000011	4	2
8228	-8.6	0010000001100101	4	2
8252	-6.9	0010000000000100	4	2
8399	-4.3	01011101	0	0
8587	-6.9	0000010000100000	4	2
8772	-5.2	1010000000111001	4	1
8782	-6.9	1010000000000101	4	1
8901	-6.9	1010000000000101	4	1
8903	-8.6	1010000000000101	4	1
8938	-8.6	1010000000100001	4	1
8939	-8.6	1010000001000001	4	1
8940	-8.6	1010000001100001	4	1
8952	-8.6	1010000000100001	4	1
8953	-8.6	1010000001000001	4	1
8954	-8.6	1010000001100001	4	1
8976	-8.6	1010000000100011	4	1
8987	-8.6	1010000000100101	4	1
8988	-8.6	1010000000100101	4	1
8998	-8.6	1010000001000101	4	1
8999	-8.6	1010000001000011	4	1
9001	-8.6	1010000001000101	4	1
9002	-8.6	1010000001000011	4	1
9009	-8.6	1010000001100011	4	1
9021	-8.6	1010000001100101	4	1
9022	-8.6	1010000001100101	4	1
9035	-5.2	1010000000011001	4	1
9036	-6.9	1010000000111001	4	1
9250	-5.2	1010000000011001	4	1
9275	-8.6	1010000000000110	4	1
9277	-8.6	1010000000000111	4	1
9279	-8.6	1010000000011000	4	2
9283	-8.6	1010000000100001	4	1
9284	-8.6	1010000001000001	4	1
9285	-8.6	1010000001100001	4	1
9287	-8.6	1010000000011010	4	2
9291	-8.6	1010000001011000	4	2
9302	-8.6	1010000000011100	4	2
9305	-8.6	1010000000111000	4	2
9327	-8.6	1010000000100010	4	1
9330	-8.6	1010000001000100	4	2
9331	-8.6	1010000000100011	4	1
9334	-8.6	1010000001000010	4	1
9335	-8.6	1010000001100010	4	1
9336	-8.6	1010000000100100	4	2
9339	-8.6	1010000000100101	4	1
9346	-8.6	1010000000100110	4	1
9349	-8.6	1010000001100100	4	2
9350	-8.6	1010000001000101	4	1
9351	-8.6	1010000001000011	4	1
9353	-8.6	1010000001000110	4	1
9356	-8.6	1010000001100011	4	1
9357	-8.6	1010000000111010	4	2
9360	-8.6	1010000001011100	4	2
9363	-8.6	1010000001011010	4	2
9364	-8.6	1010000001100110	4	1
9365	-8.6	1010000001011001	4	1
9367	-8.6	1010000001100101	4	1
9377	-8.6	1010000001100111	4	1
9378	-8.6	1010000001111001	4	1
9380	-6.9	0000011001100000	4	1
9516	-8.3	0000010101100110	3	2
9707	-4.9	0110000000000110	4	2
9835	-6.9	0110000000000110	4	2
9880	-8.6	0110000000100001	4	1
9881	-8.6	0110000001000001	4	1
9882	-8.6	0110000001100001	4	1
9916	-8.6	0110000000100101	4	1
9926	-8.6	0110000001000101	4	1
9927	-8.6	0110000001000011	4	1
9950	-8.6	0110000001100101	4	1
9962	-6.9	0110000000000110	4	2
10088	-6.9	1110000000000111	4	1
10118	-8.6	1110000000100001	4	1
10119	-8.6	1110000001000001	4	1
10120	-8.6	1110000001100001	4	1
10132	-8.6	1110000000100001	4	1
10133	-8.6	1110000001000001	4	1
10134	-8.6	1110000001100001	4	1
10156	-8.6	1110000000100011	4	1
10167	-8.6	1110000000100101	4	1
10168	-8.6	1110000000100101	4	1
10178	-8.6	1110000001000101	4	1
10179	-8.6	1110000001000011	4	1
10181	-8.6	1110000001000101	4	1
10182	-8.6	1110000001000011	4	1
10189	-8.6	1110000001100011	4	1
10201	-8.6	1110000001100101	4	1
10202	-8.6	1110000001100101	4	1
10253	-8.3	0000011100011000	3	2
10310	-8.3	0000011110000100	3	1
10311	-8.3	0000011110000010	3	1
10312	-8.3	0000011110000110	3	1
10349	-8.3	0000011100100100	3	2
10365	-8.3	0000011101000010	3	2
10402	-8.3	0000011101100110	3	2
10414	-4.9	0001100000011000	4	2
10415	-4.9	0001100000011000	4	2
10434	-5.2	1000000110000001	4	1
10435	-5.2	1000000110000011	4	1
10440	-5.2	1000000110000001	4	1
10445	-5.2	1000000110000001	4	1
10474	-5.2	1000000110000101	4	1
10475	-5.2	1000000110000011	4	1
10479	-5.2	1000000110000101	4	1
10480	-5.2	1000000110000011	4	1
10548	-6.9	1000000110100101	4	1
10559	-4.9	0001100000011000	4	2
10560	-4.9	0001100000011000	4	2
10573	-5.2	1000000110000001	4	1
10578	-5.2	1000000110000001	4	1
10595	-5.2	1000000110000001	4	1
10600	-5.2	1000000110000101	4	1
10617	-5.2	1000000110000101	4	1
10618	-5.2	1000000110000011	4	1
10622	-5.2	1000000110000101	4	1
10623	-5.2	1000000110000011	4	1
10701	-4.9	0001100000011000	4	2
10720	-5.2	1000000110000001	4	1
10722	-5.2	1000000110000001	4	1
10733	-5.2	1000000110000001	4	1
10747	-5.2	1000000110000101	4	1
10748	-5.2	1000000110000011	4	1
10752	-5.2	1000000110000101	4	1
10753	-5.2	1000000110000011	4	1
10868	-6.9	0001100000011000	4	2
10869	-6.9	0001100000011000	4	2
11007	-6.9	0001100000011000	4	2
11044	-8.6	0001100000100001	4	2
11045	-8.6	0001100001000001	4	2
11046	-8.6	0001100001100001	4	2
11080	-8.6	0001100000100101	4	2
11090	-8.6	0001100001000101	4	2
11091	-8.6	0001100001000011	4	2
11114	-8.6	0001100001100101	4	2
11134	-6.9	0001100000011000	4	2
11135	-6.9	0001100000011000	4	2
11275	-6.9	0001100000011000	4	2
11398	-8.3	0001100011100110	3	2
11400	-8.9	0001100000011000	4	2
11509	-8.3	0001100001100110	3	2
11538	-5.2	1001100000100001	4	1
11539	-5.2	1001100001000001	4	1
11540	-5.2	1001100010000001	4	1
11557	-5.2	1001100000100001	4	1
11558	-5.2	1001100001000001	4	1
11571	-5.2	1001100010000101	4	1
11572	-5.2	1001100010000011	4	1
11576	-5.2	1001100010000101	4	1
11577	-5.2	1001100010000011	4	1
11592	-5.2	1001100000100011	4	1
11594	-5.2	1001100000100011	4	1
11606	-5.2	1001100000100101	4	1
11609	-5.2	1001100000100101	4	1
11615	-5.2	1001100001000101	4	1
11616	-5.2	1001100001000011	4	1
11618	-5.2	1001100001000101	4	1
11619	-5.2	1001100001000011	4	1
11657	-6.9	1000010000100001	4	1
11759	-6.9	1000001001000001	4	1
11899	-6.9	1000000110000001	4	1
11907	-6.9	1000000110000001	4	1
11967	-6.9	1000000110100101	4	1
11971	-8.6	1000000110100101	4	1
11979	-6.9	1000010000100001	4	1
11995	-8.6	1000010000100001	4	1
11996	-8.6	1000010001000001	4	1
11997	-8.6	1000010001100001	4	1
12009	-8.6	1000010000100001	4	1
12010	-8.6	1000010001000001	4	1
12011	-8.6	1000010001100001	4	1
12033	-8.6	1000010000100011	4	1
12044	-8.6	1000010000100101	4	1
12045	-8.6	1000010000100101	4	1
12055	-8.6	1000010001000101	4	1
12056	-8.6	1000010001000011	4	1
12058	-8.6	1000010001000101	4	1
12059	-8.6	1000010001000011	4	1
12066	-8.6	1000010001100011	4	1
12078	-8.6	1000010001100101	4	1
12079	-8.6	1000010001100101	4	1
12091	-6.9	1000001001000001	4	1
12106	-8.6	1000001000100001	4	1
12107	-8.6	1000001001000001	4	1
12108	-8.6	1000001001100001	4	1
12120	-8.6	1000001000100001	4	1
12121	-8.6	1000001001000001	4	1
12122	-8.6	1000001001100001	4	1
12144	-8.6	1000001000100011	4	1
12155	-8.6	1000001000100101	4	1
12156	-8.6	1000001000100101	4	1
12166	-8.6	1000001001000101	4	1
12167	-8.6	1000001001000011	4	1
12169	-8.6	1000001001000101	4	1
12170	-8.6	1000001001000011	4	1
12177	-8.6	1000001001100011	4	1
12189	-8.6	1000001001100101	4	1
12190	-8.6	1000001001100101	4	1
12202	-6.9	1000011001100001	4	1
12216	-8.6	1000011000100001	4	1
12217	-8.6	1000011001000001	4	1
12218	-8.6	1000011001100001	4	1
12230	-8.6	1000011000100001	4	1
12231	-8.6	1000011001000001	4	1
12232	-8.6	1000011001100001	4	1
12254	-8.6	1000011000100011	4	1
12265	-8.6	1000011000100101	4	1
12266	-8.6	1000011000100101	4	1
12276	-8.6	1000011001000101	4	1
12277	-8.6	1000011001000011	4	1
12279	-8.6	1000011001000101	4	1
12280	-8.6	1000011001000011	4	1
12287	-8.6	1000011001100011	4	1
12299	-8.6	1000011001100101	4	1
12300	-8.6	1000011001100101	4	1
12316	-8.3	0001100101100110	3	2
12319	-4.9	0101100000011010	4	2
12321	-4.9	0101100000011010	4	2
12325	-5.2	1010000110000001	4	1
12326	-5.2	1010000110000011	4	1
12331	-5.2	1010000110000001	4	1
12336	-5.2	1010000110000001	4	1
12365	-5.2	1010000110000101	4	1
12366	-5.2	1010000110000011	4	1
12370	-5.2	1010000110000101	4	1
12371	-5.2	1010000110000011	4	1
12439	-6.9	1010000110100101	4	1
12456	-5.2	1100000110000001	4	1
12464	-5.2	1010000110000001	4	1
12481	-4.9	0101100000011010	4	2
12487	-5.2	1010000110000001	4	1
12489	-5.2	1010000110000001	4	1
12500	-5.2	1010000110000001	4	1
12514	-5.2	1010000110000101	4	1
12515	-5.2	1010000110000011	4	1
12519	-5.2	1010000110000101	4	1
12520	-5.2	1010000110000011	4	1
12589	-4.9	0100010000100010	4	1
12629	-4.9	0100010000100010	4	1
12717	-4.9	0010010000100100	4	2
12757	-4.9	0010010000100100	4	2
12890	-5.2	1000000110000100	4	1
12891	-5.2	1000000110000010	4	1
12892	-5.2	1000000110000110	4	1
12893	-6.9	1000000110000001	4	1
12897	-5.2	1000000110000011	4	1
12901	-6.9	1000000110000001	4	1
12914	-6.9	1000000110011001	4	1
12916	-6.9	1000000110100101	4	1
12922	-6.9	1000010110000001	4	1
12933	-5.2	1100000110000100	4	2
12934	-5.2	1100000110000010	4	1
12935	-5.2	1100000110000110	4	1
12936	-6.9	1100000110000001	4	1
12942	-6.9	1100000110011001	4	1
12944	-6.9	1100000110100101	4	1
12946	-6.9	0101100000011010	4	2
12969	-8.6	0101100000100001	4	1
12970	-8.6	0101100001000001	4	1
12971	-8.6	0101100001100001	4	1
13005	-8.6	0101100000100101	4	2
13015	-8.6	0101100001000101	4	2
13016	-8.6	0101100001000011	4	1
13039	-8.6	0101100001100101	4	2
13051	-4.9	0100001001000010	4	1
13088	-5.2	0010000110000101	4	2
13089	-5.2	0010000110000011	4	2
13090	-4.9	0100001001000010	4	1
13173	-4.9	0010001001000100	4	2
13209	-5.2	0100000110000101	4	1
13210	-5.2	0100000110000011	4	1
13212	-4.9	0010001001000100	4	2
13336	-5.5	1000000110000001	4	1
13341	-5.5	1000000110000001	4	1
13347	-6.9	1000000110000101	4	1
13353	-5.2	1000000110000011	4	1
13356	-6.9	1000000111000001	4	1
13358	-6.9	1000000110100001	4	1
13359	-6.9	1000000111000001	4	1
13370	-6.9	1000000110000101	4	1
13371	-6.9	1000000110000011	4	1
13380	-7.2	1000000110000001	4	1
13422	-6.9	1000000110100011	4	1
13424	-6.9	1000000111000101	4	1
13426	-6.9	1000000110100101	4	1
13431	-6.9	1000000110100011	4	1
13437	-6.9	1000000110100101	4	1
13447	-7.2	1000000110100101	4	1
13452	-7.2	1000000110011001	4	1
13453	-7.2	1000000111100111	4	1
13454	-8.9	1000000111111111	4	1
13470	-6.9	0101100000011010	4	2
13602	-6.9	1000010000111001	4	1
13643	-6.9	1000001000111001	4	1
13692	-5.5	1000000110000001	4	1
13699	-5.2	1000000110000011	4	1
13700	-5.2	1000000110000011	4	1
13703	-6.9	1000000110000001	4	1
13708	-6.9	1000000110100001	4	1
13709	-6.9	1000000111000001	4	1
13717	-6.9	1000000110000101	4	1
13718	-6.9	1000000110000011	4	1
13727	-7.2	1000000110000001	4	1
13763	-6.9	1000000111000101	4	1
13764	-6.9	1000000110100101	4	1
13768	-6.9	1000000110100011	4	1
13783	-7.2	1000000110100101	4	1
13789	-7.2	1000000110011001	4	1
13790	-7.2	1000000111100111	4	1
13791	-8.9	1000000111111111	4	1
13792	-6.9	0001101001011000	4	2
13802	-6.9	1000010110000001	4	1
13816	-6.9	1000010110000101	4	1
13817	-6.9	1000010110000011	4	1
13826	-7.2	1000010110000001	4	1
13882	-7.2	1000010110100101	4	1
13891	-6.9	0001101001011000	4	2
13900	-6.9	1000001110000001	4	1
13907	-8.6	0001101000100001	4	2
13908	-8.6	0001101001000001	4	2
13909	-8.6	0001101001100001	4	2
13914	-6.9	1000001110000101	4	1
13915	-6.9	1000001110000011	4	1
13924	-7.2	1000001110000001	4	1
13943	-8.6	0001101000100101	4	2
13953	-8.6	0001101001000101	4	2
13954	-8.6	0001101001000011	4	2
13977	-8.6	0001101001100101	4	2
13986	-7.2	1000001110011001	4	1
14276	-6.9	1010000110000101	4	1
14329	-6.9	1010000110100101	4	1
14333	-8.6	1010000110100101	4	1
14341	-6.9	0010000110000100	4	2
14405	-6.9	0100000110000010	4	1
14468	-6.9	0110000110000110	4	2
14530	-6.9	0010000110000100	4	2
14591	-6.9	0110000110000110	4	2
14681	-8.6	1000010000100011	4	1
14689	-8.6	1000010000100101	4	1
14700	-8.6	1000010001000101	4	1
14701	-8.6	1000010001000011	4	1
14706	-8.6	1000010001100011	4	1
14715	-8.6	1000010001011001	4	1
14717	-8.6	1000010001100101	4	1
14727	-8.6	1000010001100111	4	1
14728	-8.6	1000010001111001	4	1
14760	-8.6	1000001000100011	4	1
14768	-8.6	1000001000100101	4	1
14779	-8.6	1000001001000101	4	1
14780	-8.6	1000001001000011	4	1
14785	-8.6	1000001001100011	4	1
14794	-8.6	1000001001011001	4	1
14796	-8.6	1000001001100101	4	1
14806	-8.6	1000001001100111	4	1
14807	-8.6	1000001001111001	4	1
14839	-8.6	1000011000100011	4	1
14847	-8.6	1000011000100101	4	1
14858	-8.6	1000011001000101	4	1
14859	-8.6	1000011001000011	4	1
14864	-8.6	1000011001100011	4	1
14873	-8.6	1000011001011001	4	1
14875	-8.6	1000011001100101	4	1
14885	-8.6	1000011001100111	4	1
14886	-8.6	1000011001111001	4	1
14888	-4.9	0011100000011100	4	2
14889	-4.9	0011100000011100	4	2
14893	-5.2	1100000110000001	4	1
14898	-5.2	1100000110000101	4	1
14915	-5.2	1100000110000101	4	1
14916	-5.2	1100000110000011	4	1
14920	-5.2	1100000110000101	4	1
14921	-5.2	1100000110000011	4	1
14999	-4.9	0011100000011100	4	2
15002	-5.2	1100000110000001	4	1
15016	-5.2	1100000110000101	4	1
15017	-5.2	1100000110000011	4	1
15021	-5.2	1100000110000101	4	1
15022	-5.2	1100000110000011	4	1
15091	-4.9	0100010000100010	4	1
15113	-4.9	0100010000100010	4	1
15200	-4.9	0010010000100100	4	2
15222	-4.9	0010010000100100	4	2
15341	-5.5	1000000110000001	4	1
15343	-5.2	1000000110000100	4	1
15344	-5.2	1000000110000010	4	1
15345	-5.2	1000000110000110	4	1
15346	-6.9	1000000110000101	4	1
15353	-6.9	1000000110000011	4	1
15357	-6.9	1000000110000100	4	1
15358	-6.9	1000000110000110	4	1
15365	-5.2	1000000110000100	4	1
15366	-5.2	1000000110000010	4	1
15367	-5.2	1000000110000110	4	1
15368	-6.9	1000000110000101	4	1
15369	-6.9	1000000110000011	4	1
15373	-7.2	1000000110000001	4	1
15385	-6.9	1000000110100010	4	1
15401	-6.9	1000000110100100	4	1
15419	-6.9	1000000110100101	4	1
15423	-6.9	1000000110100011	4	1
15424	-6.9	1000000111000011	4	1
15425	-6.9	1000000110100110	4	1
15428	-6.9	1000000111000101	4	1
15430	-6.9	1000000110011001	4	1
15433	-6.9	1000000110100101	4	1
15437	-6.9	1000000110100111	4	1
15439	-7.2	1000000110100101	4	1
15444	-7.2	1000000110011001	4	1
15445	-7.2	1000000111100111	4	1
15446	-8.9	1000000111111111	4	1
15453	-6.9	0011100000011100	4	2
15459	-8.6	0011100000100001	4	1
15460	-8.6	0011100001000001	4	1
15461	-8.6	0011100001100001	4	1
15495	-8.6	0011100000100101	4	2
15505	-8.6	0011100001000101	4	2
15506	-8.6	0011100001000011	4	2
15529	-8.6	0011100001100101	4	2
15541	-4.9	0100001001000010	4	1
15561	-5.2	0010000110000101	4	2
15562	-5.2	0010000110000011	4	2
15563	-4.9	0100001001000010	4	1
15645	-4.9	0010001001000100	4	2
15664	-5.2	0100000110000101	4	1
15665	-5.2	0100000110000011	4	1
15667	-4.9	0010001001000100	4	2
15791	-6.9	0011100000011100	4	2
15900	-6.9	1000010001011001	4	1
15929	-6.9	1000001001011001	4	1
15961	-6.9	0001110000111000	4	2
15975	-6.9	1000010110000101	4	1
15976	-6.9	1000010110000011	4	1
15980	-7.2	1000010110000001	4	1
16036	-7.2	1000010110100101	4	1
16045	-6.9	0001110000111000	4	2
16046	-8.6	0001110000100001	4	2
16047	-8.6	0001110001000001	4	2
16048	-8.6	0001110001100001	4	2
16058	-6.9	1000001110000101	4	1
16059	-6.9	1000001110000011	4	1
16063	-7.2	1000001110000001	4	1
16082	-8.6	0001110000100101	4	2
16092	-8.6	0001110001000101	4	2
16093	-8.6	0001110001000011	4	2
16116	-8.6	0001110001100101	4	2
16125	-7.2	1000001110011001	4	1
16128	-6.9	1100000110000011	4	1
16173	-6.9	0010000110000100	4	2
16217	-6.9	0100000110000010	4	1
16260	-6.9	0110000110000110	4	2
16302	-6.9	0010000110000100	4	2
16343	-6.9	0110000110000110	4	2
16398	-8.6	1000010000100010	4	1
16401	-8.6	1000010001000100	4	1
16402	-8.6	1000010000100011	4	1
16405	-8.6	1000010001000010	4	1
16406	-8.6	1000010001100010	4	1
16407	-8.6	1000010000100100	4	1
16410	-8.6	1000010000100101	4	1
16417	-8.6	1000010000100110	4	1
16420	-8.6	1000010001100100	4	1
16421	-8.6	1000010001000101	4	1
16422	-8.6	1000010001000011	4	1
16424	-8.6	1000010001000110	4	1
16427	-8.6	1000010001100011	4	1
16428	-8.6	1000010000111010	4	1
16431	-8.6	1000010001011100	4	1
16434	-8.6	1000010001011010	4	1
16435	-8.6	1000010001100110	4	1
16436	-8.6	1000010001011001	4	1
16438	-8.6	1000010001100101	4	1
16448	-8.6	1000010001100111	4	1
16449	-8.6	1000010001111001	4	1
16466	-8.6	1000001000100010	4	1
16469	-8.6	1000001001000100	4	1
16470	-8.6	1000001000100011	4	1
16473	-8.6	1000001001000010	4	1
16474	-8.6	1000001001100010	4	1
16475	-8.6	1000001000100100	4	1
16478	-8.6	1000001000100101	4	1
16485	-8.6	1000001000100110	4	1
16488	-8.6	1000001001100100	4	1
16489	-8.6	1000001001000101	4	1
16490	-8.6	1000001001000011	4	1
16492	-8.6	1000001001000110	4	1
16495	-8.6	1000001001100011	4	1
16496	-8.6	1000001000111010	4	1
16499	-8.6	1000001001011100	4	1
16502	-8.6	1000001001011010	4	1
16503	-8.6	1000001001100110	4	1
16504	-8.6	1000001001011001	4	1
16506	-8.6	1000001001100101	4	1
16516	-8.6	1000001001100111	4	1
16517	-8.6	1000001001111001	4	1
16534	-8.6	1000011000100010	4	1
16537	-8.6	1000011001000100	4	1
16538	-8.6	1000011000100011	4	1
16541	-8.6	1000011001000010	4	1
16542	-8.6	1000011001100010	4	1
16543	-8.6	1000011000100100	4	1
16546	-8.6	1000011000100101	4	1
16553	-8.6	1000011000100110	4	1
16556	-8.6	1000011001100100	4	1
16557	-8.6	1000011001000101	4	1
16558	-8.6	1000011001000011	4	1
16560	-8.6	1000011001000110	4	1
16563	-8.6	1000011001100011	4	1
16564	-8.6	1000011000111010	4	1
16567	-8.6	1000011001011100	4	1
16570	-8.6	1000011001011010	4	1
16571	-8.6	1000011001100110	4	1
16572	-8.6	1000011001011001	4	1
16574	-8.6	1000011001100101	4	1
16584	-8.6	1000011001100111	4	1
16585	-8.6	1000011001111001	4	1
16666	-4.9	0100010000100010	4	1
16744	-4.9	0010010000100100	4	2
16821	-4.9	0110010000100110	4	1
16897	-5.5	1010000110000101	4	1
16899	-5.2	1010000110000100	4	2
16900	-5.2	1010000110000010	4	1
16901	-5.2	1010000110000110	4	1
16902	-6.9	1010000110000101	4	1
16903	-6.9	1010000110000011	4	1
16907	-7.2	1010000110000001	4	1
16945	-6.9	1010000110100011	4	1
16946	-6.9	1010000111000011	4	1
16949	-6.9	1010000111000101	4	1
16951	-6.9	1010000110011001	4	1
16952	-6.9	1010000110011001	4	1
16954	-6.9	1010000110100101	4	1
16955	-6.9	1010000110100101	4	1
16957	-6.9	1010000110011101	4	1
16961	-6.9	1010000110100111	4	1
16963	-7.2	1010000110100101	4	1
16969	-7.2	1010000110011001	4	1
16970	-7.2	1010000111100111	4	1
16971	-8.9	1010000111111111	4	1
16972	-5.5	1100000110000011	4	1
16973	-5.2	1100000110000100	4	2
16974	-5.2	1100000110000010	4	1
16975	-5.2	1100000110000110	4	1
16976	-6.9	1100000110000101	4	1
16977	-6.9	1100000110000011	4	1
16981	-7.2	1100000110000001	4	1
17019	-6.9	1100000110100011	4	1
17020	-6.9	1100000111000011	4	1
17023	-6.9	1100000111000101	4	1
17025	-6.9	1100000110011001	4	1
17026	-6.9	1100000110011001	4	1
17028	-6.9	1100000110100101	4	1
17029	-6.9	1100000110100101	4	1
17031	-6.9	1100000110011101	4	1
17035	-6.9	1100000110100111	4	1
17037	-7.2	1100000110100101	4	1
17043	-7.2	1100000110011001	4	1
17044	-7.2	1100000111100111	4	1
17045	-8.9	1100000111111111	4	1
17046	-4.9	0100001001000010	4	1
17119	-4.9	0010001001000100	4	2
17191	-4.9	0110001001000110	4	1
17262	-5.5	1010000110000101	4	1
17267	-7.2	1010000110000001	4	1
17303	-6.9	1010000111000101	4	1
17304	-6.9	1010000110100101	4	1
17308	-6.9	1010000110100011	4	1
17323	-7.2	1010000110100101	4	1
17329	-7.2	1010000110011001	4	1
17330	-7.2	1010000111100111	4	1
17331	-8.9	1010000111111111	4	1
17332	-5.5	1100000110000011	4	1
17336	-7.2	1100000110000001	4	1
17372	-6.9	1100000111000101	4	1
17373	-6.9	1100000110100101	4	1
17377	-6.9	1100000110100011	4	1
17392	-7.2	1100000110100101	4	1
17398	-7.2	1100000110011001	4	1
17399	-7.2	1100000111100111	4	1
17400	-8.9	1100000111111111	4	1
17401	-6.6	0010000110000100	3	2
17465	-8.3	0010000111100110	3	2
17469	-6.6	0100000110000010	3	1
17532	-8.3	0100000111100110	3	1
17536	-6.6	0110000110000110	3	2
17598	-8.3	0110000111100110	3	2
17602	-7.5	1000000110000001	4	1
17638	-7.2	1000000111000101	4	1
17639	-7.2	1000000110100101	4	1
17640	-7.2	1000000110100011	4	1
17641	-7.2	1000000111000011	4	1
17643	-7.2	1000000110100011	4	1
17644	-7.2	1000000111000101	4	1
17646	-7.2	1000000110011001	4	1
17647	-7.2	1000000110011001	4	1
17649	-7.2	1000000110100101	4	1
17650	-7.2	1000000110100101	4	1
17651	-7.2	1000000111100101	4	1
17652	-7.2	1000000110011101	4	1
17656	-7.2	1000000110100111	4	1
17792	-10.6	1110000111111111	4	1
17805	-8.3	0010000101100110	3	2
17810	-8.3	0100000101100110	3	1
17815	-8.3	0110000101100110	3	2
17842	-6.9	0100010000100010	4	1
17859	-8.6	0100010000100101	4	1
17869	-8.6	0100010001000101	4	1
17870	-8.6	0100010001000011	4	1
17893	-8.6	0100010001100101	4	1
17921	-6.9	0100010000100010	4	1
17989	-6.9	0010001001000100	4	2
18050	-6.9	0010001001000100	4	2
18064	-8.6	0010001000100101	4	2
18074	-8.6	0010001001000101	4	2
18075	-8.6	0010001001000011	4	2
18098	-8.6	0010001001100101	4	2
18118	-6.9	1100010000100011	4	1
18119	-8.6	1100010000100011	4	1
18130	-8.6	1100010000100101	4	1
18131	-8.6	1100010000100101	4	1
18141	-8.6	1100010001000101	4	1
18142	-8.6	1100010001000011	4	1
18144	-8.6	1100010001000101	4	1
18145	-8.6	1100010001000011	4	1
18152	-8.6	1100010001100011	4	1
18164	-8.6	1100010001100101	4	1
18165	-8.6	1100010001100101	4	1
18235	-8.6	1100010000100101	4	1
18246	-8.6	1100010001000101	4	1
18247	-8.6	1100010001000011	4	1
18252	-8.6	1100010001100011	4	1
18261	-8.6	1100010001011001	4	1
18263	-8.6	1100010001100101	4	1
18273	-8.6	1100010001100111	4	1
18274	-8.6	1100010001111001	4	1
18276	-6.9	0100001001000010	4	1
18278	-6.9	0100001001000010	4	1
18337	-6.9	1100010001011001	4	1
18371	-6.9	0100001001000010	4	1
18381	-8.6	0100001000100101	4	1
18391	-8.6	0100001001000101	4	1
18392	-8.6	0100001001000011	4	1
18415	-8.6	0100001001100101	4	1
18427	-6.9	0100011001100010	4	1
18436	-8.6	0100011000100101	4	1
18446	-8.6	0100011001000101	4	1
18447	-8.6	0100011001000011	4	1
18470	-8.6	0100011001100101	4	1
18489	-8.3	0010001101100110	3	2
18510	-6.9	0010010000100100	4	2
18511	-6.9	0010010000100100	4	2
18566	-6.9	0010010000100100	4	2
18573	-8.6	0010010000100101	4	2
18583	-8.6	0010010001000101	4	2
18584	-8.6	0010010001000011	4	2
18607	-8.6	0010010001100101	4	2
18619	-6.9	0010010000100100	4	2
18620	-6.9	0010010000100100	4	2
18676	-6.9	0010010000100100	4	2
18731	-8.3	0010010011100110	3	2
18733	-8.9	0010010000100100	4	2
18776	-8.3	0010010001100110	3	2
18788	-6.9	1010010000100101	4	1
18790	-8.6	1010010000100101	4	1
18791	-8.6	1010010000100101	4	1
18801	-8.6	1010010001000101	4	1
18802	-8.6	1010010001000011	4	1
18804	-8.6	1010010001000101	4	1
18805	-8.6	1010010001000011	4	1
18812	-8.6	1010010001100011	4	1
18824	-8.6	1010010001100101	4	1
18825	-8.6	1010010001100101	4	1
18837	-6.9	0100001001000010	4	1
18843	-6.9	0100001001000010	4	1
18889	-6.9	1010010000111001	4	1
18954	-8.6	1010010001000101	4	1
18955	-8.6	1010010001000011	4	1
18960	-8.6	1010010001100011	4	1
18969	-8.6	1010010001011001	4	1
18971	-8.6	1010010001100101	4	1
18981	-8.6	1010010001100111	4	1
18982	-8.6	1010010001111001	4	1
19038	-8.6	1010010000100110	4	1
19041	-8.6	1010010001100100	4	2
19042	-8.6	1010010001000101	4	1
19043	-8.6	1010010001000011	4	1
19045	-8.6	1010010001000110	4	1
19048	-8.6	1010010001100011	4	1
19049	-8.6	1010010000111010	4	2
19052	-8.6	1010010001011100	4	2
19055	-8.6	1010010001011010	4	2
19056	-8.6	1010010001100110	4	1
19057	-8.6	1010010001011001	4	1
19059	-8.6	1010010001100101	4	1
19069	-8.6	1010010001100111	4	1
19070	-8.6	1010010001111001	4	1
19072	-6.9	0100001001000010	4	1
19117	-6.9	0100011001100010	4	1
19173	-8.3	0010010101100110	3	2
19185	-6.9	1100001001011001	4	1
19187	-6.9	0110010000100110	4	1
19194	-8.6	0110010001000101	4	1
19195	-8.6	0110010001000011	4	1
19218	-8.6	0110010001100101	4	1
19230	-6.9	1010001000111001	4	1
19235	-6.9	0110010000100110	4	2
19281	-8.3	0100001011100110	3	1
19283	-6.9	0010011001100100	4	2
19324	-6.9	0010011001100100	4	2
19328	-8.6	0010011001000101	4	2
19329	-8.6	0010011001000011	4	2
19352	-8.6	0010011001100101	4	2
19364	-6.9	1010001001000101	4	1
19367	-8.6	1010001001000101	4	1
19368	-8.6	1010001001000011	4	1
19370	-8.6	1010001001000101	4	1
19371	-8.6	1010001001000011	4	1
19378	-8.6	1010001001100011	4	1
19390	-8.6	1010001001100101	4	1
19391	-8.6	1010001001100101	4	1
19403	-6.9	1100001001000011	4	1
19405	-8.6	1100001001000101	4	1
19406	-8.6	1100001001000011	4	1
19408	-8.6	1100001001000101	4	1
19409	-8.6	1100001001000011	4	1
19416	-8.6	1100001001100011	4	1
19428	-8.6	1100001001100101	4	1
19429	-8.6	1100001001100101	4	1
19441	-6.9	0110001001000110	4	2
19478	-8.6	1010001001000110	4	1
19481	-8.6	1010001001100011	4	1
19482	-8.6	1010001000111010	4	2
19485	-8.6	1010001001011100	4	2
19488	-8.6	1010001001011010	4	2
19489	-8.6	1010001001100110	4	1
19490	-8.6	1010001001011001	4	1
19492	-8.6	1010001001100101	4	1
19502	-8.6	1010001001100111	4	1
19503	-8.6	1010001001111001	4	1
19505	-8.6	1100001001000110	4	1
19508	-8.6	1100001001100011	4	1
19509	-8.6	1100001000111010	4	1
19512	-8.6	1100001001011100	4	2
19515	-8.6	1100001001011010	4	1
19516	-8.6	1100001001100110	4	1
19517	-8.6	1100001001011001	4	1
19519	-8.6	1100001001100101	4	1
19529	-8.6	1100001001100111	4	1
19530	-8.6	1100001001111001	4	1
19532	-6.9	0110001001000110	4	2
19554	-8.6	0110001001100101	4	1
19568	-8.6	1010001001100011	4	1
19577	-8.6	1010001001011001	4	1
19579	-8.6	1010001001100101	4	1
19589	-8.6	1010001001100111	4	1
19590	-8.6	1010001001111001	4	1
19594	-8.6	1100001001100011	4	1
19603	-8.6	1100001001011001	4	1
19605	-8.6	1100001001100101	4	1
19615	-8.6	1100001001100111	4	1
19616	-8.6	1100001001111001	4	1
19623	-8.9	0100001001000010	4	1
19647	-8.3	0100001001100110	3	1
19656	-8.3	0100010101100110	3	1
19661	-8.3	0100001101100110	3	1
19672	-6.9	1001110001100101	4	1
19683	-8.6	1100010110100101	4	1
19691	-6.9	1100011001100011	4	1
19696	-8.6	1100011001100011	4	1
19708	-8.6	1100011001100101	4	1
19709	-8.6	1100011001100101	4	1
19721	-6.9	0101110000111010	4	2
19738	-8.6	0101110001100101	4	2
19747	-7.2	1010001110011001	4	1
19756	-6.9	0101110000111010	4	2
19775	-7.2	1010010110100101	4	1
19786	-6.9	0011101001011100	4	2
19804	-7.2	1100010110100101	4	1
19813	-6.9	0011101001011100	4	2
19827	-8.6	0011101001100101	4	2
19836	-7.2	1100001110011001	4	1
19858	-8.6	1100011001011001	4	1
19860	-8.6	1100011001100101	4	1
19870	-8.6	1100011001100111	4	1
19871	-8.6	1100011001111001	4	1
19873	-6.9	0011110000111100	4	2
19888	-7.2	1100010110100101	4	1
19902	-6.9	0101101001011010	4	2
19913	-8.6	0101101001100101	4	2
19922	-7.2	1010001110011001	4	1
19925	-6.9	0110011001100110	4	1
19935	-8.6	0110011001100101	4	1
19949	-8.3	0110001101100110	3	2
19952	-6.9	1001101001011001	4	1
19963	-7.2	1001100110011001	4	2
19965	-6.9	1001101001011001	4	1
19972	-8.6	1001101001100101	4	1
19973	-8.6	1001101001100101	4	1
19982	-7.2	1001100110011001	4	2
19992	-8.6	1010010110100101	4	1
20000	-6.9	1010011001100101	4	1
20006	-8.6	1010011001100101	4	1
20007	-8.6	1010011001100101	4	1
20024	-6.9	0101101001011010	4	2
20025	-6.9	0101101001011010	4	2
20032	-7.2	1010010110100101	4	1
20040	-6.9	0101101001011010	4	2
20048	-7.2	1010010110100101	4	1
20060	-8.9	0101101001011010	4	2
20069	-8.3	0101101001100110	3	2
20077	-8.6	1110010110100101	4	1
20084	-7.2	1011100110011001	4	2
20105	-8.9	1010010110100101	4	1
20112	-10.6	1010010111111111	4	1
20118	-8.6	1010011001100111	4	1
20119	-8.6	1010011001111001	4	1
20126	-8.6	1010011001100111	4	1
20127	-8.6	1010011001111001	4	1
20129	-6.9	0111101001011110	4	2
20131	-7.2	1110010110100101	4	1
20140	-6.9	0110011001100110	4	1
20150	-7.5	1010010110100101	4	1
20173	-8.3	0110010101100110	3	2
20177	-8.3	0110011001100110	3	2
20179	-8.3	0110011011100110	3	1
20181	-8.3	0110011001111110	3	2
20184	-8.9	0110011001100110	4	2
20190	-6.9	1110011001100111	4	1
20200	-7.5	1001100110011001	4	2
20203	-8.9	0111111001111110	4	2
