0	0
1	0
2	0
3	0
4	0
5	0
6	0
7	0
8	0
9	0
10	0
11	0
12	0
13	0
14	0
15	0
16	0
17	0
18	0
19	0
20	0
21	1
22	1
23	1
24	1
25	1
26	1
27	1
28	1
29	1
30	1
31	1
32	1
33	1
34	1
35	1
36	1
37	1
38	1
39	1
40	1
41	1
42	1
43	1
44	1
45	1
46	1
47	2
48	2
49	2
50	2
51	2
52	2
53	2
54	2
55	2
56	2
57	2
58	2
59	2
60	2
61	2
62	2
63	2
64	2
65	2
66	2
67	2
68	2
69	3
70	3
71	3
72	3
73	3
74	3
75	3
76	3
77	3
78	4
79	4
80	4
81	4
82	4
83	4
84	4
85	4
86	4
87	4
88	4
89	4
90	4
91	4
92	5
93	5
94	5
95	5
96	5
97	5
98	5
99	5
100	5
101	5
102	5
103	5
104	5
105	6
106	6
107	6
108	6
109	6
110	6
111	6
112	6
113	6
114	6
115	6
116	6
117	6
118	6
119	7
120	7
121	7
122	7
123	7
124	7
125	7
126	7
127	7
128	7
129	7
130	7
131	7
132	7
133	7
134	8
135	8
136	8
137	8
138	8
139	8
140	8
141	8
142	8
143	8
144	8
145	8
146	8
147	8
148	8
149	8
150	8
151	8
152	8
153	8
154	9
155	9
156	9
157	9
158	9
159	9
160	9
161	9
162	9
163	9
164	9
165	9
166	9
167	9
168	9
169	9
170	9
171	9
172	9
173	9
174	10
175	10
176	10
177	10
178	10
179	10
180	10
181	10
182	11
183	11
184	11
185	11
186	11
187	11
188	11
189	11
190	11
191	11
192	11
193	11
194	11
195	12
196	12
197	12
198	12
199	12
200	12
201	12
202	12
203	12
204	12
205	12
206	12
207	12
208	12
209	12
210	12
211	13
212	13
213	13
214	13
215	13
216	13
217	13
218	13
219	13
220	13
221	13
222	13
223	13
224	13
225	13
226	13
227	13
228	13
229	13
230	13
231	14
232	14
233	14
234	14
235	14
236	14
237	14
238	14
239	14
240	14
241	14
242	14
243	14
244	14
245	14
246	14
247	14
248	14
249	14
250	15
251	15
252	15
253	15
254	15
255	15
256	15
257	15
258	15
259	15
260	15
261	15
262	15
263	15
264	16
265	16
266	16
267	16
268	16
269	16
270	16
271	16
272	16
273	16
274	16
275	17
276	17
277	17
278	17
279	17
280	17
281	17
282	17
283	17
284	17
285	17
286	17
287	17
288	17
289	17
290	17
291	17
292	17
293	17
294	18
295	18
296	18
297	18
298	18
299	18
300	18
301	18
302	18
303	18
304	18
305	18
306	18
307	18
308	18
309	19
310	19
311	19
312	19
313	19
314	19
315	19
316	19
317	19
318	19
319	20
320	20
321	20
322	20
323	20
324	20
325	20
326	20
327	20
328	20
329	20
330	20
331	21
332	21
333	21
334	21
335	21
336	21
337	21
338	21
339	21
340	21
341	21
342	21
343	21
344	22
345	22
346	23
347	23
348	24
349	24
350	24
351	24
352	25
353	25
354	25
355	25
356	25
357	25
358	25
359	25
360	25
361	25
362	25
363	25
364	26
365	26
366	26
367	26
368	26
369	26
370	26
371	26
372	26
373	26
374	26
375	26
376	26
377	26
378	26
379	26
380	26
381	27
382	27
383	27
384	27
385	27
386	27
387	27
388	27
389	27
390	27
391	27
392	27
393	27
394	28
395	28
396	28
397	28
398	28
399	28
400	29
401	29
402	30
403	30
404	30
405	31
406	32
407	32
408	32
409	32
410	32
411	32
412	32
413	32
414	32
415	33
416	33
417	33
418	33
419	33
420	33
421	33
422	33
423	34
424	34
425	34
426	34
427	34
428	34
429	34
430	35
431	35
432	36
433	37
434	37
435	37
436	37
437	37
438	37
439	37
440	37
441	37
442	37
443	37
444	38
445	38
446	38
447	38
448	38
449	38
450	38
451	38
452	38
453	38
454	38
455	38
456	39
457	39
458	39
459	39
460	39
461	39
462	39
463	39
464	39
465	39
466	39
467	39
468	39
469	39
470	40
471	40
472	40
473	40
474	40
475	41
476	41
477	41
478	42
479	42
480	42
481	42
482	43
483	43
484	43
485	43
486	44
487	44
488	44
489	44
490	44
491	44
492	44
493	44
494	44
495	44
496	44
497	44
498	44
499	44
500	44
501	44
502	44
503	44
504	44
505	44
506	44
507	44
508	45
509	45
510	45
511	45
512	45
513	45
514	45
515	45
516	45
517	45
518	45
519	45
520	45
521	45
522	45
523	45
524	45
525	45
526	45
527	45
528	45
529	45
530	46
531	46
532	46
533	46
534	46
535	46
536	46
537	46
538	46
539	46
540	46
541	46
542	46
543	46
544	46
545	46
546	46
547	46
548	46
549	46
550	46
551	46
552	46
553	47
554	47
555	47
556	47
557	47
558	47
559	47
560	47
561	47
562	47
563	47
564	47
565	47
566	47
567	47
568	47
569	48
570	48
571	48
572	48
573	48
574	48
575	48
576	48
577	48
578	48
579	48
580	48
581	48
582	48
583	48
584	49
585	49
586	49
587	49
588	49
589	49
590	49
591	49
592	49
593	49
594	49
595	49
596	49
597	49
598	49
599	50
600	50
601	50
602	50
603	50
604	50
605	50
606	50
607	50
608	50
609	50
610	50
611	50
612	50
613	50
614	50
615	50
616	50
617	51
618	51
619	51
620	51
621	51
622	51
623	51
624	51
625	51
626	51
627	51
628	51
629	51
630	51
631	51
632	51
633	51
634	51
635	51
636	52
637	52
638	52
639	52
640	52
641	52
642	52
643	52
644	52
645	52
646	52
647	52
648	52
649	52
650	52
651	52
652	52
653	53
654	53
655	53
656	53
657	53
658	53
659	53
660	54
661	54
662	54
663	54
664	54
665	54
666	54
667	54
668	54
669	55
670	55
671	55
672	55
673	55
674	55
675	55
676	55
677	55
678	56
679	56
680	56
681	56
682	56
683	56
684	56
685	56
686	56
687	56
688	56
689	56
690	56
691	56
692	56
693	56
694	56
695	56
696	56
697	56
698	56
699	56
700	56
701	56
702	56
703	56
704	57
705	57
706	57
707	57
708	57
709	57
710	57
711	57
712	57
713	57
714	57
715	57
716	57
717	57
718	57
719	57
720	57
721	57
722	58
723	58
724	58
725	58
726	58
727	58
728	58
729	58
730	58
731	58
732	58
733	58
734	58
735	58
736	58
737	58
738	58
739	58
740	58
741	58
742	58
743	58
744	58
745	59
746	59
747	59
748	59
749	59
750	59
751	59
752	59
753	59
754	59
755	59
756	59
757	59
758	59
759	60
760	60
761	60
762	60
763	60
764	60
765	60
766	60
767	60
768	60
769	60
770	60
771	61
772	61
773	61
774	61
775	61
776	61
777	61
778	61
779	61
780	61
781	61
782	61
783	61
784	61
785	61
786	61
787	61
788	62
789	62
790	62
791	62
792	62
793	62
794	62
795	62
796	62
797	62
798	62
799	62
800	62
801	62
802	62
803	62
804	62
805	62
806	62
807	63
808	63
809	63
810	63
811	63
812	63
813	63
814	63
815	63
816	63
817	63
818	63
819	63
820	63
821	63
822	63
823	63
824	63
825	64
826	64
827	64
828	64
829	64
830	64
831	64
832	64
833	64
834	64
835	64
836	64
837	65
838	65
839	65
840	65
841	65
842	65
843	65
844	65
845	65
846	65
847	65
848	65
849	65
850	65
851	66
852	66
853	66
854	66
855	66
856	66
857	66
858	66
859	66
860	66
861	66
862	66
863	66
864	67
865	67
866	67
867	67
868	67
869	67
870	67
871	67
872	67
873	67
874	67
875	68
876	68
877	68
878	68
879	68
880	68
881	68
882	68
883	68
884	68
885	68
886	68
887	68
888	68
889	69
890	69
891	69
892	69
893	70
894	70
895	70
896	70
897	70
898	71
899	71
900	71
901	71
902	71
903	71
904	72
905	72
906	72
907	72
908	72
909	72
910	72
911	72
912	73
913	73
914	73
915	73
916	73
917	73
918	73
919	73
920	73
921	73
922	73
923	73
924	74
925	75
926	75
927	75
928	75
929	75
930	75
931	75
932	75
933	75
934	75
935	76
936	76
937	76
938	76
939	76
940	76
941	76
942	76
943	76
944	76
945	77
946	77
947	77
948	77
949	77
950	77
951	78
952	78
953	79
954	79
955	79
956	79
957	79
958	79
959	79
960	79
961	79
962	80
963	80
964	80
965	80
966	80
967	80
968	80
969	80
970	80
971	80
972	80
973	80
974	80
975	80
976	81
977	82
978	82
979	82
980	82
981	83
982	83
983	83
984	83
985	83
986	83
987	83
988	83
989	83
990	83
991	84
992	84
993	84
994	84
995	84
996	84
997	84
998	84
999	84
1000	84
1001	84
1002	84
1003	84
1004	84
1005	84
1006	84
1007	85
1008	85
1009	85
1010	85
1011	85
1012	85
1013	85
1014	85
1015	85
1016	85
1017	85
1018	85
1019	85
1020	85
1021	85
1022	85
1023	85
1024	86
1025	86
1026	86
1027	86
1028	86
1029	86
1030	86
1031	86
1032	86
1033	86
1034	86
1035	86
1036	86
1037	86
1038	86
1039	86
1040	86
1041	86
1042	86
1043	87
1044	87
1045	87
1046	87
1047	87
1048	87
1049	87
1050	87
1051	87
1052	87
1053	87
1054	87
1055	87
1056	87
1057	87
1058	87
1059	87
1060	87
1061	87
1062	88
1063	88
1064	88
1065	88
1066	88
1067	88
1068	88
1069	88
1070	88
1071	88
1072	88
1073	89
1074	89
1075	89
1076	89
1077	89
1078	89
1079	89
1080	89
1081	89
1082	89
1083	89
1084	89
1085	90
1086	90
1087	90
1088	90
1089	90
1090	90
1091	90
1092	90
1093	90
1094	90
1095	90
1096	90
1097	90
1098	90
1099	90
1100	91
1101	91
1102	91
1103	91
1104	91
1105	91
1106	91
1107	91
1108	91
1109	91
1110	91
1111	91
1112	91
1113	91
1114	91
1115	92
1116	92
1117	92
1118	92
1119	92
1120	92
1121	92
1122	93
1123	93
1124	93
1125	93
1126	93
1127	93
1128	93
1129	93
1130	93
1131	93
1132	93
1133	93
1134	93
1135	93
1136	93
1137	93
1138	94
1139	94
1140	94
1141	94
1142	94
1143	94
1144	94
1145	94
1146	94
1147	94
1148	94
1149	94
1150	94
1151	94
1152	94
1153	94
1154	95
1155	95
1156	95
1157	95
1158	95
1159	95
1160	95
1161	95
1162	95
1163	95
1164	96
1165	96
1166	96
1167	96
1168	96
1169	96
1170	96
1171	96
1172	96
1173	96
1174	97
1175	97
1176	97
1177	97
1178	97
1179	97
1180	97
1181	97
1182	97
1183	97
1184	97
1185	97
1186	97
1187	97
1188	97
1189	97
1190	98
1191	98
1192	98
1193	98
1194	98
1195	99
1196	99
1197	99
1198	99
1199	99
1200	100
1201	100
1202	100
1203	100
1204	100
1205	100
1206	100
1207	100
1208	100
1209	100
1210	100
1211	100
1212	100
1213	100
1214	101
1215	101
1216	102
1217	102
1218	102
1219	102
1220	102
1221	102
1222	102
1223	102
1224	103
1225	103
1226	103
1227	104
1228	104
1229	104
1230	104
1231	104
1232	104
1233	104
1234	104
1235	104
1236	105
1237	106
1238	106
1239	106
1240	106
1241	106
1242	106
1243	106
1244	106
1245	106
1246	106
1247	106
1248	106
1249	106
1250	106
1251	106
1252	106
1253	106
1254	106
1255	106
1256	107
1257	107
1258	107
1259	107
1260	107
1261	107
1262	107
1263	107
1264	107
1265	107
1266	107
1267	107
1268	108
1269	108
1270	108
1271	108
1272	108
1273	108
1274	108
1275	108
1276	108
1277	108
1278	108
1279	108
1280	108
1281	108
1282	108
1283	108
1284	109
1285	109
1286	109
1287	109
1288	109
1289	109
1290	109
1291	109
1292	109
1293	110
1294	110
1295	110
1296	110
1297	110
1298	110
1299	110
1300	110
1301	110
1302	110
1303	111
1304	111
1305	111
1306	111
1307	111
1308	111
1309	111
1310	111
1311	111
1312	111
1313	111
1314	111
1315	111
1316	111
1317	111
1318	111
1319	111
1320	112
1321	112
1322	112
1323	112
1324	112
1325	112
1326	112
1327	112
1328	112
1329	112
1330	112
1331	112
1332	113
1333	113
1334	113
1335	114
1336	115
1337	115
1338	115
1339	115
1340	115
1341	115
1342	116
1343	116
1344	117
1345	117
1346	117
1347	117
1348	117
1349	117
1350	117
1351	117
1352	117
1353	118
1354	118
1355	118
1356	118
1357	118
1358	118
1359	119
1360	119
1361	119
1362	119
1363	119
1364	119
1365	119
1366	119
1367	119
1368	120
1369	120
1370	120
1371	120
1372	120
1373	120
1374	120
1375	120
1376	120
1377	120
1378	121
1379	121
1380	121
1381	121
1382	121
1383	121
1384	121
1385	121
1386	121
1387	121
1388	121
1389	122
1390	122
1391	122
1392	122
1393	122
1394	122
1395	122
1396	122
1397	122
1398	122
1399	122
1400	122
1401	123
1402	124
1403	125
1404	125
1405	126
1406	126
1407	126
1408	126
1409	126
1410	126
1411	126
1412	126
1413	126
1414	126
1415	126
1416	127
1417	127
1418	127
1419	127
1420	127
1421	127
1422	127
1423	127
1424	127
1425	127
1426	127
1427	127
1428	128
1429	128
1430	128
1431	129
1432	129
1433	129
1434	129
1435	129
1436	129
1437	129
1438	130
1439	130
1440	130
1441	130
1442	130
1443	130
1444	130
1445	130
1446	131
1447	132
1448	132
1449	133
1450	133
1451	133
1452	133
1453	133
1454	134
1455	134
1456	135
1457	135
1458	135
1459	135
1460	135
1461	136
1462	136
1463	136
1464	136
1465	137
1466	138
1467	139
1468	139
1469	140
1470	141
1471	142
1472	143
1473	143
1474	143
1475	143
1476	143
1477	143
1478	143
1479	143
1480	143
1481	143
1482	144
1483	144
1484	144
1485	144
1486	144
1487	144
1488	144
1489	144
1490	144
1491	144
1492	145
1493	145
1494	145
1495	145
1496	145
1497	145
1498	145
1499	145
1500	145
1501	145
1502	146
1503	146
1504	146
1505	146
1506	146
1507	146
1508	146
1509	146
1510	146
1511	146
1512	146
1513	147
1514	147
1515	147
1516	147
1517	147
1518	147
1519	147
1520	147
1521	147
1522	147
1523	147
1524	147
1525	148
1526	148
1527	148
1528	148
1529	148
1530	148
1531	148
1532	148
1533	148
1534	149
1535	150
1536	151
1537	151
1538	151
1539	151
1540	152
1541	152
1542	152
1543	153
1544	153
1545	153
1546	153
1547	153
1548	153
1549	153
1550	153
1551	153
1552	153
1553	153
1554	153
1555	153
1556	153
1557	153
1558	154
1559	154
1560	154
1561	154
1562	154
1563	154
1564	154
1565	154
1566	154
1567	154
1568	154
1569	154
1570	154
1571	155
1572	155
1573	155
1574	155
1575	155
1576	155
1577	155
1578	155
1579	155
1580	155
1581	155
1582	155
1583	156
1584	156
1585	156
1586	156
1587	156
1588	156
1589	156
1590	156
1591	157
1592	157
1593	157
1594	157
1595	157
1596	157
1597	157
1598	157
1599	157
1600	157
1601	157
1602	157
1603	157
1604	157
1605	157
1606	158
1607	158
1608	158
1609	158
1610	158
1611	158
1612	158
1613	159
1614	159
1615	159
1616	160
1617	160
1618	160
1619	160
1620	160
1621	160
1622	160
1623	160
1624	160
1625	160
1626	160
1627	160
1628	160
1629	161
1630	161
1631	161
1632	161
1633	161
1634	161
1635	161
1636	161
1637	161
1638	161
1639	161
1640	161
1641	161
1642	162
1643	162
1644	162
1645	162
1646	162
1647	162
1648	162
1649	162
1650	162
1651	163
1652	163
1653	163
1654	163
1655	164
1656	164
1657	165
1658	165
1659	165
1660	165
1661	165
1662	165
1663	165
1664	165
1665	166
1666	166
1667	166
1668	166
1669	166
1670	167
1671	167
1672	167
1673	167
1674	168
1675	168
1676	168
1677	168
1678	168
1679	168
1680	168
1681	169
1682	169
1683	169
1684	170
1685	171
1686	171
1687	172
1688	172
1689	172
1690	172
1691	173
1692	173
1693	173
1694	174
1695	174
1696	175
1697	176
1698	177
1699	177
1700	178
1701	178
1702	179
1703	179
1704	179
1705	179
1706	179
1707	180
1708	180
1709	180
1710	180
1711	180
1712	180
1713	181
1714	181
1715	181
1716	181
1717	181
1718	181
1719	181
1720	181
1721	181
1722	181
1723	182
1724	182
1725	182
1726	182
1727	182
1728	182
1729	182
1730	182
1731	182
1732	182
1733	182
1734	182
1735	183
1736	183
1737	183
1738	183
1739	183
1740	183
1741	183
1742	183
1743	183
1744	183
1745	183
1746	183
1747	184
1748	185
1749	185
1750	185
1751	185
1752	186
1753	186
1754	186
1755	186
1756	186
1757	186
1758	186
1759	187
1760	187
1761	188
1762	188
1763	188
1764	188
1765	188
1766	188
1767	188
1768	188
1769	188
1770	189
1771	189
1772	189
1773	189
1774	189
1775	189
1776	189
1777	189
1778	189
1779	190
1780	190
1781	190
1782	190
1783	190
1784	190
1785	190
1786	190
1787	190
1788	190
1789	191
1790	191
1791	191
1792	191
1793	191
1794	192
1795	192
1796	193
1797	193
1798	193
1799	193
1800	194
1801	194
1802	194
1803	194
1804	194
1805	195
1806	195
1807	195
1808	195
1809	195
1810	195
1811	195
1812	195
1813	195
1814	196
1815	196
1816	196
1817	196
1818	196
1819	196
1820	196
1821	196
1822	196
1823	196
1824	197
1825	198
1826	199
1827	200
1828	201
1829	201
1830	201
1831	201
1832	202
1833	202
1834	202
1835	202
1836	202
1837	203
1838	203
1839	203
1840	203
1841	203
1842	204
1843	205
1844	206
1845	207
1846	207
1847	208
1848	209
1849	209
1850	209
1851	210
1852	210
1853	210
1854	210
1855	210
1856	210
1857	210
1858	210
1859	211
1860	211
1861	211
1862	211
1863	211
1864	211
1865	211
1866	211
1867	211
1868	211
1869	211
1870	211
1871	212
1872	212
1873	212
1874	212
1875	212
1876	212
1877	212
1878	212
1879	212
1880	212
1881	212
1882	213
1883	213
1884	213
1885	213
1886	213
1887	214
1888	214
1889	214
1890	214
1891	215
1892	215
1893	215
1894	216
1895	216
1896	216
1897	216
1898	216
1899	216
1900	216
1901	216
1902	216
1903	216
1904	216
1905	216
1906	216
1907	216
1908	217
1909	217
1910	217
1911	217
1912	217
1913	217
1914	217
1915	217
1916	217
1917	218
1918	218
1919	218
1920	218
1921	218
1922	218
1923	218
1924	218
1925	218
1926	218
1927	219
1928	219
1929	219
1930	219
1931	219
1932	219
1933	220
1934	220
1935	220
1936	220
1937	220
1938	221
1939	221
1940	221
1941	222
1942	222
1943	222
1944	222
1945	222
1946	222
1947	222
1948	222
1949	223
1950	223
1951	223
1952	223
1953	223
1954	223
1955	223
1956	223
1957	223
1958	223
1959	223
1960	223
1961	224
1962	224
1963	224
1964	224
1965	224
1966	224
1967	224
1968	224
1969	224
1970	225
1971	225
1972	225
1973	226
1974	227
1975	227
1976	227
1977	227
1978	227
1979	228
1980	228
1981	228
1982	229
1983	229
1984	229
1985	230
1986	230
1987	231
1988	232
1989	232
1990	232
1991	233
1992	233
1993	233
1994	234
1995	235
1996	236
1997	236
1998	236
1999	237
2000	237
2001	238
2002	239
2003	239
2004	239
2005	239
2006	239
2007	239
2008	239
2009	240
2010	240
2011	240
2012	241
2013	242
2014	242
2015	242
2016	242
2017	242
2018	242
2019	242
2020	242
2021	242
2022	242
2023	242
2024	243
2025	243
2026	243
2027	243
2028	243
2029	243
2030	243
2031	243
2032	243
2033	243
2034	243
2035	243
2036	243
2037	243
2038	243
2039	243
2040	244
2041	244
2042	244
2043	244
2044	244
2045	244
2046	244
2047	244
2048	244
2049	244
2050	244
2051	244
2052	244
2053	245
2054	245
2055	245
2056	245
2057	245
2058	245
2059	246
2060	246
2061	246
2062	246
2063	247
2064	247
2065	247
2066	247
2067	247
2068	248
2069	248
2070	248
2071	248
2072	248
2073	248
2074	248
2075	248
2076	248
2077	248
2078	248
2079	248
2080	248
2081	248
2082	249
2083	249
2084	249
2085	249
2086	249
2087	249
2088	249
2089	249
2090	249
2091	249
2092	249
2093	249
2094	249
2095	249
2096	249
2097	249
2098	249
2099	249
2100	250
2101	250
2102	250
2103	250
2104	250
2105	250
2106	250
2107	250
2108	250
2109	250
2110	250
2111	250
2112	251
2113	251
2114	251
2115	251
2116	251
2117	251
2118	251
2119	251
2120	252
2121	252
2122	252
2123	252
2124	252
2125	252
2126	252
2127	252
2128	253
2129	253
2130	253
2131	253
2132	253
2133	253
2134	253
2135	253
2136	253
2137	253
2138	253
2139	253
2140	253
2141	254
2142	254
2143	254
2144	254
2145	254
2146	254
2147	254
2148	254
2149	254
2150	254
2151	254
2152	254
2153	254
2154	254
2155	255
2156	255
2157	255
2158	255
2159	255
2160	255
2161	255
2162	255
2163	255
2164	256
2165	256
2166	256
2167	256
2168	256
2169	256
2170	256
2171	256
2172	257
2173	257
2174	257
2175	257
2176	257
2177	257
2178	258
2179	258
2180	258
2181	259
2182	259
2183	259
2184	260
2185	260
2186	260
2187	261
2188	261
2189	261
2190	261
2191	261
2192	261
2193	261
2194	261
2195	262
2196	262
2197	262
2198	262
2199	262
2200	262
2201	263
2202	264
2203	265
2204	266
2205	266
2206	266
2207	266
2208	266
2209	266
2210	267
2211	268
2212	268
2213	268
2214	268
2215	268
2216	268
2217	269
2218	269
2219	269
2220	269
2221	270
2222	271
2223	271
2224	271
2225	271
2226	272
2227	272
2228	272
2229	272
2230	272
2231	272
2232	272
2233	272
2234	272
2235	272
2236	272
2237	272
2238	272
2239	272
2240	272
2241	272
2242	272
2243	272
2244	272
2245	273
2246	273
2247	273
2248	273
2249	273
2250	273
2251	273
2252	273
2253	273
2254	273
2255	273
2256	273
2257	273
2258	273
2259	273
2260	273
2261	273
2262	273
2263	274
2264	274
2265	274
2266	274
2267	274
2268	274
2269	274
2270	275
2271	275
2272	275
2273	275
2274	275
2275	275
2276	275
2277	275
2278	276
2279	276
2280	276
2281	276
2282	276
2283	276
2284	276
2285	277
2286	277
2287	277
2288	277
2289	277
2290	277
2291	277
2292	277
2293	277
2294	277
2295	278
2296	278
2297	278
2298	278
2299	278
2300	278
2301	279
2302	279
2303	279
2304	279
2305	279
2306	279
2307	279
2308	279
2309	279
2310	279
2311	279
2312	279
2313	279
2314	280
2315	280
2316	280
2317	280
2318	280
2319	280
2320	281
2321	281
2322	281
2323	281
2324	281
2325	281
2326	282
2327	282
2328	282
2329	282
2330	283
2331	283
2332	283
2333	283
2334	284
2335	284
2336	284
2337	284
2338	284
2339	284
2340	284
2341	284
2342	284
2343	284
2344	284
2345	284
2346	284
2347	284
2348	284
2349	284
2350	284
2351	285
2352	285
2353	285
2354	285
2355	285
2356	285
2357	285
2358	285
2359	285
2360	285
2361	285
2362	285
2363	285
2364	286
2365	286
2366	286
2367	287
2368	287
2369	288
2370	289
2371	289
2372	289
2373	289
2374	289
2375	290
2376	290
2377	290
2378	291
2379	291
2380	292
2381	292
2382	293
2383	293
2384	293
2385	293
2386	293
2387	293
2388	293
2389	293
2390	293
2391	293
2392	293
2393	294
2394	294
2395	294
2396	294
2397	295
2398	296
2399	296
2400	297
2401	297
2402	297
2403	297
2404	298
2405	298
2406	298
2407	298
2408	298
2409	298
2410	298
2411	298
2412	298
2413	298
2414	298
2415	299
2416	299
2417	299
2418	299
2419	299
2420	299
2421	300
2422	300
2423	300
2424	300
2425	300
2426	300
2427	300
2428	301
2429	301
2430	301
2431	301
2432	301
2433	302
2434	302
2435	302
2436	302
2437	302
2438	302
2439	302
2440	302
2441	302
2442	302
2443	302
2444	302
2445	302
2446	302
2447	303
2448	303
2449	303
2450	303
2451	303
2452	303
2453	303
2454	303
2455	303
2456	303
2457	304
2458	304
2459	304
2460	304
2461	304
2462	304
2463	304
2464	304
2465	304
2466	304
2467	305
2468	305
2469	305
2470	305
2471	305
2472	305
2473	305
2474	305
2475	306
2476	306
2477	306
2478	306
2479	306
2480	306
2481	306
2482	306
2483	306
2484	306
2485	306
2486	306
2487	306
2488	307
2489	307
2490	307
2491	307
2492	307
2493	307
2494	307
2495	307
2496	307
2497	307
2498	307
2499	308
2500	308
2501	308
2502	308
2503	308
2504	308
2505	308
2506	308
2507	308
2508	309
2509	309
2510	309
2511	309
2512	309
2513	309
2514	309
2515	310
2516	310
2517	310
2518	310
2519	310
2520	310
2521	310
2522	311
2523	311
2524	311
2525	311
2526	311
2527	312
2528	312
2529	312
2530	312
2531	312
2532	312
2533	312
2534	313
2535	313
2536	313
2537	314
2538	314
2539	314
2540	314
2541	314
2542	314
2543	315
2544	316
2545	316
2546	317
2547	317
2548	317
2549	317
2550	317
2551	318
2552	318
2553	318
2554	318
2555	318
2556	319
2557	319
2558	320
2559	320
2560	321
2561	321
2562	321
2563	321
2564	321
2565	322
2566	322
2567	322
2568	322
2569	322
2570	323
2571	323
2572	323
2573	323
2574	323
2575	324
2576	324
2577	324
2578	324
2579	325
2580	325
2581	325
2582	325
2583	326
2584	326
2585	327
2586	327
2587	328
2588	328
2589	329
2590	330
2591	330
2592	330
2593	330
2594	330
2595	331
2596	332
2597	333
2598	333
2599	333
2600	333
2601	333
2602	334
2603	334
2604	335
2605	336
2606	336
2607	337
2608	338
2609	339
2610	339
2611	339
2612	340
2613	340
2614	340
2615	341
2616	342
2617	342
2618	342
2619	342
2620	342
2621	343
2622	344
2623	345
2624	345
2625	345
2626	346
2627	346
2628	347
2629	348
2630	349
2631	349
2632	349
2633	349
2634	350
2635	351
2636	351
2637	351
2638	352
2639	353
2640	353
2641	353
2642	353
2643	353
2644	353
2645	353
2646	354
2647	354
2648	354
2649	354
2650	354
2651	354
2652	355
2653	355
2654	355
2655	355
2656	355
2657	355
2658	355
2659	356
2660	356
2661	357
2662	358
2663	358
2664	358
2665	359
2666	360
2667	360
2668	361
2669	361
2670	362
2671	362
2672	363
2673	363
2674	363
2675	363
2676	363
2677	363
2678	363
2679	364
2680	365
2681	365
2682	366
2683	367
2684	368
2685	368
2686	369
2687	369
2688	370
2689	370
2690	370
2691	370
2692	370
2693	370
2694	370
2695	371
2696	371
2697	371
2698	371
2699	372
2700	372
2701	373
2702	374
2703	374
2704	374
2705	375
2706	376
2707	376
2708	377
2709	377
2710	378
