0	10.0
1	-7.2	0	0	0	0	0	0	0	0
2	-6.9	0	0	0	0	0	0	0	0
3	-6.6	0	0	0	0	0	0	0	0
4	-5.8	0	0	0	0	0	0	0	0
5	-5.5	0	0	0	0	0	0	0	0
6	-5.2	0	0	0	0	0	0	0	0
7	-4.9	0	0	0	0	0	0	0	0
8	-4.6	0	0	0	0	0	0	0	0
9	-4.1	0	0	0	0	0	0	0	0
10	-3.8	0	0	0	0	0	0	0	0
11	-3.5	0	0	0	0	0	0	0	0
12	-3.2	0	0	0	0	0	0	0	0
13	-2.9	0	0	0	0	0	0	0	0
14	-2.6	0	0	0	0	0	0	0	0
15	-2.1	0	0	0	0	0	0	0	0
16	-1.8	0	0	0	0	0	0	0	0
17	-1.5	0	0	0	0	0	0	0	0
18	-1.2	0	0	0	0	0	0	0	0
19	-0.9	0	0	0	0	0	0	0	0
20	-0.6	0	0	0	0	0	0	0	0
21	-8.9	0	0	0	2	0	0	0	4
22	-8.6	0	0	0	2	0	0	0	4
23	-8.3	0	0	0	2	0	0	0	4
24	-7.5	0	0	0	2	0	0	0	4
25	-7.2	0	0	0	2	0	0	0	4
26	-6.9	0	0	0	2	0	0	0	4
27	-6.6	0	0	0	2	0	0	0	4
28	-6.3	0	0	0	2	0	0	0	4
29	-6.1	0	0	0	2	0	0	0	4
30	-5.8	0	0	0	2	0	0	0	4
31	-5.5	0	0	0	2	0	0	0	4
32	-5.2	0	0	0	2	0	0	0	4
33	-4.9	0	0	0	2	0	0	0	4
34	-4.6	0	0	0	2	0	0	0	4
35	-4.4	0	0	0	2	0	0	0	4
36	-4.3	0	0	0	2	0	0	0	4
37	-4.1	0	0	0	2	0	0	0	4
38	-3.8	0	0	0	2	0	0	0	4
39	-3.5	0	0	0	2	0	0	0	4
40	-3.2	0	0	0	2	0	0	0	4
41	-2.9	0	0	0	2	0	0	0	4
42	-2.3	0	0	0	2	0	0	0	4
43	-1.8	0	0	0	2	0	0	0	4
44	-1.5	0	0	0	2	0	0	0	4
45	-1.2	0	0	0	2	0	0	0	4
46	-0.9	0	0	0	2	0	0	0	4
47	-10.6	0	0	0	6	0	0	0	6
48	-10.3	0	0	0	6	0	0	0	6
49	-9.2	0	0	0	6	0	0	0	6
50	-8.9	0	0	0	6	0	0	0	6
51	-8.6	0	0	0	6	0	0	0	6
52	-8.3	0	0	0	6	0	0	0	6
53	-8	0	0	0	6	0	0	0	6
54	-7.8	0	0	0	6	0	0	0	6
55	-7.5	0	0	0	6	0	0	0	6
56	-7.2	0	0	0	6	0	0	0	6
57	-6.9	0	0	0	6	0	0	0	6
58	-6.6	0	0	0	6	0	0	0	6
59	-6.3	0	0	0	6	0	0	0	6
60	-6.1	0	0	0	6	0	0	0	6
61	-6	0	0	0	6	0	0	0	6
62	-5.8	0	0	0	6	0	0	0	6
63	-5.5	0	0	0	6	0	0	0	6
64	-5.2	0	0	0	6	0	0	0	6
65	-4.9	0	0	0	6	0	0	0	6
66	-4.6	0	0	0	6	0	0	0	6
67	-3.5	0	0	0	6	0	0	0	6
68	-3.2	0	0	0	6	0	0	0	6
69	-6.9	0	0	1	8	0	0	1	8
70	-6.6	0	0	1	8	0	0	1	8
71	-5.5	0	0	1	8	0	0	1	8
72	-5.2	0	0	1	8	0	0	1	8
73	-4.9	0	0	1	8	0	0	1	8
74	-4.6	0	0	1	8	0	0	1	8
75	-3.5	0	0	1	8	0	0	1	8
76	-3.2	0	0	1	8	0	0	1	8
77	-1.5	0	0	1	8	0	0	1	8
78	-8.9	0	0	1	10	0	0	5	8
79	-8.6	0	0	1	10	0	0	5	8
80	-7.5	0	0	1	10	0	0	5	8
81	-7.2	0	0	1	10	0	0	5	8
82	-6.9	0	0	1	10	0	0	5	8
83	-6.6	0	0	1	10	0	0	5	8
84	-6.3	0	0	1	10	0	0	5	8
85	-5.8	0	0	1	10	0	0	5	8
86	-5.5	0	0	1	10	0	0	5	8
87	-5.2	0	0	1	10	0	0	5	8
88	-4.9	0	0	1	10	0	0	5	8
89	-4.6	0	0	1	10	0	0	5	8
90	-4.3	0	0	1	10	0	0	5	8
91	-3.8	0	0	1	10	0	0	5	8
92	-8.9	0	0	1	12	0	0	3	8
93	-8.6	0	0	1	12	0	0	3	8
94	-8.3	0	0	1	12	0	0	3	8
95	-7.5	0	0	1	12	0	0	3	8
96	-7.2	0	0	1	12	0	0	3	8
97	-6.9	0	0	1	12	0	0	3	8
98	-6.6	0	0	1	12	0	0	3	8
99	-6.3	0	0	1	12	0	0	3	8
100	-5.8	0	0	1	12	0	0	3	8
101	-5.5	0	0	1	12	0	0	3	8
102	-5.2	0	0	1	12	0	0	3	8
103	-4.9	0	0	1	12	0	0	3	8
104	-4.3	0	0	1	12	0	0	3	8
105	-10.6	0	0	1	14	0	0	7	8
106	-10.3	0	0	1	14	0	0	7	8
107	-9.2	0	0	1	14	0	0	7	8
108	-8.9	0	0	1	14	0	0	7	8
109	-8.6	0	0	1	14	0	0	7	8
110	-8.3	0	0	1	14	0	0	7	8
111	-8	0	0	1	14	0	0	7	8
112	-7.5	0	0	1	14	0	0	7	8
113	-7.2	0	0	1	14	0	0	7	8
114	-6.9	0	0	1	14	0	0	7	8
115	-6.6	0	0	1	14	0	0	7	8
116	-6.3	0	0	1	14	0	0	7	8
117	-6	0	0	1	14	0	0	7	8
118	-5.5	0	0	1	14	0	0	7	8
119	-9.2	0	0	2	2	0	0	4	4
120	-8.9	0	0	2	2	0	0	4	4
121	-8.6	0	0	2	2	0	0	4	4
122	-8.3	0	0	2	2	0	0	4	4
123	-7.5	0	0	2	2	0	0	4	4
124	-7.2	0	0	2	2	0	0	4	4
125	-6.9	0	0	2	2	0	0	4	4
126	-6.6	0	0	2	2	0	0	4	4
127	-6.3	0	0	2	2	0	0	4	4
128	-6	0	0	2	2	0	0	4	4
129	-5.8	0	0	2	2	0	0	4	4
130	-5.5	0	0	2	2	0	0	4	4
131	-5.2	0	0	2	2	0	0	4	4
132	-4.9	0	0	2	2	0	0	4	4
133	-4.6	0	0	2	2	0	0	4	4
134	-9.2	0	0	2	4	0	0	2	4
135	-8.9	0	0	2	4	0	0	2	4
136	-8.6	0	0	2	4	0	0	2	4
137	-8.3	0	0	2	4	0	0	2	4
138	-7.8	0	0	2	4	0	0	2	4
139	-7.5	0	0	2	4	0	0	2	4
140	-7.2	0	0	2	4	0	0	2	4
141	-6.9	0	0	2	4	0	0	2	4
142	-6.6	0	0	2	4	0	0	2	4
143	-6.3	0	0	2	4	0	0	2	4
144	-6.1	0	0	2	4	0	0	2	4
145	-5.8	0	0	2	4	0	0	2	4
146	-5.5	0	0	2	4	0	0	2	4
147	-5.2	0	0	2	4	0	0	2	4
148	-4.9	0	0	2	4	0	0	2	4
149	-4.6	0	0	2	4	0	0	2	4
150	-4.3	0	0	2	4	0	0	2	4
151	-4	0	0	2	4	0	0	2	4
152	-2.1	0	0	2	4	0	0	2	4
153	-1.8	0	0	2	4	0	0	2	4
154	-10.9	0	0	2	6	0	0	6	4
155	-10.6	0	0	2	6	0	0	6	4
156	-10.3	0	0	2	6	0	0	6	4
157	-9.5	0	0	2	6	0	0	6	4
158	-9.2	0	0	2	6	0	0	6	4
159	-8.9	0	0	2	6	0	0	6	4
160	-8.6	0	0	2	6	0	0	6	4
161	-8.3	0	0	2	6	0	0	6	4
162	-8	0	0	2	6	0	0	6	4
163	-7.8	0	0	2	6	0	0	6	4
164	-7.5	0	0	2	6	0	0	6	4
165	-7.2	0	0	2	6	0	0	6	4
166	-6.9	0	0	2	6	0	0	6	4
167	-6.6	0	0	2	6	0	0	6	4
168	-6.3	0	0	2	6	0	0	6	4
169	-6.1	0	0	2	6	0	0	6	4
170	-6	0	0	2	6	0	0	6	4
171	-5.8	0	0	2	6	0	0	6	4
172	-5.5	0	0	2	6	0	0	6	4
173	-4.9	0	0	2	6	0	0	6	4
174	-9.2	0	0	3	10	0	0	5	12
175	-8.9	0	0	3	10	0	0	5	12
176	-8.6	0	0	3	10	0	0	5	12
177	-7.5	0	0	3	10	0	0	5	12
178	-7.2	0	0	3	10	0	0	5	12
179	-6.9	0	0	3	10	0	0	5	12
180	-6.6	0	0	3	10	0	0	5	12
181	-6.3	0	0	3	10	0	0	5	12
182	-9.2	0	0	3	12	0	0	3	12
183	-8.9	0	0	3	12	0	0	3	12
184	-8.6	0	0	3	12	0	0	3	12
185	-8.3	0	0	3	12	0	0	3	12
186	-7.5	0	0	3	12	0	0	3	12
187	-7.2	0	0	3	12	0	0	3	12
188	-6.9	0	0	3	12	0	0	3	12
189	-6.6	0	0	3	12	0	0	3	12
190	-6.3	0	0	3	12	0	0	3	12
191	-6	0	0	3	12	0	0	3	12
192	-4.6	0	0	3	12	0	0	3	12
193	-4.3	0	0	3	12	0	0	3	12
194	-4	0	0	3	12	0	0	3	12
195	-10.9	0	0	3	14	0	0	7	12
196	-10.6	0	0	3	14	0	0	7	12
197	-10.3	0	0	3	14	0	0	7	12
198	-9.5	0	0	3	14	0	0	7	12
199	-9.2	0	0	3	14	0	0	7	12
200	-8.9	0	0	3	14	0	0	7	12
201	-8.6	0	0	3	14	0	0	7	12
202	-8.3	0	0	3	14	0	0	7	12
203	-8	0	0	3	14	0	0	7	12
204	-7.8	0	0	3	14	0	0	7	12
205	-7.5	0	0	3	14	0	0	7	12
206	-7.2	0	0	3	14	0	0	7	12
207	-6.9	0	0	3	14	0	0	7	12
208	-6.6	0	0	3	14	0	0	7	12
209	-6.3	0	0	3	14	0	0	7	12
210	-6	0	0	3	14	0	0	7	12
211	-9.2	0	0	4	2	0	0	4	2
212	-8.9	0	0	4	2	0	0	4	2
213	-8.6	0	0	4	2	0	0	4	2
214	-8.3	0	0	4	2	0	0	4	2
215	-8	0	0	4	2	0	0	4	2
216	-7.8	0	0	4	2	0	0	4	2
217	-7.5	0	0	4	2	0	0	4	2
218	-7.2	0	0	4	2	0	0	4	2
219	-6.9	0	0	4	2	0	0	4	2
220	-6.6	0	0	4	2	0	0	4	2
221	-6.1	0	0	4	2	0	0	4	2
222	-5.8	0	0	4	2	0	0	4	2
223	-5.5	0	0	4	2	0	0	4	2
224	-5.2	0	0	4	2	0	0	4	2
225	-4.9	0	0	4	2	0	0	4	2
226	-4.6	0	0	4	2	0	0	4	2
227	-4.1	0	0	4	2	0	0	4	2
228	-3.8	0	0	4	2	0	0	4	2
229	-3.2	0	0	4	2	0	0	4	2
230	-2.1	0	0	4	2	0	0	4	2
231	-10.9	0	0	4	6	0	0	6	2
232	-10.6	0	0	4	6	0	0	6	2
233	-10.3	0	0	4	6	0	0	6	2
234	-9.5	0	0	4	6	0	0	6	2
235	-9.2	0	0	4	6	0	0	6	2
236	-8.9	0	0	4	6	0	0	6	2
237	-8.6	0	0	4	6	0	0	6	2
238	-8.3	0	0	4	6	0	0	6	2
239	-7.8	0	0	4	6	0	0	6	2
240	-7.5	0	0	4	6	0	0	6	2
241	-7.2	0	0	4	6	0	0	6	2
242	-6.9	0	0	4	6	0	0	6	2
243	-6.6	0	0	4	6	0	0	6	2
244	-6.3	0	0	4	6	0	0	6	2
245	-6.1	0	0	4	6	0	0	6	2
246	-5.8	0	0	4	6	0	0	6	2
247	-5.5	0	0	4	6	0	0	6	2
248	-5.2	0	0	4	6	0	0	6	2
249	-4.9	0	0	4	6	0	0	6	2
250	-9.2	0	0	5	10	0	0	5	10
251	-8.9	0	0	5	10	0	0	5	10
252	-8.6	0	0	5	10	0	0	5	10
253	-8.3	0	0	5	10	0	0	5	10
254	-8	0	0	5	10	0	0	5	10
255	-7.5	0	0	5	10	0	0	5	10
256	-7.2	0	0	5	10	0	0	5	10
257	-6.9	0	0	5	10	0	0	5	10
258	-6.6	0	0	5	10	0	0	5	10
259	-6.1	0	0	5	10	0	0	5	10
260	-5.5	0	0	5	10	0	0	5	10
261	-5.2	0	0	5	10	0	0	5	10
262	-4.9	0	0	5	10	0	0	5	10
263	-4.6	0	0	5	10	0	0	5	10
264	-10.9	0	0	5	14	0	0	7	10
265	-10.6	0	0	5	14	0	0	7	10
266	-10.3	0	0	5	14	0	0	7	10
267	-9.2	0	0	5	14	0	0	7	10
268	-8.9	0	0	5	14	0	0	7	10
269	-8.6	0	0	5	14	0	0	7	10
270	-8.3	0	0	5	14	0	0	7	10
271	-7.2	0	0	5	14	0	0	7	10
272	-6.9	0	0	5	14	0	0	7	10
273	-6.6	0	0	5	14	0	0	7	10
274	-6.3	0	0	5	14	0	0	7	10
275	-12.6	0	0	6	6	0	0	6	6
276	-12.3	0	0	6	6	0	0	6	6
277	-12	0	0	6	6	0	0	6	6
278	-11.2	0	0	6	6	0	0	6	6
279	-10.9	0	0	6	6	0	0	6	6
280	-10.6	0	0	6	6	0	0	6	6
281	-10.3	0	0	6	6	0	0	6	6
282	-10	0	0	6	6	0	0	6	6
283	-9.5	0	0	6	6	0	0	6	6
284	-9.2	0	0	6	6	0	0	6	6
285	-8.9	0	0	6	6	0	0	6	6
286	-8.6	0	0	6	6	0	0	6	6
287	-8.3	0	0	6	6	0	0	6	6
288	-8	0	0	6	6	0	0	6	6
289	-7.8	0	0	6	6	0	0	6	6
290	-7.5	0	0	6	6	0	0	6	6
291	-7.2	0	0	6	6	0	0	6	6
292	-6.6	0	0	6	6	0	0	6	6
293	-6.3	0	0	6	6	0	0	6	6
294	-12.6	0	0	7	14	0	0	7	14
295	-12.3	0	0	7	14	0	0	7	14
296	-12	0	0	7	14	0	0	7	14
297	-11.2	0	0	7	14	0	0	7	14
298	-10.9	0	0	7	14	0	0	7	14
299	-10.6	0	0	7	14	0	0	7	14
300	-10.3	0	0	7	14	0	0	7	14
301	-10	0	0	7	14	0	0	7	14
302	-9.5	0	0	7	14	0	0	7	14
303	-9.2	0	0	7	14	0	0	7	14
304	-8.9	0	0	7	14	0	0	7	14
305	-8.6	0	0	7	14	0	0	7	14
306	-8.3	0	0	7	14	0	0	7	14
307	-8	0	0	7	14	0	0	7	14
308	-6.3	0	0	7	14	0	0	7	14
309	-8.9	0	1	8	2	0	4	1	8
310	-8.6	0	1	8	2	0	4	1	8
311	-7.5	0	1	8	2	0	4	1	8
312	-7.2	0	1	8	2	0	4	1	8
313	-6.9	0	1	8	2	0	4	1	8
314	-6.6	0	1	8	2	0	4	1	8
315	-6.3	0	1	8	2	0	4	1	8
316	-5.5	0	1	8	2	0	4	1	8
317	-5.2	0	1	8	2	0	4	1	8
318	-4.9	0	1	8	2	0	4	1	8
319	-8.9	0	1	8	4	0	2	1	8
320	-8.6	0	1	8	4	0	2	1	8
321	-8.3	0	1	8	4	0	2	1	8
322	-7.5	0	1	8	4	0	2	1	8
323	-7.2	0	1	8	4	0	2	1	8
324	-6.9	0	1	8	4	0	2	1	8
325	-6.6	0	1	8	4	0	2	1	8
326	-6.3	0	1	8	4	0	2	1	8
327	-5.8	0	1	8	4	0	2	1	8
328	-5.5	0	1	8	4	0	2	1	8
329	-5.2	0	1	8	4	0	2	1	8
330	-4.9	0	1	8	4	0	2	1	8
331	-10.6	0	1	8	6	0	6	1	8
332	-10.3	0	1	8	6	0	6	1	8
333	-9.2	0	1	8	6	0	6	1	8
334	-8.9	0	1	8	6	0	6	1	8
335	-8.6	0	1	8	6	0	6	1	8
336	-8	0	1	8	6	0	6	1	8
337	-7.5	0	1	8	6	0	6	1	8
338	-7.2	0	1	8	6	0	6	1	8
339	-6.9	0	1	8	6	0	6	1	8
340	-6.6	0	1	8	6	0	6	1	8
341	-6.3	0	1	8	6	0	6	1	8
342	-6	0	1	8	6	0	6	1	8
343	-5.2	0	1	8	6	0	6	1	8
344	-7.2	0	1	9	10	0	5	9	8
345	-6.9	0	1	9	10	0	5	9	8
346	-8.6	0	1	9	12	0	3	9	8
347	-8.3	0	1	9	12	0	3	9	8
348	-10.6	0	1	9	14	0	7	9	8
349	-9.2	0	1	9	14	0	7	9	8
350	-8.9	0	1	9	14	0	7	9	8
351	-8.6	0	1	9	14	0	7	9	8
352	-9.2	0	1	10	2	0	4	5	8
353	-8.9	0	1	10	2	0	4	5	8
354	-8.6	0	1	10	2	0	4	5	8
355	-8.3	0	1	10	2	0	4	5	8
356	-7.5	0	1	10	2	0	4	5	8
357	-7.2	0	1	10	2	0	4	5	8
358	-6.9	0	1	10	2	0	4	5	8
359	-6.6	0	1	10	2	0	4	5	8
360	-6.3	0	1	10	2	0	4	5	8
361	-6	0	1	10	2	0	4	5	8
362	-5.5	0	1	10	2	0	4	5	8
363	-5.2	0	1	10	2	0	4	5	8
364	-9.2	0	1	10	4	0	2	5	8
365	-8.9	0	1	10	4	0	2	5	8
366	-8.6	0	1	10	4	0	2	5	8
367	-8.3	0	1	10	4	0	2	5	8
368	-7.8	0	1	10	4	0	2	5	8
369	-7.5	0	1	10	4	0	2	5	8
370	-7.2	0	1	10	4	0	2	5	8
371	-6.9	0	1	10	4	0	2	5	8
372	-6.6	0	1	10	4	0	2	5	8
373	-6.3	0	1	10	4	0	2	5	8
374	-5.8	0	1	10	4	0	2	5	8
375	-5.5	0	1	10	4	0	2	5	8
376	-5.2	0	1	10	4	0	2	5	8
377	-4.9	0	1	10	4	0	2	5	8
378	-4.6	0	1	10	4	0	2	5	8
379	-4.3	0	1	10	4	0	2	5	8
380	-4	0	1	10	4	0	2	5	8
381	-10.9	0	1	10	6	0	6	5	8
382	-10.6	0	1	10	6	0	6	5	8
383	-10.3	0	1	10	6	0	6	5	8
384	-9.2	0	1	10	6	0	6	5	8
385	-8.9	0	1	10	6	0	6	5	8
386	-8.6	0	1	10	6	0	6	5	8
387	-8.3	0	1	10	6	0	6	5	8
388	-8	0	1	10	6	0	6	5	8
389	-7.5	0	1	10	6	0	6	5	8
390	-7.2	0	1	10	6	0	6	5	8
391	-6.9	0	1	10	6	0	6	5	8
392	-6.6	0	1	10	6	0	6	5	8
393	-6.3	0	1	10	6	0	6	5	8
394	-8.9	0	1	11	8	0	1	13	8
395	-8.6	0	1	11	8	0	1	13	8
396	-7.5	0	1	11	8	0	1	13	8
397	-7.2	0	1	11	8	0	1	13	8
398	-6.9	0	1	11	8	0	1	13	8
399	-6.6	0	1	11	8	0	1	13	8
400	-9.2	0	1	11	10	0	5	13	8
401	-8.9	0	1	11	10	0	5	13	8
402	-8.9	0	1	11	12	0	3	13	8
403	-8.6	0	1	11	12	0	3	13	8
404	-7.2	0	1	11	12	0	3	13	8
405	-10.6	0	1	11	14	0	7	13	8
406	-9.2	0	1	12	2	0	4	3	8
407	-8.9	0	1	12	2	0	4	3	8
408	-8.6	0	1	12	2	0	4	3	8
409	-8.3	0	1	12	2	0	4	3	8
410	-8	0	1	12	2	0	4	3	8
411	-7.5	0	1	12	2	0	4	3	8
412	-7.2	0	1	12	2	0	4	3	8
413	-6.9	0	1	12	2	0	4	3	8
414	-6.6	0	1	12	2	0	4	3	8
415	-8.9	0	1	12	4	0	2	3	8
416	-8.6	0	1	12	4	0	2	3	8
417	-7.5	0	1	12	4	0	2	3	8
418	-7.2	0	1	12	4	0	2	3	8
419	-6.9	0	1	12	4	0	2	3	8
420	-6.6	0	1	12	4	0	2	3	8
421	-6.3	0	1	12	4	0	2	3	8
422	-6	0	1	12	4	0	2	3	8
423	-10.9	0	1	12	6	0	6	3	8
424	-10.6	0	1	12	6	0	6	3	8
425	-10.3	0	1	12	6	0	6	3	8
426	-9.2	0	1	12	6	0	6	3	8
427	-8.9	0	1	12	6	0	6	3	8
428	-8.6	0	1	12	6	0	6	3	8
429	-8.3	0	1	12	6	0	6	3	8
430	-8.9	0	1	13	10	0	5	11	8
431	-8.3	0	1	13	10	0	5	11	8
432	-10.6	0	1	13	14	0	7	11	8
433	-10.9	0	1	14	2	0	4	7	8
434	-10.6	0	1	14	2	0	4	7	8
435	-10.3	0	1	14	2	0	4	7	8
436	-9.2	0	1	14	2	0	4	7	8
437	-8.9	0	1	14	2	0	4	7	8
438	-8.6	0	1	14	2	0	4	7	8
439	-8.3	0	1	14	2	0	4	7	8
440	-8	0	1	14	2	0	4	7	8
441	-6.9	0	1	14	2	0	4	7	8
442	-6.6	0	1	14	2	0	4	7	8
443	-6.3	0	1	14	2	0	4	7	8
444	-10.9	0	1	14	4	0	2	7	8
445	-10.6	0	1	14	4	0	2	7	8
446	-10.3	0	1	14	4	0	2	7	8
447	-9.2	0	1	14	4	0	2	7	8
448	-8.9	0	1	14	4	0	2	7	8
449	-8.6	0	1	14	4	0	2	7	8
450	-8.3	0	1	14	4	0	2	7	8
451	-8	0	1	14	4	0	2	7	8
452	-7.2	0	1	14	4	0	2	7	8
453	-6.9	0	1	14	4	0	2	7	8
454	-6.6	0	1	14	4	0	2	7	8
455	-6.3	0	1	14	4	0	2	7	8
456	-12.6	0	1	14	6	0	6	7	8
457	-12.3	0	1	14	6	0	6	7	8
458	-12	0	1	14	6	0	6	7	8
459	-11.2	0	1	14	6	0	6	7	8
460	-10.9	0	1	14	6	0	6	7	8
461	-10.6	0	1	14	6	0	6	7	8
462	-10.3	0	1	14	6	0	6	7	8
463	-10	0	1	14	6	0	6	7	8
464	-9.5	0	1	14	6	0	6	7	8
465	-9.2	0	1	14	6	0	6	7	8
466	-8.9	0	1	14	6	0	6	7	8
467	-8.6	0	1	14	6	0	6	7	8
468	-8.3	0	1	14	6	0	6	7	8
469	-8	0	1	14	6	0	6	7	8
470	-10.6	0	1	15	8	0	1	15	8
471	-10.3	0	1	15	8	0	1	15	8
472	-9.2	0	1	15	8	0	1	15	8
473	-8.9	0	1	15	8	0	1	15	8
474	-8.6	0	1	15	8	0	1	15	8
475	-10.9	0	1	15	10	0	5	15	8
476	-10.6	0	1	15	10	0	5	15	8
477	-8.6	0	1	15	10	0	5	15	8
478	-10.6	0	1	15	12	0	3	15	8
479	-10.3	0	1	15	12	0	3	15	8
480	-8.6	0	1	15	12	0	3	15	8
481	-8.3	0	1	15	12	0	3	15	8
482	-12.3	0	1	15	14	0	7	15	8
483	-12	0	1	15	14	0	7	15	8
484	-10.3	0	1	15	14	0	7	15	8
485	-8.3	0	1	15	14	0	7	15	8
486	-10.6	0	2	0	2	0	4	0	4
487	-10.3	0	2	0	2	0	4	0	4
488	-9.2	0	2	0	2	0	4	0	4
489	-8.9	0	2	0	2	0	4	0	4
490	-8.6	0	2	0	2	0	4	0	4
491	-8.3	0	2	0	2	0	4	0	4
492	-8	0	2	0	2	0	4	0	4
493	-7.8	0	2	0	2	0	4	0	4
494	-7.5	0	2	0	2	0	4	0	4
495	-7.2	0	2	0	2	0	4	0	4
496	-6.9	0	2	0	2	0	4	0	4
497	-6.6	0	2	0	2	0	4	0	4
498	-6.1	0	2	0	2	0	4	0	4
499	-5.8	0	2	0	2	0	4	0	4
500	-5.5	0	2	0	2	0	4	0	4
501	-5.2	0	2	0	2	0	4	0	4
502	-4.9	0	2	0	2	0	4	0	4
503	-4.6	0	2	0	2	0	4	0	4
504	-4.1	0	2	0	2	0	4	0	4
505	-3.8	0	2	0	2	0	4	0	4
506	-2.1	0	2	0	2	0	4	0	4
507	-1.8	0	2	0	2	0	4	0	4
508	-10.6	0	2	0	4	0	2	0	4
509	-10.3	0	2	0	4	0	2	0	4
510	-10	0	2	0	4	0	2	0	4
511	-9.2	0	2	0	4	0	2	0	4
512	-8.9	0	2	0	4	0	2	0	4
513	-8.6	0	2	0	4	0	2	0	4
514	-8.3	0	2	0	4	0	2	0	4
515	-7.8	0	2	0	4	0	2	0	4
516	-7.5	0	2	0	4	0	2	0	4
517	-7.2	0	2	0	4	0	2	0	4
518	-6.9	0	2	0	4	0	2	0	4
519	-6.6	0	2	0	4	0	2	0	4
520	-6.3	0	2	0	4	0	2	0	4
521	-6.1	0	2	0	4	0	2	0	4
522	-6	0	2	0	4	0	2	0	4
523	-5.8	0	2	0	4	0	2	0	4
524	-5.5	0	2	0	4	0	2	0	4
525	-5.2	0	2	0	4	0	2	0	4
526	-4.9	0	2	0	4	0	2	0	4
527	-4.6	0	2	0	4	0	2	0	4
528	-3.8	0	2	0	4	0	2	0	4
529	-3.2	0	2	0	4	0	2	0	4
530	-12.3	0	2	0	6	0	4	0	6
531	-12	0	2	0	6	0	4	0	6
532	-10.9	0	2	0	6	0	4	0	6
533	-10.6	0	2	0	6	0	4	0	6
534	-10.3	0	2	0	6	0	4	0	6
535	-10	0	2	0	6	0	4	0	6
536	-9.5	0	2	0	6	0	4	0	6
537	-9.2	0	2	0	6	0	4	0	6
538	-8.9	0	2	0	6	0	4	0	6
539	-8.6	0	2	0	6	0	4	0	6
540	-8.3	0	2	0	6	0	4	0	6
541	-8	0	2	0	6	0	4	0	6
542	-7.8	0	2	0	6	0	4	0	6
543	-7.5	0	2	0	6	0	4	0	6
544	-7.2	0	2	0	6	0	4	0	6
545	-6.9	0	2	0	6	0	4	0	6
546	-6.6	0	2	0	6	0	4	0	6
547	-6.3	0	2	0	6	0	4	0	6
548	-6.1	0	2	0	6	0	4	0	6
549	-5.8	0	2	0	6	0	4	0	6
550	-5.5	0	2	0	6	0	4	0	6
551	-5.2	0	2	0	6	0	4	0	6
552	-4.9	0	2	0	6	0	4	0	6
553	-10.6	0	2	1	10	0	5	8	4
554	-10.3	0	2	1	10	0	5	8	4
555	-9.2	0	2	1	10	0	5	8	4
556	-8.9	0	2	1	10	0	5	8	4
557	-8.6	0	2	1	10	0	5	8	4
558	-8.3	0	2	1	10	0	5	8	4
559	-8	0	2	1	10	0	5	8	4
560	-7.8	0	2	1	10	0	5	8	4
561	-7.5	0	2	1	10	0	5	8	4
562	-7.2	0	2	1	10	0	5	8	4
563	-6.9	0	2	1	10	0	5	8	4
564	-6.6	0	2	1	10	0	5	8	4
565	-5.5	0	2	1	10	0	5	8	4
566	-5.2	0	2	1	10	0	5	8	4
567	-4.9	0	2	1	10	0	5	8	4
568	-4.6	0	2	1	10	0	5	8	4
569	-10.6	0	2	1	12	0	3	8	4
570	-10.3	0	2	1	12	0	3	8	4
571	-10	0	2	1	12	0	3	8	4
572	-9.2	0	2	1	12	0	3	8	4
573	-8.9	0	2	1	12	0	3	8	4
574	-8.6	0	2	1	12	0	3	8	4
575	-8.3	0	2	1	12	0	3	8	4
576	-8	0	2	1	12	0	3	8	4
577	-7.5	0	2	1	12	0	3	8	4
578	-7.2	0	2	1	12	0	3	8	4
579	-6.9	0	2	1	12	0	3	8	4
580	-6.6	0	2	1	12	0	3	8	4
581	-6.3	0	2	1	12	0	3	8	4
582	-6	0	2	1	12	0	3	8	4
583	-5.2	0	2	1	12	0	3	8	4
584	-12.3	0	2	1	14	0	7	8	4
585	-12	0	2	1	14	0	7	8	4
586	-10.9	0	2	1	14	0	7	8	4
587	-10.6	0	2	1	14	0	7	8	4
588	-10.3	0	2	1	14	0	7	8	4
589	-10	0	2	1	14	0	7	8	4
590	-9.2	0	2	1	14	0	7	8	4
591	-8.9	0	2	1	14	0	7	8	4
592	-8.6	0	2	1	14	0	7	8	4
593	-8.3	0	2	1	14	0	7	8	4
594	-8	0	2	1	14	0	7	8	4
595	-7.2	0	2	1	14	0	7	8	4
596	-6.9	0	2	1	14	0	7	8	4
597	-6.6	0	2	1	14	0	7	8	4
598	-6.3	0	2	1	14	0	7	8	4
599	-10.9	0	2	2	2	0	4	4	4
600	-10.6	0	2	2	2	0	4	4	4
601	-10.3	0	2	2	2	0	4	4	4
602	-9.5	0	2	2	2	0	4	4	4
603	-9.2	0	2	2	2	0	4	4	4
604	-8.9	0	2	2	2	0	4	4	4
605	-8.6	0	2	2	2	0	4	4	4
606	-8.3	0	2	2	2	0	4	4	4
607	-7.8	0	2	2	2	0	4	4	4
608	-7.5	0	2	2	2	0	4	4	4
609	-7.2	0	2	2	2	0	4	4	4
610	-6.9	0	2	2	2	0	4	4	4
611	-6.6	0	2	2	2	0	4	4	4
612	-6.3	0	2	2	2	0	4	4	4
613	-5.8	0	2	2	2	0	4	4	4
614	-5.5	0	2	2	2	0	4	4	4
615	-5.2	0	2	2	2	0	4	4	4
616	-4.9	0	2	2	2	0	4	4	4
617	-10.9	0	2	2	4	0	2	4	4
618	-10.6	0	2	2	4	0	2	4	4
619	-10.3	0	2	2	4	0	2	4	4
620	-9.5	0	2	2	4	0	2	4	4
621	-9.2	0	2	2	4	0	2	4	4
622	-8.9	0	2	2	4	0	2	4	4
623	-8.6	0	2	2	4	0	2	4	4
624	-8.3	0	2	2	4	0	2	4	4
625	-8	0	2	2	4	0	2	4	4
626	-7.8	0	2	2	4	0	2	4	4
627	-7.5	0	2	2	4	0	2	4	4
628	-7.2	0	2	2	4	0	2	4	4
629	-6.9	0	2	2	4	0	2	4	4
630	-6.6	0	2	2	4	0	2	4	4
631	-6.3	0	2	2	4	0	2	4	4
632	-5.8	0	2	2	4	0	2	4	4
633	-5.5	0	2	2	4	0	2	4	4
634	-4.9	0	2	2	4	0	2	4	4
635	-4.3	0	2	2	4	0	2	4	4
636	-12.6	0	2	2	6	0	6	4	4
637	-12.3	0	2	2	6	0	6	4	4
638	-11.2	0	2	2	6	0	6	4	4
639	-10.9	0	2	2	6	0	6	4	4
640	-10.6	0	2	2	6	0	6	4	4
641	-10.3	0	2	2	6	0	6	4	4
642	-9.5	0	2	2	6	0	6	4	4
643	-9.2	0	2	2	6	0	6	4	4
644	-8.9	0	2	2	6	0	6	4	4
645	-8.6	0	2	2	6	0	6	4	4
646	-8.3	0	2	2	6	0	6	4	4
647	-8	0	2	2	6	0	6	4	4
648	-7.5	0	2	2	6	0	6	4	4
649	-7.2	0	2	2	6	0	6	4	4
650	-6.9	0	2	2	6	0	6	4	4
651	-6.6	0	2	2	6	0	6	4	4
652	-5.2	0	2	2	6	0	6	4	4
653	-10.9	0	2	3	10	0	5	12	4
654	-10.6	0	2	3	10	0	5	12	4
655	-9.5	0	2	3	10	0	5	12	4
656	-9.2	0	2	3	10	0	5	12	4
657	-8.9	0	2	3	10	0	5	12	4
658	-8.6	0	2	3	10	0	5	12	4
659	-6.9	0	2	3	10	0	5	12	4
660	-10.9	0	2	3	12	0	3	12	4
661	-10.6	0	2	3	12	0	3	12	4
662	-10.3	0	2	3	12	0	3	12	4
663	-9.2	0	2	3	12	0	3	12	4
664	-8.9	0	2	3	12	0	3	12	4
665	-8.6	0	2	3	12	0	3	12	4
666	-8.3	0	2	3	12	0	3	12	4
667	-8	0	2	3	12	0	3	12	4
668	-6.3	0	2	3	12	0	3	12	4
669	-12.6	0	2	3	14	0	7	12	4
670	-12.3	0	2	3	14	0	7	12	4
671	-10.9	0	2	3	14	0	7	12	4
672	-10.6	0	2	3	14	0	7	12	4
673	-10.3	0	2	3	14	0	7	12	4
674	-8.9	0	2	3	14	0	7	12	4
675	-8.6	0	2	3	14	0	7	12	4
676	-8.3	0	2	3	14	0	7	12	4
677	-8	0	2	3	14	0	7	12	4
678	-10.9	0	2	4	2	0	4	2	4
679	-10.6	0	2	4	2	0	4	2	4
680	-10.3	0	2	4	2	0	4	2	4
681	-10	0	2	4	2	0	4	2	4
682	-9.5	0	2	4	2	0	4	2	4
683	-9.2	0	2	4	2	0	4	2	4
684	-8.9	0	2	4	2	0	4	2	4
685	-8.6	0	2	4	2	0	4	2	4
686	-8.3	0	2	4	2	0	4	2	4
687	-7.8	0	2	4	2	0	4	2	4
688	-7.5	0	2	4	2	0	4	2	4
689	-7.2	0	2	4	2	0	4	2	4
690	-6.9	0	2	4	2	0	4	2	4
691	-6.6	0	2	4	2	0	4	2	4
692	-6.3	0	2	4	2	0	4	2	4
693	-6.1	0	2	4	2	0	4	2	4
694	-5.8	0	2	4	2	0	4	2	4
695	-5.5	0	2	4	2	0	4	2	4
696	-5.2	0	2	4	2	0	4	2	4
697	-4.9	0	2	4	2	0	4	2	4
698	-4.6	0	2	4	2	0	4	2	4
699	-4.4	0	2	4	2	0	4	2	4
700	-4.3	0	2	4	2	0	4	2	4
701	-4.1	0	2	4	2	0	4	2	4
702	-2.4	0	2	4	2	0	4	2	4
703	-2.1	0	2	4	2	0	4	2	4
704	-12.6	0	2	4	6	0	6	2	4
705	-12.3	0	2	4	6	0	6	2	4
706	-11.2	0	2	4	6	0	6	2	4
707	-10.9	0	2	4	6	0	6	2	4
708	-10.6	0	2	4	6	0	6	2	4
709	-10.3	0	2	4	6	0	6	2	4
710	-10	0	2	4	6	0	6	2	4
711	-9.5	0	2	4	6	0	6	2	4
712	-9.2	0	2	4	6	0	6	2	4
713	-8.9	0	2	4	6	0	6	2	4
714	-8.6	0	2	4	6	0	6	2	4
715	-8.3	0	2	4	6	0	6	2	4
716	-7.8	0	2	4	6	0	6	2	4
717	-7.5	0	2	4	6	0	6	2	4
718	-7.2	0	2	4	6	0	6	2	4
719	-6.9	0	2	4	6	0	6	2	4
720	-6.6	0	2	4	6	0	6	2	4
721	-5.8	0	2	4	6	0	6	2	4
722	-10.9	0	2	5	10	0	5	10	4
723	-10.6	0	2	5	10	0	5	10	4
724	-10.3	0	2	5	10	0	5	10	4
725	-10	0	2	5	10	0	5	10	4
726	-9.5	0	2	5	10	0	5	10	4
727	-9.2	0	2	5	10	0	5	10	4
728	-8.9	0	2	5	10	0	5	10	4
729	-8.6	0	2	5	10	0	5	10	4
730	-8.3	0	2	5	10	0	5	10	4
731	-7.8	0	2	5	10	0	5	10	4
732	-7.5	0	2	5	10	0	5	10	4
733	-7.2	0	2	5	10	0	5	10	4
734	-6.9	0	2	5	10	0	5	10	4
735	-6.6	0	2	5	10	0	5	10	4
736	-6.3	0	2	5	10	0	5	10	4
737	-5.8	0	2	5	10	0	5	10	4
738	-5.5	0	2	5	10	0	5	10	4
739	-5.2	0	2	5	10	0	5	10	4
740	-4.9	0	2	5	10	0	5	10	4
741	-4.6	0	2	5	10	0	5	10	4
742	-4.3	0	2	5	10	0	5	10	4
743	-2.4	0	2	5	10	0	5	10	4
744	-2.1	0	2	5	10	0	5	10	4
745	-10.9	0	2	5	12	0	3	10	4
746	-10.6	0	2	5	12	0	3	10	4
747	-10.3	0	2	5	12	0	3	10	4
748	-9.5	0	2	5	12	0	3	10	4
749	-9.2	0	2	5	12	0	3	10	4
750	-8.9	0	2	5	12	0	3	10	4
751	-8.6	0	2	5	12	0	3	10	4
752	-8.3	0	2	5	12	0	3	10	4
753	-7.8	0	2	5	12	0	3	10	4
754	-7.5	0	2	5	12	0	3	10	4
755	-7.2	0	2	5	12	0	3	10	4
756	-6.9	0	2	5	12	0	3	10	4
757	-6.6	0	2	5	12	0	3	10	4
758	-6.3	0	2	5	12	0	3	10	4
759	-12.6	0	2	5	14	0	7	10	4
760	-12.3	0	2	5	14	0	7	10	4
761	-11.2	0	2	5	14	0	7	10	4
762	-10.9	0	2	5	14	0	7	10	4
763	-10.6	0	2	5	14	0	7	10	4
764	-10.3	0	2	5	14	0	7	10	4
765	-9.5	0	2	5	14	0	7	10	4
766	-9.2	0	2	5	14	0	7	10	4
767	-8.9	0	2	5	14	0	7	10	4
768	-8.6	0	2	5	14	0	7	10	4
769	-7.5	0	2	5	14	0	7	10	4
770	-7.2	0	2	5	14	0	7	10	4
771	-12.6	0	2	6	2	0	4	6	4
772	-12.3	0	2	6	2	0	4	6	4
773	-11.2	0	2	6	2	0	4	6	4
774	-10.9	0	2	6	2	0	4	6	4
775	-10.6	0	2	6	2	0	4	6	4
776	-10.3	0	2	6	2	0	4	6	4
777	-10	0	2	6	2	0	4	6	4
778	-9.5	0	2	6	2	0	4	6	4
779	-9.2	0	2	6	2	0	4	6	4
780	-8.9	0	2	6	2	0	4	6	4
781	-8.6	0	2	6	2	0	4	6	4
782	-8.3	0	2	6	2	0	4	6	4
783	-7.8	0	2	6	2	0	4	6	4
784	-7.5	0	2	6	2	0	4	6	4
785	-7.2	0	2	6	2	0	4	6	4
786	-6.9	0	2	6	2	0	4	6	4
787	-6.6	0	2	6	2	0	4	6	4
788	-12.6	0	2	6	4	0	2	6	4
789	-12.3	0	2	6	4	0	2	6	4
790	-12	0	2	6	4	0	2	6	4
791	-11.2	0	2	6	4	0	2	6	4
792	-10.9	0	2	6	4	0	2	6	4
793	-10.6	0	2	6	4	0	2	6	4
794	-10.3	0	2	6	4	0	2	6	4
795	-10	0	2	6	4	0	2	6	4
796	-9.5	0	2	6	4	0	2	6	4
797	-9.2	0	2	6	4	0	2	6	4
798	-8.9	0	2	6	4	0	2	6	4
799	-8.6	0	2	6	4	0	2	6	4
800	-8.3	0	2	6	4	0	2	6	4
801	-8	0	2	6	4	0	2	6	4
802	-7.8	0	2	6	4	0	2	6	4
803	-7.5	0	2	6	4	0	2	6	4
804	-7.2	0	2	6	4	0	2	6	4
805	-6.9	0	2	6	4	0	2	6	4
806	-6.6	0	2	6	4	0	2	6	4
807	-14.3	0	2	6	6	0	6	6	4
808	-14	0	2	6	6	0	6	6	4
809	-12.9	0	2	6	6	0	6	6	4
810	-12.6	0	2	6	6	0	6	6	4
811	-12.3	0	2	6	6	0	6	6	4
812	-12	0	2	6	6	0	6	6	4
813	-11.2	0	2	6	6	0	6	6	4
814	-10.9	0	2	6	6	0	6	6	4
815	-10.6	0	2	6	6	0	6	6	4
816	-10.3	0	2	6	6	0	6	6	4
817	-10	0	2	6	6	0	6	6	4
818	-9.5	0	2	6	6	0	6	6	4
819	-9.2	0	2	6	6	0	6	6	4
820	-8.9	0	2	6	6	0	6	6	4
821	-8.6	0	2	6	6	0	6	6	4
822	-8.3	0	2	6	6	0	6	6	4
823	-7.8	0	2	6	6	0	6	6	4
824	-7.5	0	2	6	6	0	6	6	4
825	-12.6	0	2	7	10	0	5	14	4
826	-12.3	0	2	7	10	0	5	14	4
827	-11.2	0	2	7	10	0	5	14	4
828	-10.9	0	2	7	10	0	5	14	4
829	-10.6	0	2	7	10	0	5	14	4
830	-10.3	0	2	7	10	0	5	14	4
831	-9.5	0	2	7	10	0	5	14	4
832	-9.2	0	2	7	10	0	5	14	4
833	-8.9	0	2	7	10	0	5	14	4
834	-8.6	0	2	7	10	0	5	14	4
835	-7.5	0	2	7	10	0	5	14	4
836	-7.2	0	2	7	10	0	5	14	4
837	-12.6	0	2	7	12	0	3	14	4
838	-12.3	0	2	7	12	0	3	14	4
839	-12	0	2	7	12	0	3	14	4
840	-11.2	0	2	7	12	0	3	14	4
841	-10.9	0	2	7	12	0	3	14	4
842	-10.6	0	2	7	12	0	3	14	4
843	-10.3	0	2	7	12	0	3	14	4
844	-10	0	2	7	12	0	3	14	4
845	-9.5	0	2	7	12	0	3	14	4
846	-9.2	0	2	7	12	0	3	14	4
847	-8.9	0	2	7	12	0	3	14	4
848	-8.6	0	2	7	12	0	3	14	4
849	-8.3	0	2	7	12	0	3	14	4
850	-8	0	2	7	12	0	3	14	4
851	-14.3	0	2	7	14	0	7	14	4
852	-14	0	2	7	14	0	7	14	4
853	-12.9	0	2	7	14	0	7	14	4
854	-12.6	0	2	7	14	0	7	14	4
855	-12.3	0	2	7	14	0	7	14	4
856	-12	0	2	7	14	0	7	14	4
857	-11.2	0	2	7	14	0	7	14	4
858	-10.9	0	2	7	14	0	7	14	4
859	-10.6	0	2	7	14	0	7	14	4
860	-10.3	0	2	7	14	0	7	14	4
861	-10	0	2	7	14	0	7	14	4
862	-8.6	0	2	7	14	0	7	14	4
863	-8.3	0	2	7	14	0	7	14	4
864	-10.6	0	3	8	2	0	4	1	12
865	-10.3	0	3	8	2	0	4	1	12
866	-9.2	0	3	8	2	0	4	1	12
867	-8.9	0	3	8	2	0	4	1	12
868	-8.6	0	3	8	2	0	4	1	12
869	-8.3	0	3	8	2	0	4	1	12
870	-8	0	3	8	2	0	4	1	12
871	-7.5	0	3	8	2	0	4	1	12
872	-7.2	0	3	8	2	0	4	1	12
873	-6.9	0	3	8	2	0	4	1	12
874	-6.6	0	3	8	2	0	4	1	12
875	-12.3	0	3	8	6	0	6	1	12
876	-12	0	3	8	6	0	6	1	12
877	-10.9	0	3	8	6	0	6	1	12
878	-10.6	0	3	8	6	0	6	1	12
879	-10.3	0	3	8	6	0	6	1	12
880	-10	0	3	8	6	0	6	1	12
881	-9.2	0	3	8	6	0	6	1	12
882	-8.9	0	3	8	6	0	6	1	12
883	-8.6	0	3	8	6	0	6	1	12
884	-8.3	0	3	8	6	0	6	1	12
885	-8	0	3	8	6	0	6	1	12
886	-7.5	0	3	8	6	0	6	1	12
887	-7.2	0	3	8	6	0	6	1	12
888	-6.9	0	3	8	6	0	6	1	12
889	-10.6	0	3	9	10	0	5	9	12
890	-8.9	0	3	9	10	0	5	9	12
891	-8.6	0	3	9	10	0	5	9	12
892	-8.3	0	3	9	10	0	5	9	12
893	-10.6	0	3	9	12	0	3	9	12
894	-10.3	0	3	9	12	0	3	9	12
895	-10	0	3	9	12	0	3	9	12
896	-8.9	0	3	9	12	0	3	9	12
897	-8.3	0	3	9	12	0	3	9	12
898	-12.3	0	3	9	14	0	7	9	12
899	-10.6	0	3	9	14	0	7	9	12
900	-10.3	0	3	9	14	0	7	9	12
901	-10	0	3	9	14	0	7	9	12
902	-8.9	0	3	9	14	0	7	9	12
903	-8	0	3	9	14	0	7	9	12
904	-10.9	0	3	10	2	0	4	5	12
905	-10.6	0	3	10	2	0	4	5	12
906	-9.2	0	3	10	2	0	4	5	12
907	-8.9	0	3	10	2	0	4	5	12
908	-8.6	0	3	10	2	0	4	5	12
909	-8.3	0	3	10	2	0	4	5	12
910	-7.2	0	3	10	2	0	4	5	12
911	-6.9	0	3	10	2	0	4	5	12
912	-12.6	0	3	10	6	0	6	5	12
913	-12.3	0	3	10	6	0	6	5	12
914	-11.2	0	3	10	6	0	6	5	12
915	-10.9	0	3	10	6	0	6	5	12
916	-10.6	0	3	10	6	0	6	5	12
917	-10.3	0	3	10	6	0	6	5	12
918	-10	0	3	10	6	0	6	5	12
919	-9.5	0	3	10	6	0	6	5	12
920	-9.2	0	3	10	6	0	6	5	12
921	-8.9	0	3	10	6	0	6	5	12
922	-8.6	0	3	10	6	0	6	5	12
923	-8.3	0	3	10	6	0	6	5	12
924	-10.3	0	3	11	14	0	7	13	12
925	-10.9	0	3	12	2	0	4	3	12
926	-10.6	0	3	12	2	0	4	3	12
927	-10.3	0	3	12	2	0	4	3	12
928	-10	0	3	12	2	0	4	3	12
929	-9.2	0	3	12	2	0	4	3	12
930	-8.9	0	3	12	2	0	4	3	12
931	-8.6	0	3	12	2	0	4	3	12
932	-8.3	0	3	12	2	0	4	3	12
933	-6.9	0	3	12	2	0	4	3	12
934	-6.3	0	3	12	2	0	4	3	12
935	-12.6	0	3	12	6	0	6	3	12
936	-12.3	0	3	12	6	0	6	3	12
937	-10.9	0	3	12	6	0	6	3	12
938	-10.6	0	3	12	6	0	6	3	12
939	-10.3	0	3	12	6	0	6	3	12
940	-10	0	3	12	6	0	6	3	12
941	-8.9	0	3	12	6	0	6	3	12
942	-8.6	0	3	12	6	0	6	3	12
943	-8.3	0	3	12	6	0	6	3	12
944	-8	0	3	12	6	0	6	3	12
945	-10.9	0	3	13	10	0	5	11	12
946	-10.3	0	3	13	10	0	5	11	12
947	-9.2	0	3	13	10	0	5	11	12
948	-8.9	0	3	13	10	0	5	11	12
949	-8.6	0	3	13	10	0	5	11	12
950	-8.3	0	3	13	10	0	5	11	12
951	-12.6	0	3	13	14	0	7	11	12
952	-10.9	0	3	13	14	0	7	11	12
953	-12.6	0	3	14	2	0	4	7	12
954	-12.3	0	3	14	2	0	4	7	12
955	-10.9	0	3	14	2	0	4	7	12
956	-10.6	0	3	14	2	0	4	7	12
957	-10.3	0	3	14	2	0	4	7	12
958	-10	0	3	14	2	0	4	7	12
959	-8.9	0	3	14	2	0	4	7	12
960	-8.6	0	3	14	2	0	4	7	12
961	-8.3	0	3	14	2	0	4	7	12
962	-14.3	0	3	14	6	0	6	7	12
963	-14	0	3	14	6	0	6	7	12
964	-12.9	0	3	14	6	0	6	7	12
965	-12.6	0	3	14	6	0	6	7	12
966	-12.3	0	3	14	6	0	6	7	12
967	-12	0	3	14	6	0	6	7	12
968	-11.2	0	3	14	6	0	6	7	12
969	-10.9	0	3	14	6	0	6	7	12
970	-10.6	0	3	14	6	0	6	7	12
971	-10.3	0	3	14	6	0	6	7	12
972	-10	0	3	14	6	0	6	7	12
973	-9.5	0	3	14	6	0	6	7	12
974	-8.9	0	3	14	6	0	6	7	12
975	-8.3	0	3	14	6	0	6	7	12
976	-10.3	0	3	15	10	0	5	15	12
977	-12.6	0	3	15	12	0	3	15	12
978	-12.3	0	3	15	12	0	3	15	12
979	-12	0	3	15	12	0	3	15	12
980	-10.3	0	3	15	12	0	3	15	12
981	-14.3	0	3	15	14	0	7	15	12
982	-14	0	3	15	14	0	7	15	12
983	-12.9	0	3	15	14	0	7	15	12
984	-12.6	0	3	15	14	0	7	15	12
985	-12.3	0	3	15	14	0	7	15	12
986	-12	0	3	15	14	0	7	15	12
987	-11.2	0	3	15	14	0	7	15	12
988	-10.9	0	3	15	14	0	7	15	12
989	-10.6	0	3	15	14	0	7	15	12
990	-10	0	3	15	14	0	7	15	12
991	-10.6	0	4	1	10	0	5	8	2
992	-10.3	0	4	1	10	0	5	8	2
993	-9.2	0	4	1	10	0	5	8	2
994	-8.9	0	4	1	10	0	5	8	2
995	-8.6	0	4	1	10	0	5	8	2
996	-8.3	0	4	1	10	0	5	8	2
997	-7.8	0	4	1	10	0	5	8	2
998	-7.5	0	4	1	10	0	5	8	2
999	-7.2	0	4	1	10	0	5	8	2
1000	-6.9	0	4	1	10	0	5	8	2
1001	-6.6	0	4	1	10	0	5	8	2
1002	-6.3	0	4	1	10	0	5	8	2
1003	-6	0	4	1	10	0	5	8	2
1004	-5.8	0	4	1	10	0	5	8	2
1005	-5.5	0	4	1	10	0	5	8	2
1006	-5.2	0	4	1	10	0	5	8	2
1007	-12.3	0	4	1	14	0	7	8	2
1008	-12	0	4	1	14	0	7	8	2
1009	-10.9	0	4	1	14	0	7	8	2
1010	-10.6	0	4	1	14	0	7	8	2
1011	-10.3	0	4	1	14	0	7	8	2
1012	-10	0	4	1	14	0	7	8	2
1013	-9.5	0	4	1	14	0	7	8	2
1014	-9.2	0	4	1	14	0	7	8	2
1015	-8.9	0	4	1	14	0	7	8	2
1016	-8.6	0	4	1	14	0	7	8	2
1017	-8.3	0	4	1	14	0	7	8	2
1018	-8	0	4	1	14	0	7	8	2
1019	-7.8	0	4	1	14	0	7	8	2
1020	-7.5	0	4	1	14	0	7	8	2
1021	-6.9	0	4	1	14	0	7	8	2
1022	-6.6	0	4	1	14	0	7	8	2
1023	-6.3	0	4	1	14	0	7	8	2
1024	-10.9	0	4	2	2	0	4	4	2
1025	-10.6	0	4	2	2	0	4	4	2
1026	-10.3	0	4	2	2	0	4	4	2
1027	-10	0	4	2	2	0	4	4	2
1028	-9.5	0	4	2	2	0	4	4	2
1029	-9.2	0	4	2	2	0	4	4	2
1030	-8.9	0	4	2	2	0	4	4	2
1031	-8.6	0	4	2	2	0	4	4	2
1032	-8.3	0	4	2	2	0	4	4	2
1033	-7.8	0	4	2	2	0	4	4	2
1034	-7.5	0	4	2	2	0	4	4	2
1035	-7.2	0	4	2	2	0	4	4	2
1036	-6.9	0	4	2	2	0	4	4	2
1037	-6.6	0	4	2	2	0	4	4	2
1038	-6.3	0	4	2	2	0	4	4	2
1039	-5.8	0	4	2	2	0	4	4	2
1040	-5.5	0	4	2	2	0	4	4	2
1041	-5.2	0	4	2	2	0	4	4	2
1042	-4.9	0	4	2	2	0	4	4	2
1043	-12.6	0	4	2	6	0	6	4	2
1044	-12.3	0	4	2	6	0	6	4	2
1045	-12	0	4	2	6	0	6	4	2
1046	-11.2	0	4	2	6	0	6	4	2
1047	-10.9	0	4	2	6	0	6	4	2
1048	-10.6	0	4	2	6	0	6	4	2
1049	-10.3	0	4	2	6	0	6	4	2
1050	-10	0	4	2	6	0	6	4	2
1051	-9.5	0	4	2	6	0	6	4	2
1052	-9.2	0	4	2	6	0	6	4	2
1053	-8.9	0	4	2	6	0	6	4	2
1054	-8.6	0	4	2	6	0	6	4	2
1055	-8.3	0	4	2	6	0	6	4	2
1056	-7.8	0	4	2	6	0	6	4	2
1057	-7.5	0	4	2	6	0	6	4	2
1058	-7.2	0	4	2	6	0	6	4	2
1059	-6.9	0	4	2	6	0	6	4	2
1060	-6.6	0	4	2	6	0	6	4	2
1061	-5.8	0	4	2	6	0	6	4	2
1062	-10.9	0	4	3	10	0	5	12	2
1063	-10.6	0	4	3	10	0	5	12	2
1064	-10.3	0	4	3	10	0	5	12	2
1065	-9.5	0	4	3	10	0	5	12	2
1066	-9.2	0	4	3	10	0	5	12	2
1067	-8.9	0	4	3	10	0	5	12	2
1068	-8.6	0	4	3	10	0	5	12	2
1069	-8.3	0	4	3	10	0	5	12	2
1070	-8	0	4	3	10	0	5	12	2
1071	-7.5	0	4	3	10	0	5	12	2
1072	-6.9	0	4	3	10	0	5	12	2
1073	-12.6	0	4	3	14	0	7	12	2
1074	-12.3	0	4	3	14	0	7	12	2
1075	-11.2	0	4	3	14	0	7	12	2
1076	-10.9	0	4	3	14	0	7	12	2
1077	-10.6	0	4	3	14	0	7	12	2
1078	-10.3	0	4	3	14	0	7	12	2
1079	-10	0	4	3	14	0	7	12	2
1080	-9.5	0	4	3	14	0	7	12	2
1081	-9.2	0	4	3	14	0	7	12	2
1082	-8.6	0	4	3	14	0	7	12	2
1083	-8.3	0	4	3	14	0	7	12	2
1084	-6.6	0	4	3	14	0	7	12	2
1085	-12.6	0	4	4	6	0	6	2	2
1086	-12.3	0	4	4	6	0	6	2	2
1087	-12	0	4	4	6	0	6	2	2
1088	-11.2	0	4	4	6	0	6	2	2
1089	-10.9	0	4	4	6	0	6	2	2
1090	-10.6	0	4	4	6	0	6	2	2
1091	-10.3	0	4	4	6	0	6	2	2
1092	-9.5	0	4	4	6	0	6	2	2
1093	-9.2	0	4	4	6	0	6	2	2
1094	-8.9	0	4	4	6	0	6	2	2
1095	-8.6	0	4	4	6	0	6	2	2
1096	-8.3	0	4	4	6	0	6	2	2
1097	-8	0	4	4	6	0	6	2	2
1098	-7.5	0	4	4	6	0	6	2	2
1099	-7.2	0	4	4	6	0	6	2	2
1100	-10.9	0	4	5	10	0	5	10	2
1101	-10.6	0	4	5	10	0	5	10	2
1102	-10.3	0	4	5	10	0	5	10	2
1103	-10	0	4	5	10	0	5	10	2
1104	-9.5	0	4	5	10	0	5	10	2
1105	-9.2	0	4	5	10	0	5	10	2
1106	-8.9	0	4	5	10	0	5	10	2
1107	-8.6	0	4	5	10	0	5	10	2
1108	-8.3	0	4	5	10	0	5	10	2
1109	-7.8	0	4	5	10	0	5	10	2
1110	-7.5	0	4	5	10	0	5	10	2
1111	-7.2	0	4	5	10	0	5	10	2
1112	-6.9	0	4	5	10	0	5	10	2
1113	-6.6	0	4	5	10	0	5	10	2
1114	-6.3	0	4	5	10	0	5	10	2
1115	-12.6	0	4	5	14	0	7	10	2
1116	-12.3	0	4	5	14	0	7	10	2
1117	-10.9	0	4	5	14	0	7	10	2
1118	-10.6	0	4	5	14	0	7	10	2
1119	-10.3	0	4	5	14	0	7	10	2
1120	-8.9	0	4	5	14	0	7	10	2
1121	-8.3	0	4	5	14	0	7	10	2
1122	-12.6	0	4	6	2	0	4	6	2
1123	-12.3	0	4	6	2	0	4	6	2
1124	-12	0	4	6	2	0	4	6	2
1125	-11.2	0	4	6	2	0	4	6	2
1126	-10.9	0	4	6	2	0	4	6	2
1127	-10.6	0	4	6	2	0	4	6	2
1128	-10.3	0	4	6	2	0	4	6	2
1129	-9.5	0	4	6	2	0	4	6	2
1130	-9.2	0	4	6	2	0	4	6	2
1131	-8.9	0	4	6	2	0	4	6	2
1132	-8.6	0	4	6	2	0	4	6	2
1133	-8.3	0	4	6	2	0	4	6	2
1134	-8	0	4	6	2	0	4	6	2
1135	-7.5	0	4	6	2	0	4	6	2
1136	-7.2	0	4	6	2	0	4	6	2
1137	-6.6	0	4	6	2	0	4	6	2
1138	-14.3	0	4	6	6	0	6	6	2
1139	-14	0	4	6	6	0	6	6	2
1140	-12.9	0	4	6	6	0	6	6	2
1141	-12.6	0	4	6	6	0	6	6	2
1142	-12.3	0	4	6	6	0	6	6	2
1143	-11.2	0	4	6	6	0	6	6	2
1144	-10.9	0	4	6	6	0	6	6	2
1145	-10.6	0	4	6	6	0	6	6	2
1146	-10.3	0	4	6	6	0	6	6	2
1147	-9.5	0	4	6	6	0	6	6	2
1148	-9.2	0	4	6	6	0	6	6	2
1149	-8.9	0	4	6	6	0	6	6	2
1150	-8.6	0	4	6	6	0	6	6	2
1151	-8.3	0	4	6	6	0	6	6	2
1152	-7.5	0	4	6	6	0	6	6	2
1153	-7.2	0	4	6	6	0	6	6	2
1154	-12.3	0	4	7	10	0	5	14	2
1155	-11.2	0	4	7	10	0	5	14	2
1156	-10.9	0	4	7	10	0	5	14	2
1157	-10.6	0	4	7	10	0	5	14	2
1158	-10.3	0	4	7	10	0	5	14	2
1159	-9.5	0	4	7	10	0	5	14	2
1160	-9.2	0	4	7	10	0	5	14	2
1161	-8.9	0	4	7	10	0	5	14	2
1162	-8.6	0	4	7	10	0	5	14	2
1163	-8.3	0	4	7	10	0	5	14	2
1164	-14.3	0	4	7	14	0	7	14	2
1165	-14	0	4	7	14	0	7	14	2
1166	-12.9	0	4	7	14	0	7	14	2
1167	-12.6	0	4	7	14	0	7	14	2
1168	-12.3	0	4	7	14	0	7	14	2
1169	-11.2	0	4	7	14	0	7	14	2
1170	-10.9	0	4	7	14	0	7	14	2
1171	-10.6	0	4	7	14	0	7	14	2
1172	-10.3	0	4	7	14	0	7	14	2
1173	-8.3	0	4	7	14	0	7	14	2
1174	-12.3	0	5	8	6	0	6	1	10
1175	-10.9	0	5	8	6	0	6	1	10
1176	-10.6	0	5	8	6	0	6	1	10
1177	-10.3	0	5	8	6	0	6	1	10
1178	-10	0	5	8	6	0	6	1	10
1179	-9.5	0	5	8	6	0	6	1	10
1180	-9.2	0	5	8	6	0	6	1	10
1181	-8.9	0	5	8	6	0	6	1	10
1182	-8.6	0	5	8	6	0	6	1	10
1183	-8.3	0	5	8	6	0	6	1	10
1184	-8	0	5	8	6	0	6	1	10
1185	-7.5	0	5	8	6	0	6	1	10
1186	-7.2	0	5	8	6	0	6	1	10
1187	-6.9	0	5	8	6	0	6	1	10
1188	-6.6	0	5	8	6	0	6	1	10
1189	-6.3	0	5	8	6	0	6	1	10
1190	-10.6	0	5	9	10	0	5	9	10
1191	-9.2	0	5	9	10	0	5	9	10
1192	-8.9	0	5	9	10	0	5	9	10
1193	-8.6	0	5	9	10	0	5	9	10
1194	-7.2	0	5	9	10	0	5	9	10
1195	-12.3	0	5	9	14	0	7	9	10
1196	-10.9	0	5	9	14	0	7	9	10
1197	-10.6	0	5	9	14	0	7	9	10
1198	-9.2	0	5	9	14	0	7	9	10
1199	-8.9	0	5	9	14	0	7	9	10
1200	-12.6	0	5	10	6	0	6	5	10
1201	-12	0	5	10	6	0	6	5	10
1202	-11.2	0	5	10	6	0	6	5	10
1203	-10.9	0	5	10	6	0	6	5	10
1204	-10.6	0	5	10	6	0	6	5	10
1205	-10.3	0	5	10	6	0	6	5	10
1206	-10	0	5	10	6	0	6	5	10
1207	-9.5	0	5	10	6	0	6	5	10
1208	-9.2	0	5	10	6	0	6	5	10
1209	-8.9	0	5	10	6	0	6	5	10
1210	-8.6	0	5	10	6	0	6	5	10
1211	-7.5	0	5	10	6	0	6	5	10
1212	-7.2	0	5	10	6	0	6	5	10
1213	-6.9	0	5	10	6	0	6	5	10
1214	-10.3	0	5	11	10	0	5	13	10
1215	-8.6	0	5	11	10	0	5	13	10
1216	-12.6	0	5	12	6	0	6	3	10
1217	-12.3	0	5	12	6	0	6	3	10
1218	-11.2	0	5	12	6	0	6	3	10
1219	-10.9	0	5	12	6	0	6	3	10
1220	-10.6	0	5	12	6	0	6	3	10
1221	-10	0	5	12	6	0	6	3	10
1222	-8.9	0	5	12	6	0	6	3	10
1223	-8.3	0	5	12	6	0	6	3	10
1224	-12.6	0	5	13	14	0	7	11	10
1225	-10.9	0	5	13	14	0	7	11	10
1226	-10.6	0	5	13	14	0	7	11	10
1227	-14.3	0	5	14	6	0	6	7	10
1228	-12.9	0	5	14	6	0	6	7	10
1229	-12.6	0	5	14	6	0	6	7	10
1230	-12.3	0	5	14	6	0	6	7	10
1231	-11.2	0	5	14	6	0	6	7	10
1232	-10.9	0	5	14	6	0	6	7	10
1233	-10.6	0	5	14	6	0	6	7	10
1234	-10.3	0	5	14	6	0	6	7	10
1235	-8.6	0	5	14	6	0	6	7	10
1236	-12.6	0	5	15	14	0	7	15	10
1237	-14	0	6	0	6	0	6	0	6
1238	-12.6	0	6	0	6	0	6	0	6
1239	-12.3	0	6	0	6	0	6	0	6
1240	-12	0	6	0	6	0	6	0	6
1241	-11.2	0	6	0	6	0	6	0	6
1242	-10.9	0	6	0	6	0	6	0	6
1243	-10.6	0	6	0	6	0	6	0	6
1244	-10.3	0	6	0	6	0	6	0	6
1245	-10	0	6	0	6	0	6	0	6
1246	-9.5	0	6	0	6	0	6	0	6
1247	-9.2	0	6	0	6	0	6	0	6
1248	-8.9	0	6	0	6	0	6	0	6
1249	-8.6	0	6	0	6	0	6	0	6
1250	-8.3	0	6	0	6	0	6	0	6
1251	-7.8	0	6	0	6	0	6	0	6
1252	-7.5	0	6	0	6	0	6	0	6
1253	-7.2	0	6	0	6	0	6	0	6
1254	-6.9	0	6	0	6	0	6	0	6
1255	-6.6	0	6	0	6	0	6	0	6
1256	-12.6	0	6	1	14	0	7	8	6
1257	-12.3	0	6	1	14	0	7	8	6
1258	-11.2	0	6	1	14	0	7	8	6
1259	-10.9	0	6	1	14	0	7	8	6
1260	-10.6	0	6	1	14	0	7	8	6
1261	-10.3	0	6	1	14	0	7	8	6
1262	-10	0	6	1	14	0	7	8	6
1263	-9.5	0	6	1	14	0	7	8	6
1264	-9.2	0	6	1	14	0	7	8	6
1265	-8.9	0	6	1	14	0	7	8	6
1266	-8.6	0	6	1	14	0	7	8	6
1267	-8.3	0	6	1	14	0	7	8	6
1268	-14.3	0	6	2	6	0	6	4	6
1269	-14	0	6	2	6	0	6	4	6
1270	-12.9	0	6	2	6	0	6	4	6
1271	-12.6	0	6	2	6	0	6	4	6
1272	-12.3	0	6	2	6	0	6	4	6
1273	-11.2	0	6	2	6	0	6	4	6
1274	-10.9	0	6	2	6	0	6	4	6
1275	-10.6	0	6	2	6	0	6	4	6
1276	-10.3	0	6	2	6	0	6	4	6
1277	-10	0	6	2	6	0	6	4	6
1278	-9.5	0	6	2	6	0	6	4	6
1279	-9.2	0	6	2	6	0	6	4	6
1280	-8.9	0	6	2	6	0	6	4	6
1281	-8.6	0	6	2	6	0	6	4	6
1282	-8.3	0	6	2	6	0	6	4	6
1283	-7.5	0	6	2	6	0	6	4	6
1284	-14.3	0	6	3	14	0	7	12	6
1285	-14	0	6	3	14	0	7	12	6
1286	-12.9	0	6	3	14	0	7	12	6
1287	-12.6	0	6	3	14	0	7	12	6
1288	-12.3	0	6	3	14	0	7	12	6
1289	-11.2	0	6	3	14	0	7	12	6
1290	-10.9	0	6	3	14	0	7	12	6
1291	-10.6	0	6	3	14	0	7	12	6
1292	-10.3	0	6	3	14	0	7	12	6
1293	-14.3	0	6	5	14	0	7	10	6
1294	-12.9	0	6	5	14	0	7	10	6
1295	-12.6	0	6	5	14	0	7	10	6
1296	-12.3	0	6	5	14	0	7	10	6
1297	-11.2	0	6	5	14	0	7	10	6
1298	-10.9	0	6	5	14	0	7	10	6
1299	-10.6	0	6	5	14	0	7	10	6
1300	-10.3	0	6	5	14	0	7	10	6
1301	-8.9	0	6	5	14	0	7	10	6
1302	-8.6	0	6	5	14	0	7	10	6
1303	-16	0	6	6	6	0	6	6	6
1304	-14.6	0	6	6	6	0	6	6	6
1305	-14.3	0	6	6	6	0	6	6	6
1306	-14	0	6	6	6	0	6	6	6
1307	-12.9	0	6	6	6	0	6	6	6
1308	-12.6	0	6	6	6	0	6	6	6
1309	-12.3	0	6	6	6	0	6	6	6
1310	-12	0	6	6	6	0	6	6	6
1311	-11.2	0	6	6	6	0	6	6	6
1312	-10.9	0	6	6	6	0	6	6	6
1313	-10.6	0	6	6	6	0	6	6	6
1314	-10.3	0	6	6	6	0	6	6	6
1315	-10	0	6	6	6	0	6	6	6
1316	-9.5	0	6	6	6	0	6	6	6
1317	-9.2	0	6	6	6	0	6	6	6
1318	-8.9	0	6	6	6	0	6	6	6
1319	-8.6	0	6	6	6	0	6	6	6
1320	-16	0	6	7	14	0	7	14	6
1321	-14.6	0	6	7	14	0	7	14	6
1322	-14.3	0	6	7	14	0	7	14	6
1323	-14	0	6	7	14	0	7	14	6
1324	-12.9	0	6	7	14	0	7	14	6
1325	-12.6	0	6	7	14	0	7	14	6
1326	-12.3	0	6	7	14	0	7	14	6
1327	-12	0	6	7	14	0	7	14	6
1328	-11.2	0	6	7	14	0	7	14	6
1329	-10.9	0	6	7	14	0	7	14	6
1330	-10.3	0	6	7	14	0	7	14	6
1331	-10	0	6	7	14	0	7	14	6
1332	-12.6	0	7	9	14	0	7	9	14
1333	-12.3	0	7	9	14	0	7	9	14
1334	-10	0	7	9	14	0	7	9	14
1335	-14.3	0	7	11	14	0	7	13	14
1336	-16	0	7	15	14	0	7	15	14
1337	-14.6	0	7	15	14	0	7	15	14
1338	-14.3	0	7	15	14	0	7	15	14
1339	-14	0	7	15	14	0	7	15	14
1340	-12.9	0	7	15	14	0	7	15	14
1341	-12.6	0	7	15	14	0	7	15	14
1342	-6.9	1	8	1	8	1	8	1	8
1343	-4.9	1	8	1	8	1	8	1	8
1344	-8.9	1	8	1	10	1	8	5	8
1345	-8.6	1	8	1	10	1	8	5	8
1346	-7.2	1	8	1	10	1	8	5	8
1347	-6.9	1	8	1	10	1	8	5	8
1348	-6.6	1	8	1	10	1	8	5	8
1349	-5.2	1	8	1	10	1	8	5	8
1350	-4.9	1	8	1	10	1	8	5	8
1351	-4.6	1	8	1	10	1	8	5	8
1352	-4.3	1	8	1	10	1	8	5	8
1353	-8.9	1	8	1	12	1	8	3	8
1354	-8.6	1	8	1	12	1	8	3	8
1355	-7.2	1	8	1	12	1	8	3	8
1356	-6.9	1	8	1	12	1	8	3	8
1357	-6.6	1	8	1	12	1	8	3	8
1358	-6.3	1	8	1	12	1	8	3	8
1359	-10.6	1	8	1	14	1	8	7	8
1360	-10.3	1	8	1	14	1	8	7	8
1361	-9.2	1	8	1	14	1	8	7	8
1362	-8.9	1	8	1	14	1	8	7	8
1363	-8.6	1	8	1	14	1	8	7	8
1364	-8	1	8	1	14	1	8	7	8
1365	-7.2	1	8	1	14	1	8	7	8
1366	-6.3	1	8	1	14	1	8	7	8
1367	-6	1	8	1	14	1	8	7	8
1368	-9.2	1	8	2	2	1	8	4	4
1369	-8.9	1	8	2	2	1	8	4	4
1370	-8.6	1	8	2	2	1	8	4	4
1371	-8.3	1	8	2	2	1	8	4	4
1372	-7.5	1	8	2	2	1	8	4	4
1373	-7.2	1	8	2	2	1	8	4	4
1374	-6.9	1	8	2	2	1	8	4	4
1375	-6.6	1	8	2	2	1	8	4	4
1376	-6	1	8	2	2	1	8	4	4
1377	-5.2	1	8	2	2	1	8	4	4
1378	-9.2	1	8	2	4	1	8	2	4
1379	-8.9	1	8	2	4	1	8	2	4
1380	-8.6	1	8	2	4	1	8	2	4
1381	-8.3	1	8	2	4	1	8	2	4
1382	-7.5	1	8	2	4	1	8	2	4
1383	-7.2	1	8	2	4	1	8	2	4
1384	-6.9	1	8	2	4	1	8	2	4
1385	-6.6	1	8	2	4	1	8	2	4
1386	-6.3	1	8	2	4	1	8	2	4
1387	-5.2	1	8	2	4	1	8	2	4
1388	-4	1	8	2	4	1	8	2	4
1389	-10.9	1	8	2	6	1	8	6	4
1390	-10.6	1	8	2	6	1	8	6	4
1391	-9.5	1	8	2	6	1	8	6	4
1392	-9.2	1	8	2	6	1	8	6	4
1393	-8.9	1	8	2	6	1	8	6	4
1394	-8.6	1	8	2	6	1	8	6	4
1395	-8.3	1	8	2	6	1	8	6	4
1396	-8	1	8	2	6	1	8	6	4
1397	-7.5	1	8	2	6	1	8	6	4
1398	-7.2	1	8	2	6	1	8	6	4
1399	-6.9	1	8	2	6	1	8	6	4
1400	-6.6	1	8	2	6	1	8	6	4
1401	-8.9	1	8	3	10	1	8	5	12
1402	-4	1	8	3	12	1	8	3	12
1403	-10.6	1	8	3	14	1	8	7	12
1404	-8	1	8	3	14	1	8	7	12
1405	-9.2	1	8	4	2	1	8	4	2
1406	-8.9	1	8	4	2	1	8	4	2
1407	-8.6	1	8	4	2	1	8	4	2
1408	-8.3	1	8	4	2	1	8	4	2
1409	-7.8	1	8	4	2	1	8	4	2
1410	-7.5	1	8	4	2	1	8	4	2
1411	-7.2	1	8	4	2	1	8	4	2
1412	-6.9	1	8	4	2	1	8	4	2
1413	-6.6	1	8	4	2	1	8	4	2
1414	-6.1	1	8	4	2	1	8	4	2
1415	-5.8	1	8	4	2	1	8	4	2
1416	-10.9	1	8	4	6	1	8	6	2
1417	-10.6	1	8	4	6	1	8	6	2
1418	-10.3	1	8	4	6	1	8	6	2
1419	-9.5	1	8	4	6	1	8	6	2
1420	-9.2	1	8	4	6	1	8	6	2
1421	-8.9	1	8	4	6	1	8	6	2
1422	-8.6	1	8	4	6	1	8	6	2
1423	-8.3	1	8	4	6	1	8	6	2
1424	-7.2	1	8	4	6	1	8	6	2
1425	-6.9	1	8	4	6	1	8	6	2
1426	-6.6	1	8	4	6	1	8	6	2
1427	-6.3	1	8	4	6	1	8	6	2
1428	-8.9	1	8	5	10	1	8	5	10
1429	-8.3	1	8	5	10	1	8	5	10
1430	-7.5	1	8	5	10	1	8	5	10
1431	-10.9	1	8	5	14	1	8	7	10
1432	-10.6	1	8	5	14	1	8	7	10
1433	-9.2	1	8	5	14	1	8	7	10
1434	-8.9	1	8	5	14	1	8	7	10
1435	-8.6	1	8	5	14	1	8	7	10
1436	-8.3	1	8	5	14	1	8	7	10
1437	-6.6	1	8	5	14	1	8	7	10
1438	-12.3	1	8	6	6	1	8	6	6
1439	-11.2	1	8	6	6	1	8	6	6
1440	-10.9	1	8	6	6	1	8	6	6
1441	-10.6	1	8	6	6	1	8	6	6
1442	-10.3	1	8	6	6	1	8	6	6
1443	-9.5	1	8	6	6	1	8	6	6
1444	-8.9	1	8	6	6	1	8	6	6
1445	-8.3	1	8	6	6	1	8	6	6
1446	-12.3	1	8	7	14	1	8	7	14
1447	-7.2	1	9	8	2	1	9	8	4
1448	-6.9	1	9	8	2	1	9	8	4
1449	-10.6	1	9	8	6	1	9	8	6
1450	-9.2	1	9	8	6	1	9	8	6
1451	-8.9	1	9	8	6	1	9	8	6
1452	-8.6	1	9	8	6	1	9	8	6
1453	-7.2	1	9	8	6	1	9	8	6
1454	-8.9	1	9	10	2	4	5	9	8
1455	-8.6	1	9	10	2	4	5	9	8
1456	-9.2	1	9	10	4	2	5	9	8
1457	-8.9	1	9	10	4	2	5	9	8
1458	-8.6	1	9	10	4	2	5	9	8
1459	-8.3	1	9	10	4	2	5	9	8
1460	-6.9	1	9	10	4	2	5	9	8
1461	-10.9	1	9	10	6	5	9	8	6
1462	-10.6	1	9	10	6	5	9	8	6
1463	-10.3	1	9	10	6	5	9	8	6
1464	-8	1	9	10	6	5	9	8	6
1465	-10.6	1	9	12	6	3	9	8	6
1466	-8.6	1	9	13	8	1	11	9	8
1467	-10.9	1	9	14	2	4	7	9	8
1468	-10.6	1	9	14	2	4	7	9	8
1469	-10.6	1	9	14	4	2	7	9	8
1470	-12.3	1	9	14	6	6	7	9	8
1471	-12.3	1	9	15	14	7	15	9	8
1472	-10.6	1	10	1	10	5	8	5	8
1473	-8.9	1	10	1	10	5	8	5	8
1474	-8.6	1	10	1	10	5	8	5	8
1475	-8.3	1	10	1	10	5	8	5	8
1476	-7.8	1	10	1	10	5	8	5	8
1477	-7.2	1	10	1	10	5	8	5	8
1478	-6.9	1	10	1	10	5	8	5	8
1479	-6.6	1	10	1	10	5	8	5	8
1480	-5.5	1	10	1	10	5	8	5	8
1481	-5.2	1	10	1	10	5	8	5	8
1482	-10.6	1	10	1	12	3	8	5	8
1483	-10.3	1	10	1	12	3	8	5	8
1484	-9.2	1	10	1	12	3	8	5	8
1485	-8.9	1	10	1	12	3	8	5	8
1486	-8.6	1	10	1	12	3	8	5	8
1487	-8.3	1	10	1	12	3	8	5	8
1488	-7.2	1	10	1	12	3	8	5	8
1489	-6.9	1	10	1	12	3	8	5	8
1490	-6.6	1	10	1	12	3	8	5	8
1491	-6.3	1	10	1	12	3	8	5	8
1492	-12.3	1	10	1	14	5	8	7	8
1493	-10.9	1	10	1	14	5	8	7	8
1494	-10.6	1	10	1	14	5	8	7	8
1495	-10.3	1	10	1	14	5	8	7	8
1496	-10	1	10	1	14	5	8	7	8
1497	-9.2	1	10	1	14	5	8	7	8
1498	-8.9	1	10	1	14	5	8	7	8
1499	-8.6	1	10	1	14	5	8	7	8
1500	-8.3	1	10	1	14	5	8	7	8
1501	-6.6	1	10	1	14	5	8	7	8
1502	-10.9	1	10	2	2	4	4	5	8
1503	-10.6	1	10	2	2	4	4	5	8
1504	-10.3	1	10	2	2	4	4	5	8
1505	-9.5	1	10	2	2	4	4	5	8
1506	-9.2	1	10	2	2	4	4	5	8
1507	-8.9	1	10	2	2	4	4	5	8
1508	-8.6	1	10	2	2	4	4	5	8
1509	-8.3	1	10	2	2	4	4	5	8
1510	-7.2	1	10	2	2	4	4	5	8
1511	-6.9	1	10	2	2	4	4	5	8
1512	-6.3	1	10	2	2	4	4	5	8
1513	-10.9	1	10	2	4	2	4	5	8
1514	-10.6	1	10	2	4	2	4	5	8
1515	-9.5	1	10	2	4	2	4	5	8
1516	-9.2	1	10	2	4	2	4	5	8
1517	-8.9	1	10	2	4	2	4	5	8
1518	-8.6	1	10	2	4	2	4	5	8
1519	-8.3	1	10	2	4	2	4	5	8
1520	-8	1	10	2	4	2	4	5	8
1521	-7.8	1	10	2	4	2	4	5	8
1522	-7.5	1	10	2	4	2	4	5	8
1523	-7.2	1	10	2	4	2	4	5	8
1524	-6.9	1	10	2	4	2	4	5	8
1525	-12.6	1	10	2	6	4	5	8	6
1526	-12.3	1	10	2	6	4	5	8	6
1527	-11.2	1	10	2	6	4	5	8	6
1528	-10.9	1	10	2	6	4	5	8	6
1529	-10.6	1	10	2	6	4	5	8	6
1530	-10.3	1	10	2	6	4	5	8	6
1531	-9.2	1	10	2	6	4	5	8	6
1532	-8.9	1	10	2	6	4	5	8	6
1533	-8.6	1	10	2	6	4	5	8	6
1534	-8.9	1	10	3	8	1	12	5	8
1535	-10.6	1	10	3	10	5	8	5	12
1536	-10.9	1	10	3	12	3	12	5	8
1537	-8.9	1	10	3	12	3	12	5	8
1538	-8.3	1	10	3	12	3	12	5	8
1539	-8	1	10	3	12	3	12	5	8
1540	-12.3	1	10	3	14	5	8	7	12
1541	-10.9	1	10	3	14	5	8	7	12
1542	-10.3	1	10	3	14	5	8	7	12
1543	-10.9	1	10	4	2	2	5	8	4
1544	-10.6	1	10	4	2	2	5	8	4
1545	-10.3	1	10	4	2	2	5	8	4
1546	-9.5	1	10	4	2	2	5	8	4
1547	-9.2	1	10	4	2	2	5	8	4
1548	-8.9	1	10	4	2	2	5	8	4
1549	-8.6	1	10	4	2	2	5	8	4
1550	-8.3	1	10	4	2	2	5	8	4
1551	-7.8	1	10	4	2	2	5	8	4
1552	-7.5	1	10	4	2	2	5	8	4
1553	-7.2	1	10	4	2	2	5	8	4
1554	-6.9	1	10	4	2	2	5	8	4
1555	-5.8	1	10	4	2	2	5	8	4
1556	-5.5	1	10	4	2	2	5	8	4
1557	-5.2	1	10	4	2	2	5	8	4
1558	-10.9	1	10	4	4	2	2	5	8
1559	-10.6	1	10	4	4	2	2	5	8
1560	-9.5	1	10	4	4	2	2	5	8
1561	-9.2	1	10	4	4	2	2	5	8
1562	-8.9	1	10	4	4	2	2	5	8
1563	-8.6	1	10	4	4	2	2	5	8
1564	-8.3	1	10	4	4	2	2	5	8
1565	-7.5	1	10	4	4	2	2	5	8
1566	-7.2	1	10	4	4	2	2	5	8
1567	-6.9	1	10	4	4	2	2	5	8
1568	-6.6	1	10	4	4	2	2	5	8
1569	-6.3	1	10	4	4	2	2	5	8
1570	-5.8	1	10	4	4	2	2	5	8
1571	-12.6	1	10	4	6	2	5	8	6
1572	-12.3	1	10	4	6	2	5	8	6
1573	-11.2	1	10	4	6	2	5	8	6
1574	-10.9	1	10	4	6	2	5	8	6
1575	-10.6	1	10	4	6	2	5	8	6
1576	-10.3	1	10	4	6	2	5	8	6
1577	-9.5	1	10	4	6	2	5	8	6
1578	-9.2	1	10	4	6	2	5	8	6
1579	-8.9	1	10	4	6	2	5	8	6
1580	-8.6	1	10	4	6	2	5	8	6
1581	-7.5	1	10	4	6	2	5	8	6
1582	-7.2	1	10	4	6	2	5	8	6
1583	-9.2	1	10	5	8	1	10	5	8
1584	-8.9	1	10	5	8	1	10	5	8
1585	-8.6	1	10	5	8	1	10	5	8
1586	-7.5	1	10	5	8	1	10	5	8
1587	-7.2	1	10	5	8	1	10	5	8
1588	-6.9	1	10	5	8	1	10	5	8
1589	-6.6	1	10	5	8	1	10	5	8
1590	-5.5	1	10	5	8	1	10	5	8
1591	-10.9	1	10	5	10	5	8	5	10
1592	-10.3	1	10	5	10	5	8	5	10
1593	-9.5	1	10	5	10	5	8	5	10
1594	-9.2	1	10	5	10	5	8	5	10
1595	-8.9	1	10	5	10	5	8	5	10
1596	-8.6	1	10	5	10	5	8	5	10
1597	-8.3	1	10	5	10	5	8	5	10
1598	-7.8	1	10	5	10	5	8	5	10
1599	-7.5	1	10	5	10	5	8	5	10
1600	-7.2	1	10	5	10	5	8	5	10
1601	-6.9	1	10	5	10	5	8	5	10
1602	-5.8	1	10	5	10	5	8	5	10
1603	-5.5	1	10	5	10	5	8	5	10
1604	-5.2	1	10	5	10	5	8	5	10
1605	-4.9	1	10	5	10	5	8	5	10
1606	-10.9	1	10	5	12	3	10	5	8
1607	-10.6	1	10	5	12	3	10	5	8
1608	-9.2	1	10	5	12	3	10	5	8
1609	-8.9	1	10	5	12	3	10	5	8
1610	-8.3	1	10	5	12	3	10	5	8
1611	-7.5	1	10	5	12	3	10	5	8
1612	-6.6	1	10	5	12	3	10	5	8
1613	-12.6	1	10	5	14	5	8	7	10
1614	-10.9	1	10	5	14	5	8	7	10
1615	-10.6	1	10	5	14	5	8	7	10
1616	-12.6	1	10	6	2	4	6	5	8
1617	-12.3	1	10	6	2	4	6	5	8
1618	-11.2	1	10	6	2	4	6	5	8
1619	-10.9	1	10	6	2	4	6	5	8
1620	-10.6	1	10	6	2	4	6	5	8
1621	-10.3	1	10	6	2	4	6	5	8
1622	-10	1	10	6	2	4	6	5	8
1623	-9.5	1	10	6	2	4	6	5	8
1624	-9.2	1	10	6	2	4	6	5	8
1625	-8.9	1	10	6	2	4	6	5	8
1626	-8.6	1	10	6	2	4	6	5	8
1627	-7.5	1	10	6	2	4	6	5	8
1628	-7.2	1	10	6	2	4	6	5	8
1629	-12.6	1	10	6	4	2	6	5	8
1630	-12.3	1	10	6	4	2	6	5	8
1631	-11.2	1	10	6	4	2	6	5	8
1632	-10.9	1	10	6	4	2	6	5	8
1633	-10.6	1	10	6	4	2	6	5	8
1634	-10.3	1	10	6	4	2	6	5	8
1635	-10	1	10	6	4	2	6	5	8
1636	-9.5	1	10	6	4	2	6	5	8
1637	-9.2	1	10	6	4	2	6	5	8
1638	-8.9	1	10	6	4	2	6	5	8
1639	-8.6	1	10	6	4	2	6	5	8
1640	-8.3	1	10	6	4	2	6	5	8
1641	-8	1	10	6	4	2	6	5	8
1642	-14.3	1	10	6	6	5	8	6	6
1643	-12.9	1	10	6	6	5	8	6	6
1644	-12.6	1	10	6	6	5	8	6	6
1645	-12.3	1	10	6	6	5	8	6	6
1646	-12	1	10	6	6	5	8	6	6
1647	-11.2	1	10	6	6	5	8	6	6
1648	-10.9	1	10	6	6	5	8	6	6
1649	-10.6	1	10	6	6	5	8	6	6
1650	-10.3	1	10	6	6	5	8	6	6
1651	-10.9	1	10	7	8	1	14	5	8
1652	-10.6	1	10	7	8	1	14	5	8
1653	-9.2	1	10	7	8	1	14	5	8
1654	-8.9	1	10	7	8	1	14	5	8
1655	-10.9	1	10	7	10	5	8	5	14
1656	-10.3	1	10	7	10	5	8	5	14
1657	-12.6	1	10	7	12	3	14	5	8
1658	-12.3	1	10	7	12	3	14	5	8
1659	-10.9	1	10	7	12	3	14	5	8
1660	-10.6	1	10	7	12	3	14	5	8
1661	-10.3	1	10	7	12	3	14	5	8
1662	-10	1	10	7	12	3	14	5	8
1663	-8.3	1	10	7	12	3	14	5	8
1664	-8	1	10	7	12	3	14	5	8
1665	-14.3	1	10	7	14	5	8	7	14
1666	-12.6	1	10	7	14	5	8	7	14
1667	-12.3	1	10	7	14	5	8	7	14
1668	-12	1	10	7	14	5	8	7	14
1669	-10.3	1	10	7	14	5	8	7	14
1670	-10.6	1	11	8	2	1	13	8	4
1671	-8.9	1	11	8	2	1	13	8	4
1672	-8.6	1	11	8	2	1	13	8	4
1673	-8.3	1	11	8	2	1	13	8	4
1674	-10.6	1	11	8	4	1	13	8	2
1675	-10.3	1	11	8	4	1	13	8	2
1676	-9.2	1	11	8	4	1	13	8	2
1677	-8.9	1	11	8	4	1	13	8	2
1678	-8.6	1	11	8	4	1	13	8	2
1679	-8.3	1	11	8	4	1	13	8	2
1680	-7.2	1	11	8	4	1	13	8	2
1681	-10.9	1	11	8	6	1	13	8	6
1682	-10.6	1	11	8	6	1	13	8	6
1683	-8.9	1	11	8	6	1	13	8	6
1684	-8.9	1	11	9	10	5	9	13	8
1685	-10.6	1	11	10	2	4	5	13	8
1686	-8.6	1	11	10	2	4	5	13	8
1687	-10.9	1	11	10	4	2	5	13	8
1688	-10.6	1	11	10	4	2	5	13	8
1689	-9.2	1	11	10	4	2	5	13	8
1690	-8.6	1	11	10	4	2	5	13	8
1691	-12.6	1	11	10	6	5	13	8	6
1692	-11.2	1	11	10	6	5	13	8	6
1693	-10.9	1	11	10	6	5	13	8	6
1694	-10.6	1	11	12	2	3	13	8	4
1695	-10.3	1	11	12	2	3	13	8	4
1696	-12.6	1	11	12	6	3	13	8	6
1697	-12.3	1	11	14	2	4	7	13	8
1698	-11.2	1	11	14	4	2	7	13	8
1699	-10.3	1	11	14	4	2	7	13	8
1700	-14.3	1	11	14	6	6	7	13	8
1701	-12.9	1	11	14	6	6	7	13	8
1702	-10.6	1	12	1	12	3	8	3	8
1703	-10.3	1	12	1	12	3	8	3	8
1704	-8.9	1	12	1	12	3	8	3	8
1705	-8.3	1	12	1	12	3	8	3	8
1706	-8	1	12	1	12	3	8	3	8
1707	-12.3	1	12	1	14	3	8	7	8
1708	-12	1	12	1	14	3	8	7	8
1709	-10.9	1	12	1	14	3	8	7	8
1710	-10.6	1	12	1	14	3	8	7	8
1711	-10.3	1	12	1	14	3	8	7	8
1712	-8.9	1	12	1	14	3	8	7	8
1713	-10.9	1	12	2	2	3	8	4	4
1714	-10.6	1	12	2	2	3	8	4	4
1715	-10.3	1	12	2	2	3	8	4	4
1716	-10	1	12	2	2	3	8	4	4
1717	-9.5	1	12	2	2	3	8	4	4
1718	-9.2	1	12	2	2	3	8	4	4
1719	-8.9	1	12	2	2	3	8	4	4
1720	-8.6	1	12	2	2	3	8	4	4
1721	-8.3	1	12	2	2	3	8	4	4
1722	-7.8	1	12	2	2	3	8	4	4
1723	-10.9	1	12	2	4	2	4	3	8
1724	-10.6	1	12	2	4	2	4	3	8
1725	-10.3	1	12	2	4	2	4	3	8
1726	-10	1	12	2	4	2	4	3	8
1727	-9.5	1	12	2	4	2	4	3	8
1728	-9.2	1	12	2	4	2	4	3	8
1729	-8.9	1	12	2	4	2	4	3	8
1730	-8.6	1	12	2	4	2	4	3	8
1731	-8.3	1	12	2	4	2	4	3	8
1732	-7.5	1	12	2	4	2	4	3	8
1733	-6.9	1	12	2	4	2	4	3	8
1734	-6.6	1	12	2	4	2	4	3	8
1735	-12.6	1	12	2	6	3	8	6	4
1736	-12.3	1	12	2	6	3	8	6	4
1737	-12	1	12	2	6	3	8	6	4
1738	-11.2	1	12	2	6	3	8	6	4
1739	-10.9	1	12	2	6	3	8	6	4
1740	-10.6	1	12	2	6	3	8	6	4
1741	-10.3	1	12	2	6	3	8	6	4
1742	-10	1	12	2	6	3	8	6	4
1743	-9.5	1	12	2	6	3	8	6	4
1744	-9.2	1	12	2	6	3	8	6	4
1745	-8.6	1	12	2	6	3	8	6	4
1746	-8.3	1	12	2	6	3	8	6	4
1747	-8.3	1	12	3	8	1	12	3	8
1748	-10.3	1	12	3	10	3	8	5	12
1749	-8.6	1	12	3	10	3	8	5	12
1750	-8.3	1	12	3	10	3	8	5	12
1751	-8	1	12	3	10	3	8	5	12
1752	-10.9	1	12	3	12	3	8	3	12
1753	-10.6	1	12	3	12	3	8	3	12
1754	-10.3	1	12	3	12	3	8	3	12
1755	-10	1	12	3	12	3	8	3	12
1756	-9.2	1	12	3	12	3	8	3	12
1757	-8.6	1	12	3	12	3	8	3	12
1758	-8.3	1	12	3	12	3	8	3	12
1759	-12.3	1	12	3	14	3	8	7	12
1760	-10.3	1	12	3	14	3	8	7	12
1761	-10.9	1	12	4	2	2	3	8	4
1762	-10.6	1	12	4	2	2	3	8	4
1763	-10.3	1	12	4	2	2	3	8	4
1764	-10	1	12	4	2	2	3	8	4
1765	-9.2	1	12	4	2	2	3	8	4
1766	-8.9	1	12	4	2	2	3	8	4
1767	-8.6	1	12	4	2	2	3	8	4
1768	-8.3	1	12	4	2	2	3	8	4
1769	-6.9	1	12	4	2	2	3	8	4
1770	-10.9	1	12	4	4	2	2	3	8
1771	-10.6	1	12	4	4	2	2	3	8
1772	-10.3	1	12	4	4	2	2	3	8
1773	-9.5	1	12	4	4	2	2	3	8
1774	-9.2	1	12	4	4	2	2	3	8
1775	-8.9	1	12	4	4	2	2	3	8
1776	-8.6	1	12	4	4	2	2	3	8
1777	-8.3	1	12	4	4	2	2	3	8
1778	-6.9	1	12	4	4	2	2	3	8
1779	-12.6	1	12	4	6	2	3	8	6
1780	-12.3	1	12	4	6	2	3	8	6
1781	-12	1	12	4	6	2	3	8	6
1782	-11.2	1	12	4	6	2	3	8	6
1783	-10.9	1	12	4	6	2	3	8	6
1784	-10.6	1	12	4	6	2	3	8	6
1785	-10.3	1	12	4	6	2	3	8	6
1786	-9.5	1	12	4	6	2	3	8	6
1787	-9.2	1	12	4	6	2	3	8	6
1788	-8.6	1	12	4	6	2	3	8	6
1789	-10.6	1	12	5	10	3	8	5	10
1790	-10	1	12	5	10	3	8	5	10
1791	-9.2	1	12	5	10	3	8	5	10
1792	-8.6	1	12	5	10	3	8	5	10
1793	-6.9	1	12	5	10	3	8	5	10
1794	-10.6	1	12	5	12	3	8	3	10
1795	-8.6	1	12	5	12	3	8	3	10
1796	-12.6	1	12	5	14	3	8	7	10
1797	-12.3	1	12	5	14	3	8	7	10
1798	-10.9	1	12	5	14	3	8	7	10
1799	-10.6	1	12	5	14	3	8	7	10
1800	-12.3	1	12	6	2	3	8	4	6
1801	-12	1	12	6	2	3	8	4	6
1802	-10.9	1	12	6	2	3	8	4	6
1803	-10.6	1	12	6	2	3	8	4	6
1804	-8.3	1	12	6	2	3	8	4	6
1805	-12.3	1	12	6	4	2	6	3	8
1806	-11.2	1	12	6	4	2	6	3	8
1807	-10.9	1	12	6	4	2	6	3	8
1808	-10.6	1	12	6	4	2	6	3	8
1809	-10.3	1	12	6	4	2	6	3	8
1810	-10	1	12	6	4	2	6	3	8
1811	-9.5	1	12	6	4	2	6	3	8
1812	-9.2	1	12	6	4	2	6	3	8
1813	-8.6	1	12	6	4	2	6	3	8
1814	-14.3	1	12	6	6	3	8	6	6
1815	-14	1	12	6	6	3	8	6	6
1816	-12.9	1	12	6	6	3	8	6	6
1817	-12.6	1	12	6	6	3	8	6	6
1818	-12.3	1	12	6	6	3	8	6	6
1819	-11.2	1	12	6	6	3	8	6	6
1820	-10.9	1	12	6	6	3	8	6	6
1821	-10.6	1	12	6	6	3	8	6	6
1822	-10.3	1	12	6	6	3	8	6	6
1823	-10	1	12	6	6	3	8	6	6
1824	-12.3	1	12	7	10	3	8	5	14
1825	-12.3	1	12	7	12	3	8	3	14
1826	-14	1	12	7	14	3	8	7	14
1827	-10.6	1	13	9	12	3	9	11	8
1828	-10.6	1	13	10	2	4	5	11	8
1829	-10.3	1	13	10	2	4	5	11	8
1830	-10	1	13	10	2	4	5	11	8
1831	-8.6	1	13	10	2	4	5	11	8
1832	-10.9	1	13	10	4	2	5	11	8
1833	-10	1	13	10	4	2	5	11	8
1834	-9.2	1	13	10	4	2	5	11	8
1835	-8.9	1	13	10	4	2	5	11	8
1836	-8.6	1	13	10	4	2	5	11	8
1837	-12.6	1	13	10	6	5	11	8	6
1838	-12	1	13	10	6	5	11	8	6
1839	-10.9	1	13	10	6	5	11	8	6
1840	-10.6	1	13	10	6	5	11	8	6
1841	-10.3	1	13	10	6	5	11	8	6
1842	-10.3	1	13	12	2	3	11	8	4
1843	-12.6	1	13	12	6	3	11	8	6
1844	-12.3	1	13	14	2	4	7	11	8
1845	-12.3	1	13	14	4	2	7	11	8
1846	-10.9	1	13	14	4	2	7	11	8
1847	-12.9	1	13	14	6	6	7	11	8
1848	-12.6	1	14	1	14	7	8	7	8
1849	-12.3	1	14	1	14	7	8	7	8
1850	-10.3	1	14	1	14	7	8	7	8
1851	-12.6	1	14	2	2	4	4	7	8
1852	-12.3	1	14	2	2	4	4	7	8
1853	-12	1	14	2	2	4	4	7	8
1854	-10.9	1	14	2	2	4	4	7	8
1855	-10.6	1	14	2	2	4	4	7	8
1856	-10.3	1	14	2	2	4	4	7	8
1857	-9.2	1	14	2	2	4	4	7	8
1858	-8.6	1	14	2	2	4	4	7	8
1859	-12.6	1	14	2	4	2	4	7	8
1860	-12.3	1	14	2	4	2	4	7	8
1861	-11.2	1	14	2	4	2	4	7	8
1862	-10.9	1	14	2	4	2	4	7	8
1863	-10.6	1	14	2	4	2	4	7	8
1864	-10.3	1	14	2	4	2	4	7	8
1865	-10	1	14	2	4	2	4	7	8
1866	-9.5	1	14	2	4	2	4	7	8
1867	-9.2	1	14	2	4	2	4	7	8
1868	-8.9	1	14	2	4	2	4	7	8
1869	-8.6	1	14	2	4	2	4	7	8
1870	-8.3	1	14	2	4	2	4	7	8
1871	-14.3	1	14	2	6	4	7	8	6
1872	-14	1	14	2	6	4	7	8	6
1873	-12.9	1	14	2	6	4	7	8	6
1874	-12.6	1	14	2	6	4	7	8	6
1875	-12.3	1	14	2	6	4	7	8	6
1876	-11.2	1	14	2	6	4	7	8	6
1877	-10.9	1	14	2	6	4	7	8	6
1878	-10.6	1	14	2	6	4	7	8	6
1879	-10.3	1	14	2	6	4	7	8	6
1880	-10	1	14	2	6	4	7	8	6
1881	-8.9	1	14	2	6	4	7	8	6
1882	-12.6	1	14	3	10	5	12	7	8
1883	-12.3	1	14	3	10	5	12	7	8
1884	-10.9	1	14	3	10	5	12	7	8
1885	-10.6	1	14	3	10	5	12	7	8
1886	-10	1	14	3	10	5	12	7	8
1887	-12.6	1	14	3	12	3	12	7	8
1888	-10.9	1	14	3	12	3	12	7	8
1889	-10.3	1	14	3	12	3	12	7	8
1890	-10	1	14	3	12	3	12	7	8
1891	-14.3	1	14	3	14	7	8	7	12
1892	-14	1	14	3	14	7	8	7	12
1893	-10.3	1	14	3	14	7	8	7	12
1894	-12.6	1	14	4	2	2	7	8	4
1895	-12.3	1	14	4	2	2	7	8	4
1896	-12	1	14	4	2	2	7	8	4
1897	-11.2	1	14	4	2	2	7	8	4
1898	-10.9	1	14	4	2	2	7	8	4
1899	-10.6	1	14	4	2	2	7	8	4
1900	-10.3	1	14	4	2	2	7	8	4
1901	-10	1	14	4	2	2	7	8	4
1902	-9.5	1	14	4	2	2	7	8	4
1903	-9.2	1	14	4	2	2	7	8	4
1904	-8.9	1	14	4	2	2	7	8	4
1905	-8.6	1	14	4	2	2	7	8	4
1906	-7.5	1	14	4	2	2	7	8	4
1907	-6.6	1	14	4	2	2	7	8	4
1908	-12.6	1	14	4	4	2	2	7	8
1909	-12.3	1	14	4	4	2	2	7	8
1910	-10.9	1	14	4	4	2	2	7	8
1911	-10.6	1	14	4	4	2	2	7	8
1912	-10.3	1	14	4	4	2	2	7	8
1913	-8.9	1	14	4	4	2	2	7	8
1914	-8.6	1	14	4	4	2	2	7	8
1915	-8.3	1	14	4	4	2	2	7	8
1916	-8	1	14	4	4	2	2	7	8
1917	-14.3	1	14	4	6	2	7	8	6
1918	-14	1	14	4	6	2	7	8	6
1919	-12.9	1	14	4	6	2	7	8	6
1920	-12.6	1	14	4	6	2	7	8	6
1921	-12.3	1	14	4	6	2	7	8	6
1922	-11.2	1	14	4	6	2	7	8	6
1923	-10.9	1	14	4	6	2	7	8	6
1924	-10.6	1	14	4	6	2	7	8	6
1925	-9.2	1	14	4	6	2	7	8	6
1926	-8.6	1	14	4	6	2	7	8	6
1927	-12.6	1	14	5	10	5	10	7	8
1928	-12	1	14	5	10	5	10	7	8
1929	-10.9	1	14	5	10	5	10	7	8
1930	-10.6	1	14	5	10	5	10	7	8
1931	-10.3	1	14	5	10	5	10	7	8
1932	-10	1	14	5	10	5	10	7	8
1933	-12.6	1	14	5	12	3	10	7	8
1934	-12.3	1	14	5	12	3	10	7	8
1935	-10.9	1	14	5	12	3	10	7	8
1936	-10.6	1	14	5	12	3	10	7	8
1937	-10.3	1	14	5	12	3	10	7	8
1938	-14.3	1	14	5	14	7	8	7	10
1939	-12.6	1	14	5	14	7	8	7	10
1940	-12.3	1	14	5	14	7	8	7	10
1941	-14.3	1	14	6	2	4	6	7	8
1942	-14	1	14	6	2	4	6	7	8
1943	-12.9	1	14	6	2	4	6	7	8
1944	-12.6	1	14	6	2	4	6	7	8
1945	-12.3	1	14	6	2	4	6	7	8
1946	-11.2	1	14	6	2	4	6	7	8
1947	-10.9	1	14	6	2	4	6	7	8
1948	-10.6	1	14	6	2	4	6	7	8
1949	-14.3	1	14	6	4	2	6	7	8
1950	-14	1	14	6	4	2	6	7	8
1951	-12.9	1	14	6	4	2	6	7	8
1952	-12.6	1	14	6	4	2	6	7	8
1953	-12.3	1	14	6	4	2	6	7	8
1954	-12	1	14	6	4	2	6	7	8
1955	-11.2	1	14	6	4	2	6	7	8
1956	-10.9	1	14	6	4	2	6	7	8
1957	-10.6	1	14	6	4	2	6	7	8
1958	-10.3	1	14	6	4	2	6	7	8
1959	-10	1	14	6	4	2	6	7	8
1960	-8.6	1	14	6	4	2	6	7	8
1961	-16	1	14	6	6	6	6	7	8
1962	-14.6	1	14	6	6	6	6	7	8
1963	-14.3	1	14	6	6	6	6	7	8
1964	-14	1	14	6	6	6	6	7	8
1965	-12.9	1	14	6	6	6	6	7	8
1966	-12.6	1	14	6	6	6	6	7	8
1967	-12	1	14	6	6	6	6	7	8
1968	-11.2	1	14	6	6	6	6	7	8
1969	-10.3	1	14	6	6	6	6	7	8
1970	-12.3	1	14	7	8	1	14	7	8
1971	-10.3	1	14	7	8	1	14	7	8
1972	-8.3	1	14	7	8	1	14	7	8
1973	-12.6	1	14	7	10	5	14	7	8
1974	-14.3	1	14	7	12	3	14	7	8
1975	-14	1	14	7	12	3	14	7	8
1976	-12.6	1	14	7	12	3	14	7	8
1977	-12.3	1	14	7	12	3	14	7	8
1978	-12	1	14	7	12	3	14	7	8
1979	-16	1	14	7	14	7	8	7	14
1980	-14.3	1	14	7	14	7	8	7	14
1981	-14	1	14	7	14	7	8	7	14
1982	-10.9	1	15	8	2	1	15	8	4
1983	-10.6	1	15	8	2	1	15	8	4
1984	-10	1	15	8	2	1	15	8	4
1985	-12.6	1	15	8	6	1	15	8	6
1986	-12.3	1	15	8	6	1	15	8	6
1987	-12.3	1	15	9	14	7	9	15	8
1988	-12.6	1	15	10	2	4	5	15	8
1989	-12.3	1	15	10	2	4	5	15	8
1990	-10.3	1	15	10	2	4	5	15	8
1991	-12.6	1	15	10	4	2	5	15	8
1992	-12.3	1	15	10	4	2	5	15	8
1993	-10.9	1	15	10	4	2	5	15	8
1994	-14.3	1	15	10	6	5	15	8	6
1995	-14.3	1	15	11	14	7	13	15	8
1996	-12.6	1	15	12	4	2	3	15	8
1997	-12.3	1	15	12	4	2	3	15	8
1998	-10.3	1	15	12	4	2	3	15	8
1999	-14.3	1	15	12	6	3	15	8	6
2000	-14	1	15	12	6	3	15	8	6
2001	-14	1	15	14	2	4	7	15	8
2002	-14.3	1	15	14	4	2	7	15	8
2003	-14	1	15	14	4	2	7	15	8
2004	-12.6	1	15	14	4	2	7	15	8
2005	-12.3	1	15	14	4	2	7	15	8
2006	-12	1	15	14	4	2	7	15	8
2007	-10.3	1	15	14	4	2	7	15	8
2008	-10	1	15	14	4	2	7	15	8
2009	-16	1	15	14	6	6	7	15	8
2010	-14.6	1	15	14	6	6	7	15	8
2011	-12.9	1	15	14	6	6	7	15	8
2012	-12.3	1	15	15	8	1	15	15	8
2013	-11.2	2	2	2	2	4	4	4	4
2014	-10.9	2	2	2	2	4	4	4	4
2015	-10.6	2	2	2	2	4	4	4	4
2016	-9.5	2	2	2	2	4	4	4	4
2017	-9.2	2	2	2	2	4	4	4	4
2018	-8.9	2	2	2	2	4	4	4	4
2019	-8.6	2	2	2	2	4	4	4	4
2020	-7.5	2	2	2	2	4	4	4	4
2021	-7.2	2	2	2	2	4	4	4	4
2022	-6.9	2	2	2	2	4	4	4	4
2023	-6.6	2	2	2	2	4	4	4	4
2024	-11.2	2	2	2	4	2	4	4	4
2025	-10.9	2	2	2	4	2	4	4	4
2026	-10.6	2	2	2	4	2	4	4	4
2027	-10.3	2	2	2	4	2	4	4	4
2028	-10	2	2	2	4	2	4	4	4
2029	-9.5	2	2	2	4	2	4	4	4
2030	-9.2	2	2	2	4	2	4	4	4
2031	-8.9	2	2	2	4	2	4	4	4
2032	-8.6	2	2	2	4	2	4	4	4
2033	-8.3	2	2	2	4	2	4	4	4
2034	-7.8	2	2	2	4	2	4	4	4
2035	-7.5	2	2	2	4	2	4	4	4
2036	-7.2	2	2	2	4	2	4	4	4
2037	-6.9	2	2	2	4	2	4	4	4
2038	-6.6	2	2	2	4	2	4	4	4
2039	-5.8	2	2	2	4	2	4	4	4
2040	-12.9	2	2	2	6	4	4	4	6
2041	-12.6	2	2	2	6	4	4	4	6
2042	-12.3	2	2	2	6	4	4	4	6
2043	-11.2	2	2	2	6	4	4	4	6
2044	-10.9	2	2	2	6	4	4	4	6
2045	-10.6	2	2	2	6	4	4	4	6
2046	-10.3	2	2	2	6	4	4	4	6
2047	-9.5	2	2	2	6	4	4	4	6
2048	-9.2	2	2	2	6	4	4	4	6
2049	-8.9	2	2	2	6	4	4	4	6
2050	-8.6	2	2	2	6	4	4	4	6
2051	-7.8	2	2	2	6	4	4	4	6
2052	-7.5	2	2	2	6	4	4	4	6
2053	-11.2	2	2	3	10	4	4	5	12
2054	-10.9	2	2	3	10	4	4	5	12
2055	-10.6	2	2	3	10	4	4	5	12
2056	-9.2	2	2	3	10	4	4	5	12
2057	-8.9	2	2	3	10	4	4	5	12
2058	-8.6	2	2	3	10	4	4	5	12
2059	-10.9	2	2	3	12	3	12	4	4
2060	-10.6	2	2	3	12	3	12	4	4
2061	-10	2	2	3	12	3	12	4	4
2062	-8.9	2	2	3	12	3	12	4	4
2063	-12.9	2	2	3	14	4	4	7	12
2064	-12.6	2	2	3	14	4	4	7	12
2065	-11.2	2	2	3	14	4	4	7	12
2066	-10.6	2	2	3	14	4	4	7	12
2067	-10.3	2	2	3	14	4	4	7	12
2068	-11.2	2	2	4	4	2	2	4	4
2069	-10.9	2	2	4	4	2	2	4	4
2070	-10.6	2	2	4	4	2	2	4	4
2071	-10.3	2	2	4	4	2	2	4	4
2072	-9.5	2	2	4	4	2	2	4	4
2073	-9.2	2	2	4	4	2	2	4	4
2074	-8.9	2	2	4	4	2	2	4	4
2075	-8.6	2	2	4	4	2	2	4	4
2076	-8.3	2	2	4	4	2	2	4	4
2077	-7.5	2	2	4	4	2	2	4	4
2078	-7.2	2	2	4	4	2	2	4	4
2079	-6.6	2	2	4	4	2	2	4	4
2080	-5.5	2	2	4	4	2	2	4	4
2081	-5.2	2	2	4	4	2	2	4	4
2082	-12.9	2	2	4	6	2	4	4	6
2083	-12.6	2	2	4	6	2	4	4	6
2084	-12.3	2	2	4	6	2	4	4	6
2085	-11.2	2	2	4	6	2	4	4	6
2086	-10.9	2	2	4	6	2	4	4	6
2087	-10.6	2	2	4	6	2	4	4	6
2088	-10.3	2	2	4	6	2	4	4	6
2089	-10	2	2	4	6	2	4	4	6
2090	-9.5	2	2	4	6	2	4	4	6
2091	-9.2	2	2	4	6	2	4	4	6
2092	-8.9	2	2	4	6	2	4	4	6
2093	-8.6	2	2	4	6	2	4	4	6
2094	-8.3	2	2	4	6	2	4	4	6
2095	-7.8	2	2	4	6	2	4	4	6
2096	-7.5	2	2	4	6	2	4	4	6
2097	-7.2	2	2	4	6	2	4	4	6
2098	-6.9	2	2	4	6	2	4	4	6
2099	-6.3	2	2	4	6	2	4	4	6
2100	-11.2	2	2	5	10	4	4	5	10
2101	-10.9	2	2	5	10	4	4	5	10
2102	-10.6	2	2	5	10	4	4	5	10
2103	-10.3	2	2	5	10	4	4	5	10
2104	-10	2	2	5	10	4	4	5	10
2105	-9.5	2	2	5	10	4	4	5	10
2106	-9.2	2	2	5	10	4	4	5	10
2107	-8.9	2	2	5	10	4	4	5	10
2108	-8.6	2	2	5	10	4	4	5	10
2109	-7.5	2	2	5	10	4	4	5	10
2110	-7.2	2	2	5	10	4	4	5	10
2111	-6.6	2	2	5	10	4	4	5	10
2112	-11.2	2	2	5	12	3	10	4	4
2113	-10.9	2	2	5	12	3	10	4	4
2114	-10.6	2	2	5	12	3	10	4	4
2115	-9.5	2	2	5	12	3	10	4	4
2116	-9.2	2	2	5	12	3	10	4	4
2117	-8.9	2	2	5	12	3	10	4	4
2118	-8.6	2	2	5	12	3	10	4	4
2119	-8.3	2	2	5	12	3	10	4	4
2120	-12.9	2	2	5	14	4	4	7	10
2121	-12.6	2	2	5	14	4	4	7	10
2122	-12.3	2	2	5	14	4	4	7	10
2123	-11.2	2	2	5	14	4	4	7	10
2124	-10.9	2	2	5	14	4	4	7	10
2125	-10.6	2	2	5	14	4	4	7	10
2126	-10.3	2	2	5	14	4	4	7	10
2127	-8.9	2	2	5	14	4	4	7	10
2128	-12.9	2	2	6	4	2	6	4	4
2129	-12.6	2	2	6	4	2	6	4	4
2130	-12.3	2	2	6	4	2	6	4	4
2131	-12	2	2	6	4	2	6	4	4
2132	-11.2	2	2	6	4	2	6	4	4
2133	-10.9	2	2	6	4	2	6	4	4
2134	-10.6	2	2	6	4	2	6	4	4
2135	-10.3	2	2	6	4	2	6	4	4
2136	-9.5	2	2	6	4	2	6	4	4
2137	-9.2	2	2	6	4	2	6	4	4
2138	-8.9	2	2	6	4	2	6	4	4
2139	-8.6	2	2	6	4	2	6	4	4
2140	-8.3	2	2	6	4	2	6	4	4
2141	-14.6	2	2	6	6	4	4	6	6
2142	-14.3	2	2	6	6	4	4	6	6
2143	-14	2	2	6	6	4	4	6	6
2144	-12.9	2	2	6	6	4	4	6	6
2145	-12.6	2	2	6	6	4	4	6	6
2146	-12.3	2	2	6	6	4	4	6	6
2147	-11.2	2	2	6	6	4	4	6	6
2148	-10.9	2	2	6	6	4	4	6	6
2149	-10.6	2	2	6	6	4	4	6	6
2150	-10.3	2	2	6	6	4	4	6	6
2151	-9.5	2	2	6	6	4	4	6	6
2152	-9.2	2	2	6	6	4	4	6	6
2153	-8.9	2	2	6	6	4	4	6	6
2154	-8.6	2	2	6	6	4	4	6	6
2155	-12.9	2	2	7	10	4	4	5	14
2156	-12.6	2	2	7	10	4	4	5	14
2157	-12.3	2	2	7	10	4	4	5	14
2158	-11.2	2	2	7	10	4	4	5	14
2159	-10.9	2	2	7	10	4	4	5	14
2160	-10.6	2	2	7	10	4	4	5	14
2161	-10.3	2	2	7	10	4	4	5	14
2162	-9.2	2	2	7	10	4	4	5	14
2163	-8.9	2	2	7	10	4	4	5	14
2164	-12.9	2	2	7	12	3	14	4	4
2165	-12.6	2	2	7	12	3	14	4	4
2166	-12.3	2	2	7	12	3	14	4	4
2167	-12	2	2	7	12	3	14	4	4
2168	-11.2	2	2	7	12	3	14	4	4
2169	-10.9	2	2	7	12	3	14	4	4
2170	-10.6	2	2	7	12	3	14	4	4
2171	-10.3	2	2	7	12	3	14	4	4
2172	-14.6	2	2	7	14	4	4	7	14
2173	-14.3	2	2	7	14	4	4	7	14
2174	-14	2	2	7	14	4	4	7	14
2175	-12.9	2	2	7	14	4	4	7	14
2176	-12.6	2	2	7	14	4	4	7	14
2177	-12.3	2	2	7	14	4	4	7	14
2178	-10.6	2	3	9	10	4	5	9	12
2179	-10.3	2	3	9	10	4	5	9	12
2180	-8.3	2	3	9	10	4	5	9	12
2181	-10.6	2	3	9	12	3	9	12	4
2182	-10.3	2	3	9	12	3	9	12	4
2183	-10	2	3	9	12	3	9	12	4
2184	-12.6	2	3	9	14	4	7	9	12
2185	-12.3	2	3	9	14	4	7	9	12
2186	-12	2	3	9	14	4	7	9	12
2187	-11.2	2	3	10	4	2	5	12	4
2188	-10.9	2	3	10	4	2	5	12	4
2189	-10.6	2	3	10	4	2	5	12	4
2190	-10.3	2	3	10	4	2	5	12	4
2191	-9.5	2	3	10	4	2	5	12	4
2192	-9.2	2	3	10	4	2	5	12	4
2193	-8.9	2	3	10	4	2	5	12	4
2194	-7.5	2	3	10	4	2	5	12	4
2195	-12.9	2	3	10	6	4	6	5	12
2196	-12.6	2	3	10	6	4	6	5	12
2197	-12.3	2	3	10	6	4	6	5	12
2198	-11.2	2	3	10	6	4	6	5	12
2199	-10.9	2	3	10	6	4	6	5	12
2200	-10.6	2	3	10	6	4	6	5	12
2201	-11.2	2	3	11	10	4	5	13	12
2202	-12.9	2	3	11	14	4	7	13	12
2203	-11.2	2	3	12	4	2	3	12	4
2204	-12.9	2	3	12	6	3	12	4	6
2205	-12.6	2	3	12	6	3	12	4	6
2206	-11.2	2	3	12	6	3	12	4	6
2207	-10.9	2	3	12	6	3	12	4	6
2208	-10.6	2	3	12	6	3	12	4	6
2209	-10	2	3	12	6	3	12	4	6
2210	-10	2	3	13	10	4	5	11	12
2211	-12.9	2	3	14	4	2	7	12	4
2212	-12.6	2	3	14	4	2	7	12	4
2213	-12.3	2	3	14	4	2	7	12	4
2214	-11.2	2	3	14	4	2	7	12	4
2215	-10.9	2	3	14	4	2	7	12	4
2216	-10.6	2	3	14	4	2	7	12	4
2217	-14.6	2	3	14	6	4	6	7	12
2218	-14.3	2	3	14	6	4	6	7	12
2219	-12.9	2	3	14	6	4	6	7	12
2220	-12.3	2	3	14	6	4	6	7	12
2221	-10.6	2	3	15	10	4	5	15	12
2222	-14.6	2	3	15	14	4	7	15	12
2223	-14.3	2	3	15	14	4	7	15	12
2224	-12.9	2	3	15	14	4	7	15	12
2225	-12.3	2	3	15	14	4	7	15	12
2226	-11.2	2	4	2	4	2	4	2	4
2227	-10.9	2	4	2	4	2	4	2	4
2228	-10.6	2	4	2	4	2	4	2	4
2229	-10.3	2	4	2	4	2	4	2	4
2230	-9.5	2	4	2	4	2	4	2	4
2231	-9.2	2	4	2	4	2	4	2	4
2232	-8.9	2	4	2	4	2	4	2	4
2233	-8.6	2	4	2	4	2	4	2	4
2234	-7.8	2	4	2	4	2	4	2	4
2235	-7.5	2	4	2	4	2	4	2	4
2236	-7.2	2	4	2	4	2	4	2	4
2237	-6.9	2	4	2	4	2	4	2	4
2238	-6.1	2	4	2	4	2	4	2	4
2239	-5.8	2	4	2	4	2	4	2	4
2240	-5.5	2	4	2	4	2	4	2	4
2241	-5.2	2	4	2	4	2	4	2	4
2242	-4.9	2	4	2	4	2	4	2	4
2243	-2.7	2	4	2	4	2	4	2	4
2244	-2.4	2	4	2	4	2	4	2	4
2245	-12.9	2	4	2	6	2	4	6	4
2246	-12.6	2	4	2	6	2	4	6	4
2247	-12.3	2	4	2	6	2	4	6	4
2248	-12	2	4	2	6	2	4	6	4
2249	-11.2	2	4	2	6	2	4	6	4
2250	-10.9	2	4	2	6	2	4	6	4
2251	-10.6	2	4	2	6	2	4	6	4
2252	-10.3	2	4	2	6	2	4	6	4
2253	-9.5	2	4	2	6	2	4	6	4
2254	-9.2	2	4	2	6	2	4	6	4
2255	-8.9	2	4	2	6	2	4	6	4
2256	-8.6	2	4	2	6	2	4	6	4
2257	-8.3	2	4	2	6	2	4	6	4
2258	-7.8	2	4	2	6	2	4	6	4
2259	-7.5	2	4	2	6	2	4	6	4
2260	-7.2	2	4	2	6	2	4	6	4
2261	-6.9	2	4	2	6	2	4	6	4
2262	-6.1	2	4	2	6	2	4	6	4
2263	-11.2	2	4	3	10	2	4	5	12
2264	-10.9	2	4	3	10	2	4	5	12
2265	-10.3	2	4	3	10	2	4	5	12
2266	-9.5	2	4	3	10	2	4	5	12
2267	-9.2	2	4	3	10	2	4	5	12
2268	-8.9	2	4	3	10	2	4	5	12
2269	-8.3	2	4	3	10	2	4	5	12
2270	-11.2	2	4	3	12	2	4	3	12
2271	-10.9	2	4	3	12	2	4	3	12
2272	-10.3	2	4	3	12	2	4	3	12
2273	-9.5	2	4	3	12	2	4	3	12
2274	-9.2	2	4	3	12	2	4	3	12
2275	-8.9	2	4	3	12	2	4	3	12
2276	-8.6	2	4	3	12	2	4	3	12
2277	-7.8	2	4	3	12	2	4	3	12
2278	-12.9	2	4	3	14	2	4	7	12
2279	-12.6	2	4	3	14	2	4	7	12
2280	-12	2	4	3	14	2	4	7	12
2281	-11.2	2	4	3	14	2	4	7	12
2282	-10.9	2	4	3	14	2	4	7	12
2283	-10.6	2	4	3	14	2	4	7	12
2284	-10.3	2	4	3	14	2	4	7	12
2285	-11.2	2	4	5	10	2	4	5	10
2286	-10.9	2	4	5	10	2	4	5	10
2287	-10.6	2	4	5	10	2	4	5	10
2288	-10.3	2	4	5	10	2	4	5	10
2289	-9.5	2	4	5	10	2	4	5	10
2290	-9.2	2	4	5	10	2	4	5	10
2291	-8.9	2	4	5	10	2	4	5	10
2292	-8.6	2	4	5	10	2	4	5	10
2293	-8.3	2	4	5	10	2	4	5	10
2294	-7.2	2	4	5	10	2	4	5	10
2295	-12.9	2	4	5	14	2	4	7	10
2296	-12.6	2	4	5	14	2	4	7	10
2297	-11.2	2	4	5	14	2	4	7	10
2298	-10.9	2	4	5	14	2	4	7	10
2299	-10.6	2	4	5	14	2	4	7	10
2300	-10	2	4	5	14	2	4	7	10
2301	-14.6	2	4	6	6	2	4	6	6
2302	-14.3	2	4	6	6	2	4	6	6
2303	-12.9	2	4	6	6	2	4	6	6
2304	-12.6	2	4	6	6	2	4	6	6
2305	-12.3	2	4	6	6	2	4	6	6
2306	-11.2	2	4	6	6	2	4	6	6
2307	-10.9	2	4	6	6	2	4	6	6
2308	-10.6	2	4	6	6	2	4	6	6
2309	-9.5	2	4	6	6	2	4	6	6
2310	-9.2	2	4	6	6	2	4	6	6
2311	-8.9	2	4	6	6	2	4	6	6
2312	-8.6	2	4	6	6	2	4	6	6
2313	-7.8	2	4	6	6	2	4	6	6
2314	-14.6	2	4	7	14	2	4	7	14
2315	-14.3	2	4	7	14	2	4	7	14
2316	-12.9	2	4	7	14	2	4	7	14
2317	-12.6	2	4	7	14	2	4	7	14
2318	-12.3	2	4	7	14	2	4	7	14
2319	-11.2	2	4	7	14	2	4	7	14
2320	-10.9	2	5	9	10	4	5	9	10
2321	-10.6	2	5	9	10	4	5	9	10
2322	-9.2	2	5	9	10	4	5	9	10
2323	-8.9	2	5	9	10	4	5	9	10
2324	-8.6	2	5	9	10	4	5	9	10
2325	-8.3	2	5	9	10	4	5	9	10
2326	-10.9	2	5	9	12	3	9	10	4
2327	-10.6	2	5	9	12	3	9	10	4
2328	-9.2	2	5	9	12	3	9	10	4
2329	-8.9	2	5	9	12	3	9	10	4
2330	-12.6	2	5	9	14	4	7	9	10
2331	-12.3	2	5	9	14	4	7	9	10
2332	-10.9	2	5	9	14	4	7	9	10
2333	-10.6	2	5	9	14	4	7	9	10
2334	-11.2	2	5	10	4	2	5	10	4
2335	-10.9	2	5	10	4	2	5	10	4
2336	-10.6	2	5	10	4	2	5	10	4
2337	-10.3	2	5	10	4	2	5	10	4
2338	-9.5	2	5	10	4	2	5	10	4
2339	-9.2	2	5	10	4	2	5	10	4
2340	-8.9	2	5	10	4	2	5	10	4
2341	-8.6	2	5	10	4	2	5	10	4
2342	-7.8	2	5	10	4	2	5	10	4
2343	-7.5	2	5	10	4	2	5	10	4
2344	-7.2	2	5	10	4	2	5	10	4
2345	-6.1	2	5	10	4	2	5	10	4
2346	-5.8	2	5	10	4	2	5	10	4
2347	-5.5	2	5	10	4	2	5	10	4
2348	-5.2	2	5	10	4	2	5	10	4
2349	-2.7	2	5	10	4	2	5	10	4
2350	-2.4	2	5	10	4	2	5	10	4
2351	-12.9	2	5	10	6	4	6	5	10
2352	-12.6	2	5	10	6	4	6	5	10
2353	-12.3	2	5	10	6	4	6	5	10
2354	-12	2	5	10	6	4	6	5	10
2355	-11.2	2	5	10	6	4	6	5	10
2356	-10.9	2	5	10	6	4	6	5	10
2357	-10.6	2	5	10	6	4	6	5	10
2358	-10.3	2	5	10	6	4	6	5	10
2359	-9.5	2	5	10	6	4	6	5	10
2360	-9.2	2	5	10	6	4	6	5	10
2361	-8.9	2	5	10	6	4	6	5	10
2362	-7.8	2	5	10	6	4	6	5	10
2363	-7.5	2	5	10	6	4	6	5	10
2364	-11.2	2	5	11	10	4	5	13	10
2365	-10.9	2	5	11	10	4	5	13	10
2366	-10.3	2	5	11	10	4	5	13	10
2367	-11.2	2	5	11	12	3	13	10	4
2368	-10.9	2	5	11	12	3	13	10	4
2369	-12.6	2	5	11	14	4	7	13	10
2370	-12.9	2	5	12	6	3	10	4	6
2371	-12.6	2	5	12	6	3	10	4	6
2372	-12.3	2	5	12	6	3	10	4	6
2373	-11.2	2	5	12	6	3	10	4	6
2374	-10.9	2	5	12	6	3	10	4	6
2375	-11.2	2	5	13	10	4	5	11	10
2376	-10.9	2	5	13	10	4	5	11	10
2377	-10.6	2	5	13	10	4	5	11	10
2378	-11.2	2	5	13	12	3	11	10	4
2379	-9.5	2	5	13	12	3	11	10	4
2380	-12.9	2	5	13	14	4	7	11	10
2381	-11.2	2	5	13	14	4	7	11	10
2382	-12.9	2	5	14	4	2	7	10	4
2383	-12.6	2	5	14	4	2	7	10	4
2384	-12.3	2	5	14	4	2	7	10	4
2385	-11.2	2	5	14	4	2	7	10	4
2386	-10.9	2	5	14	4	2	7	10	4
2387	-10.6	2	5	14	4	2	7	10	4
2388	-10.3	2	5	14	4	2	7	10	4
2389	-9.5	2	5	14	4	2	7	10	4
2390	-9.2	2	5	14	4	2	7	10	4
2391	-7.8	2	5	14	4	2	7	10	4
2392	-7.5	2	5	14	4	2	7	10	4
2393	-14.6	2	5	14	6	4	6	7	10
2394	-14.3	2	5	14	6	4	6	7	10
2395	-12.9	2	5	14	6	4	6	7	10
2396	-12.6	2	5	14	6	4	6	7	10
2397	-12.6	2	5	15	10	4	5	15	10
2398	-12.6	2	5	15	12	3	15	10	4
2399	-10.6	2	5	15	12	3	15	10	4
2400	-14.6	2	5	15	14	4	7	15	10
2401	-14.3	2	5	15	14	4	7	15	10
2402	-12.9	2	5	15	14	4	7	15	10
2403	-12.6	2	5	15	14	4	7	15	10
2404	-14.6	2	6	2	6	4	6	4	6
2405	-14.3	2	6	2	6	4	6	4	6
2406	-12.9	2	6	2	6	4	6	4	6
2407	-12.6	2	6	2	6	4	6	4	6
2408	-12.3	2	6	2	6	4	6	4	6
2409	-11.2	2	6	2	6	4	6	4	6
2410	-10.9	2	6	2	6	4	6	4	6
2411	-10.6	2	6	2	6	4	6	4	6
2412	-9.5	2	6	2	6	4	6	4	6
2413	-9.2	2	6	2	6	4	6	4	6
2414	-8.9	2	6	2	6	4	6	4	6
2415	-12.9	2	6	3	10	4	5	12	6
2416	-12.6	2	6	3	10	4	5	12	6
2417	-11.2	2	6	3	10	4	5	12	6
2418	-10.9	2	6	3	10	4	5	12	6
2419	-10.6	2	6	3	10	4	5	12	6
2420	-8.9	2	6	3	10	4	5	12	6
2421	-12.9	2	6	3	12	3	12	6	4
2422	-12.6	2	6	3	12	3	12	6	4
2423	-12.3	2	6	3	12	3	12	6	4
2424	-11.2	2	6	3	12	3	12	6	4
2425	-10.9	2	6	3	12	3	12	6	4
2426	-10.6	2	6	3	12	3	12	6	4
2427	-10.3	2	6	3	12	3	12	6	4
2428	-14.6	2	6	3	14	4	7	12	6
2429	-14.3	2	6	3	14	4	7	12	6
2430	-12.9	2	6	3	14	4	7	12	6
2431	-12.6	2	6	3	14	4	7	12	6
2432	-12.3	2	6	3	14	4	7	12	6
2433	-14.6	2	6	4	6	2	6	4	6
2434	-14.3	2	6	4	6	2	6	4	6
2435	-14	2	6	4	6	2	6	4	6
2436	-12.9	2	6	4	6	2	6	4	6
2437	-12.6	2	6	4	6	2	6	4	6
2438	-12.3	2	6	4	6	2	6	4	6
2439	-12	2	6	4	6	2	6	4	6
2440	-11.2	2	6	4	6	2	6	4	6
2441	-10.9	2	6	4	6	2	6	4	6
2442	-10.6	2	6	4	6	2	6	4	6
2443	-10	2	6	4	6	2	6	4	6
2444	-9.5	2	6	4	6	2	6	4	6
2445	-9.2	2	6	4	6	2	6	4	6
2446	-8.9	2	6	4	6	2	6	4	6
2447	-12.9	2	6	5	10	4	5	10	6
2448	-12.6	2	6	5	10	4	5	10	6
2449	-12.3	2	6	5	10	4	5	10	6
2450	-12	2	6	5	10	4	5	10	6
2451	-11.2	2	6	5	10	4	5	10	6
2452	-10.9	2	6	5	10	4	5	10	6
2453	-10.6	2	6	5	10	4	5	10	6
2454	-10.3	2	6	5	10	4	5	10	6
2455	-9.5	2	6	5	10	4	5	10	6
2456	-9.2	2	6	5	10	4	5	10	6
2457	-12.9	2	6	5	12	3	10	6	4
2458	-12.6	2	6	5	12	3	10	6	4
2459	-12.3	2	6	5	12	3	10	6	4
2460	-11.2	2	6	5	12	3	10	6	4
2461	-10.9	2	6	5	12	3	10	6	4
2462	-10.6	2	6	5	12	3	10	6	4
2463	-10.3	2	6	5	12	3	10	6	4
2464	-10	2	6	5	12	3	10	6	4
2465	-9.5	2	6	5	12	3	10	6	4
2466	-9.2	2	6	5	12	3	10	6	4
2467	-14.6	2	6	5	14	4	7	10	6
2468	-14.3	2	6	5	14	4	7	10	6
2469	-12.9	2	6	5	14	4	7	10	6
2470	-12.6	2	6	5	14	4	7	10	6
2471	-12.3	2	6	5	14	4	7	10	6
2472	-10.9	2	6	5	14	4	7	10	6
2473	-10.6	2	6	5	14	4	7	10	6
2474	-10.3	2	6	5	14	4	7	10	6
2475	-14.6	2	6	6	4	2	6	6	4
2476	-14.3	2	6	6	4	2	6	6	4
2477	-14	2	6	6	4	2	6	6	4
2478	-12.9	2	6	6	4	2	6	6	4
2479	-12.6	2	6	6	4	2	6	6	4
2480	-12.3	2	6	6	4	2	6	6	4
2481	-12	2	6	6	4	2	6	6	4
2482	-11.2	2	6	6	4	2	6	6	4
2483	-10.9	2	6	6	4	2	6	6	4
2484	-10.6	2	6	6	4	2	6	6	4
2485	-9.5	2	6	6	4	2	6	6	4
2486	-9.2	2	6	6	4	2	6	6	4
2487	-8.9	2	6	6	4	2	6	6	4
2488	-16.3	2	6	6	6	4	6	6	6
2489	-16	2	6	6	6	4	6	6	6
2490	-14.6	2	6	6	6	4	6	6	6
2491	-14.3	2	6	6	6	4	6	6	6
2492	-12.9	2	6	6	6	4	6	6	6
2493	-12.6	2	6	6	6	4	6	6	6
2494	-12.3	2	6	6	6	4	6	6	6
2495	-11.2	2	6	6	6	4	6	6	6
2496	-10.9	2	6	6	6	4	6	6	6
2497	-10.6	2	6	6	6	4	6	6	6
2498	-9.5	2	6	6	6	4	6	6	6
2499	-14.6	2	6	7	10	4	5	14	6
2500	-14.3	2	6	7	10	4	5	14	6
2501	-12.9	2	6	7	10	4	5	14	6
2502	-12.6	2	6	7	10	4	5	14	6
2503	-12.3	2	6	7	10	4	5	14	6
2504	-11.2	2	6	7	10	4	5	14	6
2505	-10.9	2	6	7	10	4	5	14	6
2506	-10.6	2	6	7	10	4	5	14	6
2507	-10.3	2	6	7	10	4	5	14	6
2508	-14.6	2	6	7	12	3	14	6	4
2509	-14.3	2	6	7	12	3	14	6	4
2510	-12.9	2	6	7	12	3	14	6	4
2511	-12.6	2	6	7	12	3	14	6	4
2512	-12.3	2	6	7	12	3	14	6	4
2513	-11.2	2	6	7	12	3	14	6	4
2514	-10.9	2	6	7	12	3	14	6	4
2515	-16.3	2	6	7	14	4	7	14	6
2516	-16	2	6	7	14	4	7	14	6
2517	-14.6	2	6	7	14	4	7	14	6
2518	-14.3	2	6	7	14	4	7	14	6
2519	-12.9	2	6	7	14	4	7	14	6
2520	-12.6	2	6	7	14	4	7	14	6
2521	-12.3	2	6	7	14	4	7	14	6
2522	-12.6	2	7	9	10	4	5	9	14
2523	-12.3	2	7	9	10	4	5	9	14
2524	-10.9	2	7	9	10	4	5	9	14
2525	-10.6	2	7	9	10	4	5	9	14
2526	-10.3	2	7	9	10	4	5	9	14
2527	-12.6	2	7	9	12	3	9	14	4
2528	-12.3	2	7	9	12	3	9	14	4
2529	-12	2	7	9	12	3	9	14	4
2530	-10.9	2	7	9	12	3	9	14	4
2531	-10.6	2	7	9	12	3	9	14	4
2532	-10.3	2	7	9	12	3	9	14	4
2533	-10	2	7	9	12	3	9	14	4
2534	-14.3	2	7	9	14	4	7	9	14
2535	-14	2	7	9	14	4	7	9	14
2536	-12.3	2	7	9	14	4	7	9	14
2537	-14.6	2	7	10	6	4	6	5	14
2538	-14.3	2	7	10	6	4	6	5	14
2539	-12.9	2	7	10	6	4	6	5	14
2540	-12.6	2	7	10	6	4	6	5	14
2541	-11.2	2	7	10	6	4	6	5	14
2542	-10.9	2	7	10	6	4	6	5	14
2543	-12.6	2	7	11	10	4	5	13	14
2544	-12.3	2	7	11	12	3	13	14	4
2545	-10.3	2	7	11	12	3	13	14	4
2546	-14.6	2	7	12	6	3	14	4	6
2547	-14.3	2	7	12	6	3	14	4	6
2548	-14	2	7	12	6	3	14	4	6
2549	-12.9	2	7	12	6	3	14	4	6
2550	-12.6	2	7	12	6	3	14	4	6
2551	-12.9	2	7	13	10	4	5	11	14
2552	-12.6	2	7	13	10	4	5	11	14
2553	-12	2	7	13	10	4	5	11	14
2554	-10.6	2	7	13	10	4	5	11	14
2555	-10.3	2	7	13	10	4	5	11	14
2556	-12.9	2	7	13	12	3	11	14	4
2557	-11.2	2	7	13	12	3	11	14	4
2558	-14.6	2	7	13	14	4	7	11	14
2559	-14.3	2	7	13	14	4	7	11	14
2560	-14.6	2	7	14	4	2	7	14	4
2561	-14.3	2	7	14	4	2	7	14	4
2562	-12.9	2	7	14	4	2	7	14	4
2563	-12.6	2	7	14	4	2	7	14	4
2564	-12.3	2	7	14	4	2	7	14	4
2565	-16.3	2	7	14	6	4	6	7	14
2566	-16	2	7	14	6	4	6	7	14
2567	-14.6	2	7	14	6	4	6	7	14
2568	-14.3	2	7	14	6	4	6	7	14
2569	-12.9	2	7	14	6	4	6	7	14
2570	-14.6	2	7	15	10	4	5	15	14
2571	-14.3	2	7	15	10	4	5	15	14
2572	-12.9	2	7	15	10	4	5	15	14
2573	-12.6	2	7	15	10	4	5	15	14
2574	-12.3	2	7	15	10	4	5	15	14
2575	-14.6	2	7	15	12	3	15	14	4
2576	-14.3	2	7	15	12	3	15	14	4
2577	-12.9	2	7	15	12	3	15	14	4
2578	-12.6	2	7	15	12	3	15	14	4
2579	-16.3	2	7	15	14	4	7	15	14
2580	-16	2	7	15	14	4	7	15	14
2581	-14.6	2	7	15	14	4	7	15	14
2582	-14.3	2	7	15	14	4	7	15	14
2583	-12.3	3	9	12	6	3	9	12	6
2584	-12	3	9	12	6	3	9	12	6
2585	-10.6	3	9	13	10	5	11	9	12
2586	-10	3	9	13	10	5	11	9	12
2587	-14	3	9	14	6	6	7	9	12
2588	-12.3	3	9	14	6	6	7	9	12
2589	-12.6	3	10	3	14	5	12	7	12
2590	-11.2	3	10	5	10	5	10	5	12
2591	-10.9	3	10	5	10	5	10	5	12
2592	-10.3	3	10	5	10	5	10	5	12
2593	-9.5	3	10	5	10	5	10	5	12
2594	-8.9	3	10	5	10	5	10	5	12
2595	-10.6	3	10	5	12	3	10	5	12
2596	-12.6	3	10	5	14	5	12	7	10
2597	-14.6	3	10	6	6	5	12	6	6
2598	-14.3	3	10	6	6	5	12	6	6
2599	-12.9	3	10	6	6	5	12	6	6
2600	-12.6	3	10	6	6	5	12	6	6
2601	-10.9	3	10	6	6	5	12	6	6
2602	-12.6	3	10	7	10	5	12	5	14
2603	-10.6	3	10	7	10	5	12	5	14
2604	-12.6	3	10	7	12	3	14	5	12
2605	-12.9	3	11	10	6	5	13	12	6
2606	-11.2	3	11	10	6	5	13	12	6
2607	-14.6	3	11	14	6	6	7	13	12
2608	-12.6	3	12	5	14	3	12	7	10
2609	-14.6	3	12	6	6	3	12	6	6
2610	-14.3	3	12	6	6	3	12	6	6
2611	-12.9	3	12	6	6	3	12	6	6
2612	-12.9	3	14	5	10	5	10	7	12
2613	-12.6	3	14	5	10	5	10	7	12
2614	-11.2	3	14	5	10	5	10	7	12
2615	-14.6	3	14	5	14	7	10	7	12
2616	-16.3	3	14	6	6	6	6	7	12
2617	-16	3	14	6	6	6	6	7	12
2618	-14.6	3	14	6	6	6	6	7	12
2619	-14.3	3	14	6	6	6	6	7	12
2620	-12.9	3	14	6	6	6	6	7	12
2621	-14.3	3	14	7	10	5	14	7	12
2622	-16	3	14	7	14	7	12	7	14
2623	-16.3	3	15	14	6	6	7	15	12
2624	-16	3	15	14	6	6	7	15	12
2625	-14.6	3	15	14	6	6	7	15	12
2626	-16.3	3	15	15	14	7	15	15	12
2627	-14.6	3	15	15	14	7	15	15	12
2628	-8.9	5	9	9	10	5	9	9	10
2629	-10.6	5	9	9	14	7	9	9	10
2630	-12.6	5	9	10	6	5	9	10	6
2631	-11.2	5	9	10	6	5	9	10	6
2632	-10.9	5	9	10	6	5	9	10	6
2633	-10.6	5	9	10	6	5	9	10	6
2634	-10.3	5	9	13	10	5	11	9	10
2635	-14.3	5	9	14	6	6	7	9	10
2636	-12.6	5	9	14	6	6	7	9	10
2637	-12.3	5	9	14	6	6	7	9	10
2638	-12.6	5	9	15	10	5	15	9	10
2639	-11.2	5	10	5	10	5	10	5	10
2640	-10.6	5	10	5	10	5	10	5	10
2641	-9.5	5	10	5	10	5	10	5	10
2642	-8.9	5	10	5	10	5	10	5	10
2643	-7.8	5	10	5	10	5	10	5	10
2644	-6.1	5	10	5	10	5	10	5	10
2645	-2.7	5	10	5	10	5	10	5	10
2646	-12.9	5	10	5	14	5	10	7	10
2647	-12.3	5	10	5	14	5	10	7	10
2648	-11.2	5	10	5	14	5	10	7	10
2649	-10.6	5	10	5	14	5	10	7	10
2650	-9.5	5	10	5	14	5	10	7	10
2651	-7.8	5	10	5	14	5	10	7	10
2652	-14.6	5	10	6	6	5	10	6	6
2653	-14	5	10	6	6	5	10	6	6
2654	-12.9	5	10	6	6	5	10	6	6
2655	-12.3	5	10	6	6	5	10	6	6
2656	-11.2	5	10	6	6	5	10	6	6
2657	-10.6	5	10	6	6	5	10	6	6
2658	-9.5	5	10	6	6	5	10	6	6
2659	-14.6	5	10	7	14	5	10	7	14
2660	-12.9	5	10	7	14	5	10	7	14
2661	-12	5	11	9	14	7	9	13	10
2662	-12.9	5	11	10	6	5	13	10	6
2663	-12.3	5	11	10	6	5	13	10	6
2664	-11.2	5	11	10	6	5	13	10	6
2665	-11.2	5	11	13	10	5	11	13	10
2666	-14.6	5	11	14	6	6	7	13	10
2667	-12.9	5	11	14	6	6	7	13	10
2668	-14.6	5	13	14	6	6	7	11	10
2669	-12.9	5	13	14	6	6	7	11	10
2670	-14.6	5	14	5	14	7	10	7	10
2671	-12.9	5	14	5	14	7	10	7	10
2672	-16.3	5	14	6	6	6	6	7	10
2673	-14.6	5	14	6	6	6	6	7	10
2674	-14.3	5	14	6	6	6	6	7	10
2675	-12.9	5	14	6	6	6	6	7	10
2676	-12.6	5	14	6	6	6	6	7	10
2677	-12.3	5	14	6	6	6	6	7	10
2678	-11.2	5	14	6	6	6	6	7	10
2679	-14.6	5	14	7	10	5	14	7	10
2680	-16.3	5	14	7	14	7	10	7	14
2681	-14.6	5	14	7	14	7	10	7	14
2682	-14.3	5	15	9	14	7	9	15	10
2683	-14.6	5	15	10	6	5	15	10	6
2684	-16.3	5	15	14	6	6	7	15	10
2685	-14.6	5	15	14	6	6	7	15	10
2686	-16.3	5	15	15	14	7	15	15	10
2687	-14.6	5	15	15	14	7	15	15	10
2688	-18	6	6	6	6	6	6	6	6
2689	-16.3	6	6	6	6	6	6	6	6
2690	-14.6	6	6	6	6	6	6	6	6
2691	-12.9	6	6	6	6	6	6	6	6
2692	-12.6	6	6	6	6	6	6	6	6
2693	-11.2	6	6	6	6	6	6	6	6
2694	-10.9	6	6	6	6	6	6	6	6
2695	-18	6	6	7	14	6	6	7	14
2696	-16.3	6	6	7	14	6	6	7	14
2697	-14.6	6	6	7	14	6	6	7	14
2698	-12.9	6	6	7	14	6	6	7	14
2699	-16	6	7	9	14	6	7	9	14
2700	-14.3	6	7	9	14	6	7	9	14
2701	-16.3	6	7	11	14	6	7	13	14
2702	-18	6	7	15	14	6	7	15	14
2703	-16.3	6	7	15	14	6	7	15	14
2704	-14.6	6	7	15	14	6	7	15	14
2705	-12.3	7	9	9	14	7	9	9	14
2706	-18	7	14	7	14	7	14	7	14
2707	-16.3	7	14	7	14	7	14	7	14
2708	-18	7	15	15	14	7	15	15	14
2709	-16.3	7	15	15	14	7	15	15	14
2710	-18	15	15	15	15	15	15	15	15
