47	-4	1	3	1
48	-4	1	3	1
49	-4	1	3	1
50	-4	1	3	1
51	-4	1	3	1
52	-4	1	3	1
53	-4	1	3	1
54	-4	1	3	1
55	-4	1	3	1
56	-4	1	3	1
57	-4	1	3	1
58	-4	1	3	1
59	-4	1	3	1
60	-4	1	3	1
61	-4	1	3	1
62	-4	1	3	1
63	-4	1	3	1
64	-4	1	3	1
65	-4	1	3	1
66	-4	1	3	1
67	-4	1	3	1
68	-4	1	3	1
92	-4	1	3	0
93	-4	1	3	0
94	-4	1	3	0
95	-4	1	3	0
96	-4	1	3	0
97	-4	1	3	0
98	-4	1	3	0
99	-4	1	3	0
100	-4	1	3	0
101	-4	1	3	0
102	-4	1	3	0
103	-4	1	3	0
104	-4	1	3	0
174	-4	2	3	0
175	-4	2	3	0
176	-4	2	3	0
177	-4	2	3	0
178	-4	2	3	0
179	-4	2	3	0
180	-4	2	3	0
181	-4	2	3	0
182	-4	1	3	0
183	-4	1	3	0
184	-4	1	3	0
185	-4	1	3	0
186	-4	1	3	0
187	-4	1	3	0
188	-4	1	3	0
189	-4	1	3	0
190	-4	1	3	0
191	-4	1	3	0
192	-4	1	3	0
193	-4	1	3	0
194	-4	1	3	0
346	-4	1	3	0
347	-4	1	3	0
394	-4.3	2	2	0
395	-4.3	2	2	0
396	-4.3	2	2	0
397	-4.3	2	2	0
398	-4.3	2	2	0
399	-4.3	2	2	0
400	-4.3	2	2	0
401	-4.3	2	2	0
402	-4.3	2	2	0
403	-4.3	2	2	0
404	-4.3	2	2	0
406	-4	1	2	0
407	-4	1	2	0
408	-4	1	2	0
409	-4	1	2	0
410	-4	1	2	0
411	-4	1	2	0
412	-4	1	2	0
413	-4	1	2	0
414	-4	1	2	0
415	-4	1	2	0
416	-4	1	2	0
417	-4	1	2	0
418	-4	1	2	0
419	-4	1	2	0
420	-4	1	2	0
421	-4	1	2	0
422	-4	1	2	0
430	-4.3	1	2	0
431	-4.3	1	2	0
470	-4.6	1	2	0
471	-4.6	1	2	0
472	-4.6	1	2	0
473	-4.6	1	2	0
474	-4.6	1	2	0
569	-4	1	3	0
570	-4	1	3	0
571	-4	1	3	0
572	-4	1	3	0
573	-4	1	3	0
574	-4	1	3	0
575	-4	1	3	0
576	-4	1	3	0
577	-4	1	3	0
578	-4	1	3	0
579	-4	1	3	0
580	-4	1	3	0
581	-4	1	3	0
582	-4	1	3	0
583	-4	1	3	0
653	-4	2	2	0
654	-4	2	2	0
655	-4	2	2	0
656	-4	2	2	0
657	-4	2	2	0
658	-4	2	2	0
659	-4	2	2	0
745	-4	1	3	0
746	-4	1	3	0
747	-4	1	3	0
748	-4	1	3	0
749	-4	1	3	0
750	-4	1	3	0
751	-4	1	3	0
752	-4	1	3	0
753	-4	1	3	0
754	-4	1	3	0
755	-4	1	3	0
756	-4	1	3	0
757	-4	1	3	0
758	-4	1	3	0
788	-4	1	2	1
789	-4	1	2	1
790	-4	1	2	1
791	-4	1	2	1
792	-4	1	2	1
793	-4	1	2	1
794	-4	1	2	1
795	-4	1	2	1
796	-4	1	2	1
797	-4	1	2	1
798	-4	1	2	1
799	-4	1	2	1
800	-4	1	2	1
801	-4	1	2	1
802	-4	1	2	1
803	-4	1	2	1
804	-4	1	2	1
805	-4	1	2	1
806	-4	1	2	1
864	-4	2	3	0
865	-4	2	3	0
866	-4	2	3	0
867	-4	2	3	0
868	-4	2	3	0
869	-4	2	3	0
870	-4	2	3	0
871	-4	2	3	0
872	-4	2	3	0
873	-4	2	3	0
874	-4	2	3	0
889	-4	2	3	0
890	-4	2	3	0
891	-4	2	3	0
892	-4	2	3	0
893	-4	1	3	0
894	-4	1	3	0
895	-4	1	3	0
896	-4	1	3	0
897	-4	1	3	0
904	-4	2	3	0
905	-4	2	3	0
906	-4	2	3	0
907	-4	2	3	0
908	-4	2	3	0
909	-4	2	3	0
910	-4	2	3	0
911	-4	2	3	0
945	-4.3	1	2	0
946	-4.3	1	2	0
947	-4.3	1	2	0
948	-4.3	1	2	0
949	-4.3	1	2	0
950	-4.3	1	2	0
977	-4.6	1	2	0
978	-4.6	1	2	0
979	-4.6	1	2	0
980	-4.6	1	2	0
1062	-4	2	2	0
1063	-4	2	2	0
1064	-4	2	2	0
1065	-4	2	2	0
1066	-4	2	2	0
1067	-4	2	2	0
1068	-4	2	2	0
1069	-4	2	2	0
1070	-4	2	2	0
1071	-4	2	2	0
1072	-4	2	2	0
1122	-4	1	2	1
1123	-4	1	2	1
1124	-4	1	2	1
1125	-4	1	2	1
1126	-4	1	2	1
1127	-4	1	2	1
1128	-4	1	2	1
1129	-4	1	2	1
1130	-4	1	2	1
1131	-4	1	2	1
1132	-4	1	2	1
1133	-4	1	2	1
1134	-4	1	2	1
1135	-4	1	2	1
1136	-4	1	2	1
1137	-4	1	2	1
1214	-4.3	2	2	0
1215	-4.3	2	2	0
1336	-4.6	1	2	0
1337	-4.6	1	2	0
1338	-4.6	1	2	0
1339	-4.6	1	2	0
1340	-4.6	1	2	0
1341	-4.6	1	2	0
1353	-4	1	3	0
1354	-4	1	3	0
1355	-4	1	3	0
1356	-4	1	3	0
1357	-4	1	3	0
1358	-4	1	3	0
1401	-4	2	3	0
1402	-4	1	3	0
1449	-4	1	3	1
1450	-4	1	3	1
1451	-4	1	3	1
1452	-4	1	3	1
1453	-4	1	3	1
1466	-4.3	1	2	0
1482	-4	1	3	0
1483	-4	1	3	0
1484	-4	1	3	0
1485	-4	1	3	0
1486	-4	1	3	0
1487	-4	1	3	0
1488	-4	1	3	0
1489	-4	1	3	0
1490	-4	1	3	0
1491	-4	1	3	0
1534	-4	2	1	0
1535	-4	2	3	0
1606	-4	1	3	0
1607	-4	1	3	0
1608	-4	1	3	0
1609	-4	1	3	0
1610	-4	1	3	0
1611	-4	1	3	0
1612	-4	1	3	0
1670	-4.3	2	1	0
1671	-4.3	2	1	0
1672	-4.3	2	1	0
1673	-4.3	2	1	0
1674	-4.3	2	1	0
1675	-4.3	2	1	0
1676	-4.3	2	1	0
1677	-4.3	2	1	0
1678	-4.3	2	1	0
1679	-4.3	2	1	0
1680	-4.3	2	1	0
1681	-4.3	2	1	0
1682	-4.3	2	1	0
1683	-4.3	2	1	0
1684	-4.3	2	2	0
1685	-4.3	2	2	0
1686	-4.3	2	2	0
1687	-4.3	2	2	0
1688	-4.3	2	2	0
1689	-4.3	2	2	0
1690	-4.3	2	2	0
1691	-4.3	2	1	0
1692	-4.3	2	1	0
1693	-4.3	2	1	0
1694	-4.3	2	1	0
1695	-4.3	2	1	0
1696	-4.3	2	1	0
1713	-4	1	1	0
1714	-4	1	1	0
1715	-4	1	1	0
1716	-4	1	1	0
1717	-4	1	1	0
1718	-4	1	1	0
1719	-4	1	1	0
1720	-4	1	1	0
1721	-4	1	1	0
1722	-4	1	1	0
1723	-4	1	1	0
1724	-4	1	1	0
1725	-4	1	1	0
1726	-4	1	1	0
1727	-4	1	1	0
1728	-4	1	1	0
1729	-4	1	1	0
1730	-4	1	1	0
1731	-4	1	1	0
1732	-4	1	1	0
1733	-4	1	1	0
1734	-4	1	1	0
1747	-4	1	1	0
1761	-4	1	1	0
1762	-4	1	1	0
1763	-4	1	1	0
1764	-4	1	1	0
1765	-4	1	1	0
1766	-4	1	1	0
1767	-4	1	1	0
1768	-4	1	1	0
1769	-4	1	1	0
1770	-4	1	1	0
1771	-4	1	1	0
1772	-4	1	1	0
1773	-4	1	1	0
1774	-4	1	1	0
1775	-4	1	1	0
1776	-4	1	1	0
1777	-4	1	1	0
1778	-4	1	1	0
1789	-4	1	1	0
1790	-4	1	1	0
1791	-4	1	1	0
1792	-4	1	1	0
1793	-4	1	1	0
1827	-4.3	1	1	0
1828	-4.3	1	1	0
1829	-4.3	1	1	0
1830	-4.3	1	1	0
1831	-4.3	1	1	0
1832	-4.3	1	1	0
1833	-4.3	1	1	0
1834	-4.3	1	1	0
1835	-4.3	1	1	0
1836	-4.3	1	1	0
1837	-4.3	1	1	0
1838	-4.3	1	1	0
1839	-4.3	1	1	0
1840	-4.3	1	1	0
1841	-4.3	1	1	0
1842	-4.3	1	1	0
1843	-4.3	1	1	0
1985	-4.6	1	1	0
1986	-4.6	1	1	0
2053	-4	2	3	0
2054	-4	2	3	0
2055	-4	2	3	0
2056	-4	2	3	0
2057	-4	2	3	0
2058	-4	2	3	0
2112	-4	1	3	0
2113	-4	1	3	0
2114	-4	1	3	0
2115	-4	1	3	0
2116	-4	1	3	0
2117	-4	1	3	0
2118	-4	1	3	0
2119	-4	1	3	0
2178	-4	2	3	0
2179	-4	2	3	0
2180	-4	2	3	0
2187	-4	2	2	0
2188	-4	2	2	0
2189	-4	2	2	0
2190	-4	2	2	0
2191	-4	2	2	0
2192	-4	2	2	0
2193	-4	2	2	0
2194	-4	2	2	0
2201	-4.3	2	2	0
2203	-4	1	2	0
2210	-4.3	1	2	0
2263	-4	2	3	0
2264	-4	2	3	0
2265	-4	2	3	0
2266	-4	2	3	0
2267	-4	2	3	0
2268	-4	2	3	0
2269	-4	2	3	0
2270	-4	1	3	0
2271	-4	1	3	0
2272	-4	1	3	0
2273	-4	1	3	0
2274	-4	1	3	0
2275	-4	1	3	0
2276	-4	1	3	0
2277	-4	1	3	0
2326	-4	1	3	0
2327	-4	1	3	0
2328	-4	1	3	0
2329	-4	1	3	0
2364	-4.3	2	2	0
2365	-4.3	2	2	0
2366	-4.3	2	2	0
2367	-4.3	2	1	0
2368	-4.3	2	1	0
2375	-4.3	1	2	0
2376	-4.3	1	2	0
2377	-4.3	1	2	0
2378	-4.3	1	2	0
2379	-4.3	1	2	0
2585	-4.3	1	2	0
2586	-4.3	1	2	0
2590	-4	2	3	0
2591	-4	2	3	0
2592	-4	2	3	0
2593	-4	2	3	0
2594	-4	2	3	0
2595	-4	1	3	0
2605	-4.3	2	1	0
2606	-4.3	2	1	0
2630	-4	1	3	1
2631	-4	1	3	1
2632	-4	1	3	1
2633	-4	1	3	1
2634	-4.3	1	2	0
2662	-4.3	2	1	0
2663	-4.3	2	1	0
2664	-4.3	2	1	0
2665	-4.3	1	2	0
2683	-4.6	1	1	0
2702	-4.6	1	2	0
2703	-4.6	1	2	0
2704	-4.6	1	2	0
