47	-4.3	1	3	3
48	-4.3	1	3	3
49	-4.3	1	3	3
50	-4.3	1	3	3
51	-4.3	1	3	3
52	-4.3	1	3	3
53	-4.3	1	3	3
54	-4.3	1	3	3
55	-4.3	1	3	3
56	-4.3	1	3	3
57	-4.3	1	3	3
58	-4.3	1	3	3
59	-4.3	1	3	3
60	-4.3	1	3	3
61	-4.3	1	3	3
62	-4.3	1	3	3
63	-4.3	1	3	3
64	-4.3	1	3	3
65	-4.3	1	3	3
66	-4.3	1	3	3
67	-4.3	1	3	3
68	-4.3	1	3	3
78	-4.3	1	3	3
79	-4.3	1	3	3
80	-4.3	1	3	3
81	-4.3	1	3	3
82	-4.3	1	3	3
83	-4.3	1	3	3
84	-4.3	1	3	3
85	-4.3	1	3	3
86	-4.3	1	3	3
87	-4.3	1	3	3
88	-4.3	1	3	3
89	-4.3	1	3	3
90	-4.3	1	3	3
91	-4.3	1	3	3
92	-4.3	1	3	3
93	-4.3	1	3	3
94	-4.3	1	3	3
95	-4.3	1	3	3
96	-4.3	1	3	3
97	-4.3	1	3	3
98	-4.3	1	3	3
99	-4.3	1	3	3
100	-4.3	1	3	3
101	-4.3	1	3	3
102	-4.3	1	3	3
103	-4.3	1	3	3
104	-4.3	1	3	3
105	-6	1	3	3
106	-6	1	3	3
107	-6	1	3	3
108	-6	1	3	3
109	-6	1	3	3
110	-6	1	3	3
111	-6	1	3	3
112	-6	1	3	3
113	-6	1	3	3
114	-6	1	3	3
115	-6	1	3	3
116	-6	1	3	3
117	-6	1	3	3
118	-6	1	3	3
182	-4.3	1	3	3
183	-4.3	1	3	3
184	-4.3	1	3	3
185	-4.3	1	3	3
186	-4.3	1	3	3
187	-4.3	1	3	3
188	-4.3	1	3	3
189	-4.3	1	3	3
190	-4.3	1	3	3
191	-4.3	1	3	3
192	-4.3	1	3	3
193	-4.3	1	3	3
194	-4.3	1	3	3
195	-6	1	3	3
196	-6	1	3	3
197	-6	1	3	3
198	-6	1	3	3
199	-6	1	3	3
200	-6	1	3	3
201	-6	1	3	3
202	-6	1	3	3
203	-6	1	3	3
204	-6	1	3	3
205	-6	1	3	3
206	-6	1	3	3
207	-6	1	3	3
208	-6	1	3	3
209	-6	1	3	3
210	-6	1	3	3
250	-4.3	1	3	3
251	-4.3	1	3	3
252	-4.3	1	3	3
253	-4.3	1	3	3
254	-4.3	1	3	3
255	-4.3	1	3	3
256	-4.3	1	3	3
257	-4.3	1	3	3
258	-4.3	1	3	3
259	-4.3	1	3	3
260	-4.3	1	3	3
261	-4.3	1	3	3
262	-4.3	1	3	3
263	-4.3	1	3	3
264	-6	1	3	3
265	-6	1	3	3
266	-6	1	3	3
267	-6	1	3	3
268	-6	1	3	3
269	-6	1	3	3
270	-6	1	3	3
271	-6	1	3	3
272	-6	1	3	3
273	-6	1	3	3
274	-6	1	3	3
294	-6	1	3	3
295	-6	1	3	3
296	-6	1	3	3
297	-6	1	3	3
298	-6	1	3	3
299	-6	1	3	3
300	-6	1	3	3
301	-6	1	3	3
302	-6	1	3	3
303	-6	1	3	3
304	-6	1	3	3
305	-6	1	3	3
306	-6	1	3	3
307	-6	1	3	3
308	-6	1	3	3
344	-4.3	1	3	3
345	-4.3	1	3	3
346	-4.3	1	3	3
347	-4.3	1	3	3
348	-6	1	3	3
349	-6	1	3	3
350	-6	1	3	3
351	-6	1	3	3
352	-4.3	1	2	3
353	-4.3	1	2	3
354	-4.3	1	2	3
355	-4.3	1	2	3
356	-4.3	1	2	3
357	-4.3	1	2	3
358	-4.3	1	2	3
359	-4.3	1	2	3
360	-4.3	1	2	3
361	-4.3	1	2	3
362	-4.3	1	2	3
363	-4.3	1	2	3
364	-4.3	1	2	3
365	-4.3	1	2	3
366	-4.3	1	2	3
367	-4.3	1	2	3
368	-4.3	1	2	3
369	-4.3	1	2	3
370	-4.3	1	2	3
371	-4.3	1	2	3
372	-4.3	1	2	3
373	-4.3	1	2	3
374	-4.3	1	2	3
375	-4.3	1	2	3
376	-4.3	1	2	3
377	-4.3	1	2	3
378	-4.3	1	2	3
379	-4.3	1	2	3
380	-4.3	1	2	3
405	-6	1	3	3
406	-4.3	1	2	3
407	-4.3	1	2	3
408	-4.3	1	2	3
409	-4.3	1	2	3
410	-4.3	1	2	3
411	-4.3	1	2	3
412	-4.3	1	2	3
413	-4.3	1	2	3
414	-4.3	1	2	3
415	-4.3	1	2	3
416	-4.3	1	2	3
417	-4.3	1	2	3
418	-4.3	1	2	3
419	-4.3	1	2	3
420	-4.3	1	2	3
421	-4.3	1	2	3
422	-4.3	1	2	3
432	-6	1	3	3
433	-6	1	2	3
434	-6	1	2	3
435	-6	1	2	3
436	-6	1	2	3
437	-6	1	2	3
438	-6	1	2	3
439	-6	1	2	3
440	-6	1	2	3
441	-6	1	2	3
442	-6	1	2	3
443	-6	1	2	3
444	-6	1	2	3
445	-6	1	2	3
446	-6	1	2	3
447	-6	1	2	3
448	-6	1	2	3
449	-6	1	2	3
450	-6	1	2	3
451	-6	1	2	3
452	-6	1	2	3
453	-6	1	2	3
454	-6	1	2	3
455	-6	1	2	3
456	-6	1	2	3
457	-6	1	2	3
458	-6	1	2	3
459	-6	1	2	3
460	-6	1	2	3
461	-6	1	2	3
462	-6	1	2	3
463	-6	1	2	3
464	-6	1	2	3
465	-6	1	2	3
466	-6	1	2	3
467	-6	1	2	3
468	-6	1	2	3
469	-6	1	2	3
470	-6.3	1	2	3
471	-6.3	1	2	3
472	-6.3	1	2	3
473	-6.3	1	2	3
474	-6.3	1	2	3
553	-4.3	1	3	3
554	-4.3	1	3	3
555	-4.3	1	3	3
556	-4.3	1	3	3
557	-4.3	1	3	3
558	-4.3	1	3	3
559	-4.3	1	3	3
560	-4.3	1	3	3
561	-4.3	1	3	3
562	-4.3	1	3	3
563	-4.3	1	3	3
564	-4.3	1	3	3
565	-4.3	1	3	3
566	-4.3	1	3	3
567	-4.3	1	3	3
568	-4.3	1	3	3
569	-4.3	1	3	3
570	-4.3	1	3	3
571	-4.3	1	3	3
572	-4.3	1	3	3
573	-4.3	1	3	3
574	-4.3	1	3	3
575	-4.3	1	3	3
576	-4.3	1	3	3
577	-4.3	1	3	3
578	-4.3	1	3	3
579	-4.3	1	3	3
580	-4.3	1	3	3
581	-4.3	1	3	3
582	-4.3	1	3	3
583	-4.3	1	3	3
584	-6	1	3	3
585	-6	1	3	3
586	-6	1	3	3
587	-6	1	3	3
588	-6	1	3	3
589	-6	1	3	3
590	-6	1	3	3
591	-6	1	3	3
592	-6	1	3	3
593	-6	1	3	3
594	-6	1	3	3
595	-6	1	3	3
596	-6	1	3	3
597	-6	1	3	3
598	-6	1	3	3
669	-6	1	3	3
670	-6	1	3	3
671	-6	1	3	3
672	-6	1	3	3
673	-6	1	3	3
674	-6	1	3	3
675	-6	1	3	3
676	-6	1	3	3
677	-6	1	3	3
759	-6	1	3	3
760	-6	1	3	3
761	-6	1	3	3
762	-6	1	3	3
763	-6	1	3	3
764	-6	1	3	3
765	-6	1	3	3
766	-6	1	3	3
767	-6	1	3	3
768	-6	1	3	3
769	-6	1	3	3
770	-6	1	3	3
788	-4.3	1	2	3
789	-4.3	1	2	3
790	-4.3	1	2	3
791	-4.3	1	2	3
792	-4.3	1	2	3
793	-4.3	1	2	3
794	-4.3	1	2	3
795	-4.3	1	2	3
796	-4.3	1	2	3
797	-4.3	1	2	3
798	-4.3	1	2	3
799	-4.3	1	2	3
800	-4.3	1	2	3
801	-4.3	1	2	3
802	-4.3	1	2	3
803	-4.3	1	2	3
804	-4.3	1	2	3
805	-4.3	1	2	3
806	-4.3	1	2	3
825	-6	2	2	3
826	-6	2	2	3
827	-6	2	2	3
828	-6	2	2	3
829	-6	2	2	3
830	-6	2	2	3
831	-6	2	2	3
832	-6	2	2	3
833	-6	2	2	3
834	-6	2	2	3
835	-6	2	2	3
836	-6	2	2	3
837	-6	2	2	3
838	-6	2	2	3
839	-6	2	2	3
840	-6	2	2	3
841	-6	2	2	3
842	-6	2	2	3
843	-6	2	2	3
844	-6	2	2	3
845	-6	2	2	3
846	-6	2	2	3
847	-6	2	2	3
848	-6	2	2	3
849	-6	2	2	3
850	-6	2	2	3
864	-4.3	2	3	3
865	-4.3	2	3	3
866	-4.3	2	3	3
867	-4.3	2	3	3
868	-4.3	2	3	3
869	-4.3	2	3	3
870	-4.3	2	3	3
871	-4.3	2	3	3
872	-4.3	2	3	3
873	-4.3	2	3	3
874	-4.3	2	3	3
893	-4.3	1	3	3
894	-4.3	1	3	3
895	-4.3	1	3	3
896	-4.3	1	3	3
897	-4.3	1	3	3
898	-6	1	3	3
899	-6	1	3	3
900	-6	1	3	3
901	-6	1	3	3
902	-6	1	3	3
903	-6	1	3	3
924	-6	1	3	3
951	-6	1	3	3
952	-6	1	3	3
953	-6	1	2	3
954	-6	1	2	3
955	-6	1	2	3
956	-6	1	2	3
957	-6	1	2	3
958	-6	1	2	3
959	-6	1	2	3
960	-6	1	2	3
961	-6	1	2	3
962	-6	1	2	3
963	-6	1	2	3
964	-6	1	2	3
965	-6	1	2	3
966	-6	1	2	3
967	-6	1	2	3
968	-6	1	2	3
969	-6	1	2	3
970	-6	1	2	3
971	-6	1	2	3
972	-6	1	2	3
973	-6	1	2	3
974	-6	1	2	3
975	-6	1	2	3
977	-6.3	1	2	3
978	-6.3	1	2	3
979	-6.3	1	2	3
980	-6.3	1	2	3
991	-4.3	1	3	3
992	-4.3	1	3	3
993	-4.3	1	3	3
994	-4.3	1	3	3
995	-4.3	1	3	3
996	-4.3	1	3	3
997	-4.3	1	3	3
998	-4.3	1	3	3
999	-4.3	1	3	3
1000	-4.3	1	3	3
1001	-4.3	1	3	3
1002	-4.3	1	3	3
1003	-4.3	1	3	3
1004	-4.3	1	3	3
1005	-4.3	1	3	3
1006	-4.3	1	3	3
1007	-6	1	3	3
1008	-6	1	3	3
1009	-6	1	3	3
1010	-6	1	3	3
1011	-6	1	3	3
1012	-6	1	3	3
1013	-6	1	3	3
1014	-6	1	3	3
1015	-6	1	3	3
1016	-6	1	3	3
1017	-6	1	3	3
1018	-6	1	3	3
1019	-6	1	3	3
1020	-6	1	3	3
1021	-6	1	3	3
1022	-6	1	3	3
1023	-6	1	3	3
1073	-6	1	3	3
1074	-6	1	3	3
1075	-6	1	3	3
1076	-6	1	3	3
1077	-6	1	3	3
1078	-6	1	3	3
1079	-6	1	3	3
1080	-6	1	3	3
1081	-6	1	3	3
1082	-6	1	3	3
1083	-6	1	3	3
1084	-6	1	3	3
1115	-6	1	3	3
1116	-6	1	3	3
1117	-6	1	3	3
1118	-6	1	3	3
1119	-6	1	3	3
1120	-6	1	3	3
1121	-6	1	3	3
1122	-4.3	1	2	3
1123	-4.3	1	2	3
1124	-4.3	1	2	3
1125	-4.3	1	2	3
1126	-4.3	1	2	3
1127	-4.3	1	2	3
1128	-4.3	1	2	3
1129	-4.3	1	2	3
1130	-4.3	1	2	3
1131	-4.3	1	2	3
1132	-4.3	1	2	3
1133	-4.3	1	2	3
1134	-4.3	1	2	3
1135	-4.3	1	2	3
1136	-4.3	1	2	3
1137	-4.3	1	2	3
1154	-6	2	2	3
1155	-6	2	2	3
1156	-6	2	2	3
1157	-6	2	2	3
1158	-6	2	2	3
1159	-6	2	2	3
1160	-6	2	2	3
1161	-6	2	2	3
1162	-6	2	2	3
1163	-6	2	2	3
1190	-4.3	1	3	3
1191	-4.3	1	3	3
1192	-4.3	1	3	3
1193	-4.3	1	3	3
1194	-4.3	1	3	3
1195	-6	1	3	3
1196	-6	1	3	3
1197	-6	1	3	3
1198	-6	1	3	3
1199	-6	1	3	3
1224	-6	1	3	3
1225	-6	1	3	3
1226	-6	1	3	3
1227	-6	1	2	3
1228	-6	1	2	3
1229	-6	1	2	3
1230	-6	1	2	3
1231	-6	1	2	3
1232	-6	1	2	3
1233	-6	1	2	3
1234	-6	1	2	3
1235	-6	1	2	3
1256	-6	1	3	3
1257	-6	1	3	3
1258	-6	1	3	3
1259	-6	1	3	3
1260	-6	1	3	3
1261	-6	1	3	3
1262	-6	1	3	3
1263	-6	1	3	3
1264	-6	1	3	3
1265	-6	1	3	3
1266	-6	1	3	3
1267	-6	1	3	3
1284	-6	1	3	3
1285	-6	1	3	3
1286	-6	1	3	3
1287	-6	1	3	3
1288	-6	1	3	3
1289	-6	1	3	3
1290	-6	1	3	3
1291	-6	1	3	3
1292	-6	1	3	3
1293	-6	1	3	3
1294	-6	1	3	3
1295	-6	1	3	3
1296	-6	1	3	3
1297	-6	1	3	3
1298	-6	1	3	3
1299	-6	1	3	3
1300	-6	1	3	3
1301	-6	1	3	3
1302	-6	1	3	3
1332	-6	1	3	3
1333	-6	1	3	3
1334	-6	1	3	3
1336	-6.3	1	2	3
1337	-6.3	1	2	3
1338	-6.3	1	2	3
1339	-6.3	1	2	3
1340	-6.3	1	2	3
1341	-6.3	1	2	3
1344	-4.3	1	3	3
1345	-4.3	1	3	3
1346	-4.3	1	3	3
1347	-4.3	1	3	3
1348	-4.3	1	3	3
1349	-4.3	1	3	3
1350	-4.3	1	3	3
1351	-4.3	1	3	3
1352	-4.3	1	3	3
1353	-4.3	1	3	3
1354	-4.3	1	3	3
1355	-4.3	1	3	3
1356	-4.3	1	3	3
1357	-4.3	1	3	3
1358	-4.3	1	3	3
1359	-6	1	3	3
1360	-6	1	3	3
1361	-6	1	3	3
1362	-6	1	3	3
1363	-6	1	3	3
1364	-6	1	3	3
1365	-6	1	3	3
1366	-6	1	3	3
1367	-6	1	3	3
1402	-4.3	1	3	3
1403	-6	1	3	3
1404	-6	1	3	3
1428	-4.3	1	3	3
1429	-4.3	1	3	3
1430	-4.3	1	3	3
1431	-6	1	3	3
1432	-6	1	3	3
1433	-6	1	3	3
1434	-6	1	3	3
1435	-6	1	3	3
1436	-6	1	3	3
1437	-6	1	3	3
1446	-6	1	3	3
1449	-4.3	1	3	3
1450	-4.3	1	3	3
1451	-4.3	1	3	3
1452	-4.3	1	3	3
1453	-4.3	1	3	3
1454	-4.3	1	2	3
1455	-4.3	1	2	3
1456	-4.3	1	2	3
1457	-4.3	1	2	3
1458	-4.3	1	2	3
1459	-4.3	1	2	3
1460	-4.3	1	2	3
1467	-6	1	2	3
1468	-6	1	2	3
1469	-6	1	2	3
1470	-6	1	2	3
1492	-6	1	3	3
1493	-6	1	3	3
1494	-6	1	3	3
1495	-6	1	3	3
1496	-6	1	3	3
1497	-6	1	3	3
1498	-6	1	3	3
1499	-6	1	3	3
1500	-6	1	3	3
1501	-6	1	3	3
1502	-4.3	1	1	3
1503	-4.3	1	1	3
1504	-4.3	1	1	3
1505	-4.3	1	1	3
1506	-4.3	1	1	3
1507	-4.3	1	1	3
1508	-4.3	1	1	3
1509	-4.3	1	1	3
1510	-4.3	1	1	3
1511	-4.3	1	1	3
1512	-4.3	1	1	3
1513	-4.3	1	1	3
1514	-4.3	1	1	3
1515	-4.3	1	1	3
1516	-4.3	1	1	3
1517	-4.3	1	1	3
1518	-4.3	1	1	3
1519	-4.3	1	1	3
1520	-4.3	1	1	3
1521	-4.3	1	1	3
1522	-4.3	1	1	3
1523	-4.3	1	1	3
1524	-4.3	1	1	3
1540	-6	1	3	3
1541	-6	1	3	3
1542	-6	1	3	3
1543	-4.3	1	1	3
1544	-4.3	1	1	3
1545	-4.3	1	1	3
1546	-4.3	1	1	3
1547	-4.3	1	1	3
1548	-4.3	1	1	3
1549	-4.3	1	1	3
1550	-4.3	1	1	3
1551	-4.3	1	1	3
1552	-4.3	1	1	3
1553	-4.3	1	1	3
1554	-4.3	1	1	3
1555	-4.3	1	1	3
1556	-4.3	1	1	3
1557	-4.3	1	1	3
1558	-4.3	1	1	3
1559	-4.3	1	1	3
1560	-4.3	1	1	3
1561	-4.3	1	1	3
1562	-4.3	1	1	3
1563	-4.3	1	1	3
1564	-4.3	1	1	3
1565	-4.3	1	1	3
1566	-4.3	1	1	3
1567	-4.3	1	1	3
1568	-4.3	1	1	3
1569	-4.3	1	1	3
1570	-4.3	1	1	3
1583	-4.3	1	1	3
1584	-4.3	1	1	3
1585	-4.3	1	1	3
1586	-4.3	1	1	3
1587	-4.3	1	1	3
1588	-4.3	1	1	3
1589	-4.3	1	1	3
1590	-4.3	1	1	3
1613	-6	1	3	3
1614	-6	1	3	3
1615	-6	1	3	3
1651	-6	2	1	3
1652	-6	2	1	3
1653	-6	2	1	3
1654	-6	2	1	3
1655	-6	2	3	3
1656	-6	2	3	3
1657	-6	2	1	3
1658	-6	2	1	3
1659	-6	2	1	3
1660	-6	2	1	3
1661	-6	2	1	3
1662	-6	2	1	3
1663	-6	2	1	3
1664	-6	2	1	3
1697	-6	1	2	3
1698	-6	1	2	3
1699	-6	1	2	3
1700	-6	1	2	3
1701	-6	1	2	3
1707	-6	1	3	3
1708	-6	1	3	3
1709	-6	1	3	3
1710	-6	1	3	3
1711	-6	1	3	3
1712	-6	1	3	3
1713	-4.3	1	1	3
1714	-4.3	1	1	3
1715	-4.3	1	1	3
1716	-4.3	1	1	3
1717	-4.3	1	1	3
1718	-4.3	1	1	3
1719	-4.3	1	1	3
1720	-4.3	1	1	3
1721	-4.3	1	1	3
1722	-4.3	1	1	3
1723	-4.3	1	1	3
1724	-4.3	1	1	3
1725	-4.3	1	1	3
1726	-4.3	1	1	3
1727	-4.3	1	1	3
1728	-4.3	1	1	3
1729	-4.3	1	1	3
1730	-4.3	1	1	3
1731	-4.3	1	1	3
1732	-4.3	1	1	3
1733	-4.3	1	1	3
1734	-4.3	1	1	3
1747	-4.3	1	1	3
1759	-6	1	3	3
1760	-6	1	3	3
1761	-4.3	1	1	3
1762	-4.3	1	1	3
1763	-4.3	1	1	3
1764	-4.3	1	1	3
1765	-4.3	1	1	3
1766	-4.3	1	1	3
1767	-4.3	1	1	3
1768	-4.3	1	1	3
1769	-4.3	1	1	3
1770	-4.3	1	1	3
1771	-4.3	1	1	3
1772	-4.3	1	1	3
1773	-4.3	1	1	3
1774	-4.3	1	1	3
1775	-4.3	1	1	3
1776	-4.3	1	1	3
1777	-4.3	1	1	3
1778	-4.3	1	1	3
1796	-6	1	3	3
1797	-6	1	3	3
1798	-6	1	3	3
1799	-6	1	3	3
1824	-6	2	3	3
1825	-6	2	3	3
1844	-6	1	2	3
1845	-6	1	2	3
1846	-6	1	2	3
1847	-6	1	2	3
1851	-6	1	1	3
1852	-6	1	1	3
1853	-6	1	1	3
1854	-6	1	1	3
1855	-6	1	1	3
1856	-6	1	1	3
1857	-6	1	1	3
1858	-6	1	1	3
1859	-6	1	1	3
1860	-6	1	1	3
1861	-6	1	1	3
1862	-6	1	1	3
1863	-6	1	1	3
1864	-6	1	1	3
1865	-6	1	1	3
1866	-6	1	1	3
1867	-6	1	1	3
1868	-6	1	1	3
1869	-6	1	1	3
1870	-6	1	1	3
1871	-6	1	1	3
1872	-6	1	1	3
1873	-6	1	1	3
1874	-6	1	1	3
1875	-6	1	1	3
1876	-6	1	1	3
1877	-6	1	1	3
1878	-6	1	1	3
1879	-6	1	1	3
1880	-6	1	1	3
1881	-6	1	1	3
1882	-6	1	1	3
1883	-6	1	1	3
1884	-6	1	1	3
1885	-6	1	1	3
1886	-6	1	1	3
1887	-6	1	1	3
1888	-6	1	1	3
1889	-6	1	1	3
1890	-6	1	1	3
1894	-6	1	1	3
1895	-6	1	1	3
1896	-6	1	1	3
1897	-6	1	1	3
1898	-6	1	1	3
1899	-6	1	1	3
1900	-6	1	1	3
1901	-6	1	1	3
1902	-6	1	1	3
1903	-6	1	1	3
1904	-6	1	1	3
1905	-6	1	1	3
1906	-6	1	1	3
1907	-6	1	1	3
1908	-6	1	1	3
1909	-6	1	1	3
1910	-6	1	1	3
1911	-6	1	1	3
1912	-6	1	1	3
1913	-6	1	1	3
1914	-6	1	1	3
1915	-6	1	1	3
1916	-6	1	1	3
1917	-6	1	1	3
1918	-6	1	1	3
1919	-6	1	1	3
1920	-6	1	1	3
1921	-6	1	1	3
1922	-6	1	1	3
1923	-6	1	1	3
1924	-6	1	1	3
1925	-6	1	1	3
1926	-6	1	1	3
1927	-6	1	1	3
1928	-6	1	1	3
1929	-6	1	1	3
1930	-6	1	1	3
1931	-6	1	1	3
1932	-6	1	1	3
1933	-6	1	1	3
1934	-6	1	1	3
1935	-6	1	1	3
1936	-6	1	1	3
1937	-6	1	1	3
1941	-6	1	1	3
1942	-6	1	1	3
1943	-6	1	1	3
1944	-6	1	1	3
1945	-6	1	1	3
1946	-6	1	1	3
1947	-6	1	1	3
1948	-6	1	1	3
1949	-6	1	1	3
1950	-6	1	1	3
1951	-6	1	1	3
1952	-6	1	1	3
1953	-6	1	1	3
1954	-6	1	1	3
1955	-6	1	1	3
1956	-6	1	1	3
1957	-6	1	1	3
1958	-6	1	1	3
1959	-6	1	1	3
1960	-6	1	1	3
1961	-6	1	1	3
1962	-6	1	1	3
1963	-6	1	1	3
1964	-6	1	1	3
1965	-6	1	1	3
1966	-6	1	1	3
1967	-6	1	1	3
1968	-6	1	1	3
1969	-6	1	1	3
1970	-6	1	1	3
1971	-6	1	1	3
1972	-6	1	1	3
1985	-6.3	1	1	3
1986	-6.3	1	1	3
2063	-6	1	3	3
2064	-6	1	3	3
2065	-6	1	3	3
2066	-6	1	3	3
2067	-6	1	3	3
2120	-6	1	3	3
2121	-6	1	3	3
2122	-6	1	3	3
2123	-6	1	3	3
2124	-6	1	3	3
2125	-6	1	3	3
2126	-6	1	3	3
2127	-6	1	3	3
2155	-6	2	3	3
2156	-6	2	3	3
2157	-6	2	3	3
2158	-6	2	3	3
2159	-6	2	3	3
2160	-6	2	3	3
2161	-6	2	3	3
2162	-6	2	3	3
2163	-6	2	3	3
2164	-6	2	1	3
2165	-6	2	1	3
2166	-6	2	1	3
2167	-6	2	1	3
2168	-6	2	1	3
2169	-6	2	1	3
2170	-6	2	1	3
2171	-6	2	1	3
2184	-6	1	3	3
2185	-6	1	3	3
2186	-6	1	3	3
2202	-6	1	3	3
2203	-4.3	1	2	3
2211	-6	1	2	3
2212	-6	1	2	3
2213	-6	1	2	3
2214	-6	1	2	3
2215	-6	1	2	3
2216	-6	1	2	3
2217	-6	1	2	3
2218	-6	1	2	3
2219	-6	1	2	3
2220	-6	1	2	3
2270	-4.3	1	3	3
2271	-4.3	1	3	3
2272	-4.3	1	3	3
2273	-4.3	1	3	3
2274	-4.3	1	3	3
2275	-4.3	1	3	3
2276	-4.3	1	3	3
2277	-4.3	1	3	3
2278	-6	1	3	3
2279	-6	1	3	3
2280	-6	1	3	3
2281	-6	1	3	3
2282	-6	1	3	3
2283	-6	1	3	3
2284	-6	1	3	3
2285	-4.3	1	3	3
2286	-4.3	1	3	3
2287	-4.3	1	3	3
2288	-4.3	1	3	3
2289	-4.3	1	3	3
2290	-4.3	1	3	3
2291	-4.3	1	3	3
2292	-4.3	1	3	3
2293	-4.3	1	3	3
2294	-4.3	1	3	3
2295	-6	1	3	3
2296	-6	1	3	3
2297	-6	1	3	3
2298	-6	1	3	3
2299	-6	1	3	3
2300	-6	1	3	3
2314	-6	1	3	3
2315	-6	1	3	3
2316	-6	1	3	3
2317	-6	1	3	3
2318	-6	1	3	3
2319	-6	1	3	3
2330	-6	1	3	3
2331	-6	1	3	3
2332	-6	1	3	3
2333	-6	1	3	3
2334	-4.3	1	2	3
2335	-4.3	1	2	3
2336	-4.3	1	2	3
2337	-4.3	1	2	3
2338	-4.3	1	2	3
2339	-4.3	1	2	3
2340	-4.3	1	2	3
2341	-4.3	1	2	3
2342	-4.3	1	2	3
2343	-4.3	1	2	3
2344	-4.3	1	2	3
2345	-4.3	1	2	3
2346	-4.3	1	2	3
2347	-4.3	1	2	3
2348	-4.3	1	2	3
2349	-4.3	1	2	3
2350	-4.3	1	2	3
2369	-6	1	3	3
2380	-6	1	3	3
2381	-6	1	3	3
2382	-6	1	2	3
2383	-6	1	2	3
2384	-6	1	2	3
2385	-6	1	2	3
2386	-6	1	2	3
2387	-6	1	2	3
2388	-6	1	2	3
2389	-6	1	2	3
2390	-6	1	2	3
2391	-6	1	2	3
2392	-6	1	2	3
2393	-6	1	2	3
2394	-6	1	2	3
2395	-6	1	2	3
2396	-6	1	2	3
2428	-6	1	3	3
2429	-6	1	3	3
2430	-6	1	3	3
2431	-6	1	3	3
2432	-6	1	3	3
2467	-6	1	3	3
2468	-6	1	3	3
2469	-6	1	3	3
2470	-6	1	3	3
2471	-6	1	3	3
2472	-6	1	3	3
2473	-6	1	3	3
2474	-6	1	3	3
2499	-6	2	2	3
2500	-6	2	2	3
2501	-6	2	2	3
2502	-6	2	2	3
2503	-6	2	2	3
2504	-6	2	2	3
2505	-6	2	2	3
2506	-6	2	2	3
2507	-6	2	2	3
2508	-6	2	1	3
2509	-6	2	1	3
2510	-6	2	1	3
2511	-6	2	1	3
2512	-6	2	1	3
2513	-6	2	1	3
2514	-6	2	1	3
2522	-6	2	3	3
2523	-6	2	3	3
2524	-6	2	3	3
2525	-6	2	3	3
2526	-6	2	3	3
2527	-6	2	2	3
2528	-6	2	2	3
2529	-6	2	2	3
2530	-6	2	2	3
2531	-6	2	2	3
2532	-6	2	2	3
2533	-6	2	2	3
2537	-6	2	3	3
2538	-6	2	3	3
2539	-6	2	3	3
2540	-6	2	3	3
2541	-6	2	3	3
2542	-6	2	3	3
2543	-6	2	3	3
2544	-6	2	2	3
2545	-6	2	2	3
2546	-6	2	1	3
2547	-6	2	1	3
2548	-6	2	1	3
2549	-6	2	1	3
2550	-6	2	1	3
2551	-6	2	3	3
2552	-6	2	3	3
2553	-6	2	3	3
2554	-6	2	3	3
2555	-6	2	3	3
2556	-6	2	2	3
2557	-6	2	2	3
2560	-6	1	2	3
2561	-6	1	2	3
2562	-6	1	2	3
2563	-6	1	2	3
2564	-6	1	2	3
2587	-6	1	2	3
2588	-6	1	2	3
2589	-6	1	3	3
2596	-6	1	3	3
2602	-6	2	3	3
2603	-6	2	3	3
2604	-6	2	1	3
2607	-6	1	2	3
2608	-6	1	3	3
2612	-6	1	1	3
2613	-6	1	1	3
2614	-6	1	1	3
2616	-6	1	1	3
2617	-6	1	1	3
2618	-6	1	1	3
2619	-6	1	1	3
2620	-6	1	1	3
2628	-4.3	1	3	3
2629	-6	1	3	3
2635	-6	1	2	3
2636	-6	1	2	3
2637	-6	1	2	3
2646	-6	1	3	3
2647	-6	1	3	3
2648	-6	1	3	3
2649	-6	1	3	3
2650	-6	1	3	3
2651	-6	1	3	3
2659	-6	1	3	3
2660	-6	1	3	3
2661	-6	1	3	3
2666	-6	1	2	3
2667	-6	1	2	3
2668	-6	1	2	3
2669	-6	1	2	3
2672	-6	1	1	3
2673	-6	1	1	3
2674	-6	1	1	3
2675	-6	1	1	3
2676	-6	1	1	3
2677	-6	1	1	3
2678	-6	1	1	3
2679	-6	1	1	3
2683	-6.3	1	1	3
2695	-6	1	3	3
2696	-6	1	3	3
2697	-6	1	3	3
2698	-6	1	3	3
2699	-6	1	3	3
2700	-6	1	3	3
2702	-6.3	1	2	3
2703	-6.3	1	2	3
2704	-6.3	1	2	3
2705	-6	1	3	3
