47	-4	1	3	2
48	-4	1	3	2
49	-4	1	3	2
50	-4	1	3	2
51	-4	1	3	2
52	-4	1	3	2
53	-4	1	3	2
54	-4	1	3	2
55	-4	1	3	2
56	-4	1	3	2
57	-4	1	3	2
58	-4	1	3	2
59	-4	1	3	2
60	-4	1	3	2
61	-4	1	3	2
62	-4	1	3	2
63	-4	1	3	2
64	-4	1	3	2
65	-4	1	3	2
66	-4	1	3	2
67	-4	1	3	2
68	-4	1	3	2
78	-4.3	1	3	3
79	-4.3	1	3	3
80	-4.3	1	3	3
81	-4.3	1	3	3
82	-4.3	1	3	3
83	-4.3	1	3	3
84	-4.3	1	3	3
85	-4.3	1	3	3
86	-4.3	1	3	3
87	-4.3	1	3	3
88	-4.3	1	3	3
89	-4.3	1	3	3
90	-4.3	1	3	3
91	-4.3	1	3	3
92	-4.3	2	2	3
93	-4.3	2	2	3
94	-4.3	2	2	3
95	-4.3	2	2	3
96	-4.3	2	2	3
97	-4.3	2	2	3
98	-4.3	2	2	3
99	-4.3	2	2	3
100	-4.3	2	2	3
101	-4.3	2	2	3
102	-4.3	2	2	3
103	-4.3	2	2	3
104	-4.3	2	2	3
182	-4.3	1	2	3
183	-4.3	1	2	3
184	-4.3	1	2	3
185	-4.3	1	2	3
186	-4.3	1	2	3
187	-4.3	1	2	3
188	-4.3	1	2	3
189	-4.3	1	2	3
190	-4.3	1	2	3
191	-4.3	1	2	3
192	-4.3	1	2	3
193	-4.3	1	2	3
194	-4.3	1	2	3
250	-4.3	1	3	3
251	-4.3	1	3	3
252	-4.3	1	3	3
253	-4.3	1	3	3
254	-4.3	1	3	3
255	-4.3	1	3	3
256	-4.3	1	3	3
257	-4.3	1	3	3
258	-4.3	1	3	3
259	-4.3	1	3	3
260	-4.3	1	3	3
261	-4.3	1	3	3
262	-4.3	1	3	3
263	-4.3	1	3	3
352	-4.3	1	2	3
353	-4.3	1	2	3
354	-4.3	1	2	3
355	-4.3	1	2	3
356	-4.3	1	2	3
357	-4.3	1	2	3
358	-4.3	1	2	3
359	-4.3	1	2	3
360	-4.3	1	2	3
361	-4.3	1	2	3
362	-4.3	1	2	3
363	-4.3	1	2	3
364	-4.3	1	2	3
365	-4.3	1	2	3
366	-4.3	1	2	3
367	-4.3	1	2	3
368	-4.3	1	2	3
369	-4.3	1	2	3
370	-4.3	1	2	3
371	-4.3	1	2	3
372	-4.3	1	2	3
373	-4.3	1	2	3
374	-4.3	1	2	3
375	-4.3	1	2	3
376	-4.3	1	2	3
377	-4.3	1	2	3
378	-4.3	1	2	3
379	-4.3	1	2	3
380	-4.3	1	2	3
381	-4.3	1	2	3
382	-4.3	1	2	3
383	-4.3	1	2	3
384	-4.3	1	2	3
385	-4.3	1	2	3
386	-4.3	1	2	3
387	-4.3	1	2	3
388	-4.3	1	2	3
389	-4.3	1	2	3
390	-4.3	1	2	3
391	-4.3	1	2	3
392	-4.3	1	2	3
393	-4.3	1	2	3
394	-6	1	2	3
395	-6	1	2	3
396	-6	1	2	3
397	-6	1	2	3
398	-6	1	2	3
399	-6	1	2	3
400	-6	1	2	3
401	-6	1	2	3
402	-6	1	2	3
403	-6	1	2	3
404	-6	1	2	3
405	-6	1	2	3
406	-4.3	2	2	3
407	-4.3	2	2	3
408	-4.3	2	2	3
409	-4.3	2	2	3
410	-4.3	2	2	3
411	-4.3	2	2	3
412	-4.3	2	2	3
413	-4.3	2	2	3
414	-4.3	2	2	3
415	-4.3	2	2	3
416	-4.3	2	2	3
417	-4.3	2	2	3
418	-4.3	2	2	3
419	-4.3	2	2	3
420	-4.3	2	2	3
421	-4.3	2	2	3
422	-4.3	2	2	3
423	-4.3	2	2	3
424	-4.3	2	2	3
425	-4.3	2	2	3
426	-4.3	2	2	3
427	-4.3	2	2	3
428	-4.3	2	2	3
429	-4.3	2	2	3
430	-6	2	2	3
431	-6	2	2	3
432	-6	2	2	3
470	-6.3	1	2	3
471	-6.3	1	2	3
472	-6.3	1	2	3
473	-6.3	1	2	3
474	-6.3	1	2	3
553	-4.3	1	3	3
554	-4.3	1	3	3
555	-4.3	1	3	3
556	-4.3	1	3	3
557	-4.3	1	3	3
558	-4.3	1	3	3
559	-4.3	1	3	3
560	-4.3	1	3	3
561	-4.3	1	3	3
562	-4.3	1	3	3
563	-4.3	1	3	3
564	-4.3	1	3	3
565	-4.3	1	3	3
566	-4.3	1	3	3
567	-4.3	1	3	3
568	-4.3	1	3	3
569	-4.3	2	1	3
570	-4.3	2	1	3
571	-4.3	2	1	3
572	-4.3	2	1	3
573	-4.3	2	1	3
574	-4.3	2	1	3
575	-4.3	2	1	3
576	-4.3	2	1	3
577	-4.3	2	1	3
578	-4.3	2	1	3
579	-4.3	2	1	3
580	-4.3	2	1	3
581	-4.3	2	1	3
582	-4.3	2	1	3
583	-4.3	2	1	3
788	-4	1	2	2
789	-4	1	2	2
790	-4	1	2	2
791	-4	1	2	2
792	-4	1	2	2
793	-4	1	2	2
794	-4	1	2	2
795	-4	1	2	2
796	-4	1	2	2
797	-4	1	2	2
798	-4	1	2	2
799	-4	1	2	2
800	-4	1	2	2
801	-4	1	2	2
802	-4	1	2	2
803	-4	1	2	2
804	-4	1	2	2
805	-4	1	2	2
806	-4	1	2	2
864	-4.3	1	1	3
865	-4.3	1	1	3
866	-4.3	1	1	3
867	-4.3	1	1	3
868	-4.3	1	1	3
869	-4.3	1	1	3
870	-4.3	1	1	3
871	-4.3	1	1	3
872	-4.3	1	1	3
873	-4.3	1	1	3
874	-4.3	1	1	3
875	-4.3	1	1	3
876	-4.3	1	1	3
877	-4.3	1	1	3
878	-4.3	1	1	3
879	-4.3	1	1	3
880	-4.3	1	1	3
881	-4.3	1	1	3
882	-4.3	1	1	3
883	-4.3	1	1	3
884	-4.3	1	1	3
885	-4.3	1	1	3
886	-4.3	1	1	3
887	-4.3	1	1	3
888	-4.3	1	1	3
924	-6	1	2	3
945	-6	2	2	3
946	-6	2	2	3
947	-6	2	2	3
948	-6	2	2	3
949	-6	2	2	3
950	-6	2	2	3
951	-6	2	2	3
952	-6	2	2	3
977	-6.3	1	2	3
978	-6.3	1	2	3
979	-6.3	1	2	3
980	-6.3	1	2	3
991	-4.3	1	3	3
992	-4.3	1	3	3
993	-4.3	1	3	3
994	-4.3	1	3	3
995	-4.3	1	3	3
996	-4.3	1	3	3
997	-4.3	1	3	3
998	-4.3	1	3	3
999	-4.3	1	3	3
1000	-4.3	1	3	3
1001	-4.3	1	3	3
1002	-4.3	1	3	3
1003	-4.3	1	3	3
1004	-4.3	1	3	3
1005	-4.3	1	3	3
1006	-4.3	1	3	3
1122	-4	1	2	2
1123	-4	1	2	2
1124	-4	1	2	2
1125	-4	1	2	2
1126	-4	1	2	2
1127	-4	1	2	2
1128	-4	1	2	2
1129	-4	1	2	2
1130	-4	1	2	2
1131	-4	1	2	2
1132	-4	1	2	2
1133	-4	1	2	2
1134	-4	1	2	2
1135	-4	1	2	2
1136	-4	1	2	2
1137	-4	1	2	2
1174	-4.3	2	3	3
1175	-4.3	2	3	3
1176	-4.3	2	3	3
1177	-4.3	2	3	3
1178	-4.3	2	3	3
1179	-4.3	2	3	3
1180	-4.3	2	3	3
1181	-4.3	2	3	3
1182	-4.3	2	3	3
1183	-4.3	2	3	3
1184	-4.3	2	3	3
1185	-4.3	2	3	3
1186	-4.3	2	3	3
1187	-4.3	2	3	3
1188	-4.3	2	3	3
1189	-4.3	2	3	3
1214	-6	1	2	3
1215	-6	1	2	3
1224	-6	2	2	3
1225	-6	2	2	3
1226	-6	2	2	3
1335	-6	1	2	3
1336	-6.3	1	2	3
1337	-6.3	1	2	3
1338	-6.3	1	2	3
1339	-6.3	1	2	3
1340	-6.3	1	2	3
1341	-6.3	1	2	3
1344	-4.3	1	3	3
1345	-4.3	1	3	3
1346	-4.3	1	3	3
1347	-4.3	1	3	3
1348	-4.3	1	3	3
1349	-4.3	1	3	3
1350	-4.3	1	3	3
1351	-4.3	1	3	3
1352	-4.3	1	3	3
1353	-4.3	2	2	3
1354	-4.3	2	2	3
1355	-4.3	2	2	3
1356	-4.3	2	2	3
1357	-4.3	2	2	3
1358	-4.3	2	2	3
1402	-4.3	1	2	3
1428	-4.3	1	3	3
1429	-4.3	1	3	3
1430	-4.3	1	3	3
1449	-4.3	1	1	3
1450	-4.3	1	1	3
1451	-4.3	1	1	3
1452	-4.3	1	1	3
1453	-4.3	1	1	3
1466	-6	2	1	3
1502	-4.3	1	1	3
1503	-4.3	1	1	3
1504	-4.3	1	1	3
1505	-4.3	1	1	3
1506	-4.3	1	1	3
1507	-4.3	1	1	3
1508	-4.3	1	1	3
1509	-4.3	1	1	3
1510	-4.3	1	1	3
1511	-4.3	1	1	3
1512	-4.3	1	1	3
1513	-4.3	1	1	3
1514	-4.3	1	1	3
1515	-4.3	1	1	3
1516	-4.3	1	1	3
1517	-4.3	1	1	3
1518	-4.3	1	1	3
1519	-4.3	1	1	3
1520	-4.3	1	1	3
1521	-4.3	1	1	3
1522	-4.3	1	1	3
1523	-4.3	1	1	3
1524	-4.3	1	1	3
1525	-4.3	1	1	3
1526	-4.3	1	1	3
1527	-4.3	1	1	3
1528	-4.3	1	1	3
1529	-4.3	1	1	3
1530	-4.3	1	1	3
1531	-4.3	1	1	3
1532	-4.3	1	1	3
1533	-4.3	1	1	3
1543	-4.3	1	1	3
1544	-4.3	1	1	3
1545	-4.3	1	1	3
1546	-4.3	1	1	3
1547	-4.3	1	1	3
1548	-4.3	1	1	3
1549	-4.3	1	1	3
1550	-4.3	1	1	3
1551	-4.3	1	1	3
1552	-4.3	1	1	3
1553	-4.3	1	1	3
1554	-4.3	1	1	3
1555	-4.3	1	1	3
1556	-4.3	1	1	3
1557	-4.3	1	1	3
1558	-4.3	1	1	3
1559	-4.3	1	1	3
1560	-4.3	1	1	3
1561	-4.3	1	1	3
1562	-4.3	1	1	3
1563	-4.3	1	1	3
1564	-4.3	1	1	3
1565	-4.3	1	1	3
1566	-4.3	1	1	3
1567	-4.3	1	1	3
1568	-4.3	1	1	3
1569	-4.3	1	1	3
1570	-4.3	1	1	3
1571	-4.3	1	1	3
1572	-4.3	1	1	3
1573	-4.3	1	1	3
1574	-4.3	1	1	3
1575	-4.3	1	1	3
1576	-4.3	1	1	3
1577	-4.3	1	1	3
1578	-4.3	1	1	3
1579	-4.3	1	1	3
1580	-4.3	1	1	3
1581	-4.3	1	1	3
1582	-4.3	1	1	3
1583	-4.3	1	1	3
1584	-4.3	1	1	3
1585	-4.3	1	1	3
1586	-4.3	1	1	3
1587	-4.3	1	1	3
1588	-4.3	1	1	3
1589	-4.3	1	1	3
1590	-4.3	1	1	3
1616	-4.3	1	1	3
1617	-4.3	1	1	3
1618	-4.3	1	1	3
1619	-4.3	1	1	3
1620	-4.3	1	1	3
1621	-4.3	1	1	3
1622	-4.3	1	1	3
1623	-4.3	1	1	3
1624	-4.3	1	1	3
1625	-4.3	1	1	3
1626	-4.3	1	1	3
1627	-4.3	1	1	3
1628	-4.3	1	1	3
1629	-4.3	1	1	3
1630	-4.3	1	1	3
1631	-4.3	1	1	3
1632	-4.3	1	1	3
1633	-4.3	1	1	3
1634	-4.3	1	1	3
1635	-4.3	1	1	3
1636	-4.3	1	1	3
1637	-4.3	1	1	3
1638	-4.3	1	1	3
1639	-4.3	1	1	3
1640	-4.3	1	1	3
1641	-4.3	1	1	3
1642	-4.3	1	1	3
1643	-4.3	1	1	3
1644	-4.3	1	1	3
1645	-4.3	1	1	3
1646	-4.3	1	1	3
1647	-4.3	1	1	3
1648	-4.3	1	1	3
1649	-4.3	1	1	3
1650	-4.3	1	1	3
1670	-6	1	1	3
1671	-6	1	1	3
1672	-6	1	1	3
1673	-6	1	1	3
1674	-6	1	1	3
1675	-6	1	1	3
1676	-6	1	1	3
1677	-6	1	1	3
1678	-6	1	1	3
1679	-6	1	1	3
1680	-6	1	1	3
1681	-6	1	1	3
1682	-6	1	1	3
1683	-6	1	1	3
1684	-6	1	1	3
1685	-6	1	1	3
1686	-6	1	1	3
1687	-6	1	1	3
1688	-6	1	1	3
1689	-6	1	1	3
1690	-6	1	1	3
1691	-6	1	1	3
1692	-6	1	1	3
1693	-6	1	1	3
1694	-6	1	1	3
1695	-6	1	1	3
1696	-6	1	1	3
1697	-6	1	1	3
1698	-6	1	1	3
1699	-6	1	1	3
1700	-6	1	1	3
1701	-6	1	1	3
1713	-4.3	2	0	3
1714	-4.3	2	0	3
1715	-4.3	2	0	3
1716	-4.3	2	0	3
1717	-4.3	2	0	3
1718	-4.3	2	0	3
1719	-4.3	2	0	3
1720	-4.3	2	0	3
1721	-4.3	2	0	3
1722	-4.3	2	0	3
1723	-4.3	2	2	3
1724	-4.3	2	2	3
1725	-4.3	2	2	3
1726	-4.3	2	2	3
1727	-4.3	2	2	3
1728	-4.3	2	2	3
1729	-4.3	2	2	3
1730	-4.3	2	2	3
1731	-4.3	2	2	3
1732	-4.3	2	2	3
1733	-4.3	2	2	3
1734	-4.3	2	2	3
1735	-4.3	2	0	3
1736	-4.3	2	0	3
1737	-4.3	2	0	3
1738	-4.3	2	0	3
1739	-4.3	2	0	3
1740	-4.3	2	0	3
1741	-4.3	2	0	3
1742	-4.3	2	0	3
1743	-4.3	2	0	3
1744	-4.3	2	0	3
1745	-4.3	2	0	3
1746	-4.3	2	0	3
1747	-4.3	1	2	3
1761	-4.3	2	1	3
1762	-4.3	2	1	3
1763	-4.3	2	1	3
1764	-4.3	2	1	3
1765	-4.3	2	1	3
1766	-4.3	2	1	3
1767	-4.3	2	1	3
1768	-4.3	2	1	3
1769	-4.3	2	1	3
1770	-4.3	2	2	3
1771	-4.3	2	2	3
1772	-4.3	2	2	3
1773	-4.3	2	2	3
1774	-4.3	2	2	3
1775	-4.3	2	2	3
1776	-4.3	2	2	3
1777	-4.3	2	2	3
1778	-4.3	2	2	3
1779	-4.3	2	1	3
1780	-4.3	2	1	3
1781	-4.3	2	1	3
1782	-4.3	2	1	3
1783	-4.3	2	1	3
1784	-4.3	2	1	3
1785	-4.3	2	1	3
1786	-4.3	2	1	3
1787	-4.3	2	1	3
1788	-4.3	2	1	3
1800	-4.3	2	0	3
1801	-4.3	2	0	3
1802	-4.3	2	0	3
1803	-4.3	2	0	3
1804	-4.3	2	0	3
1805	-4.3	2	2	3
1806	-4.3	2	2	3
1807	-4.3	2	2	3
1808	-4.3	2	2	3
1809	-4.3	2	2	3
1810	-4.3	2	2	3
1811	-4.3	2	2	3
1812	-4.3	2	2	3
1813	-4.3	2	2	3
1814	-4.3	2	0	3
1815	-4.3	2	0	3
1816	-4.3	2	0	3
1817	-4.3	2	0	3
1818	-4.3	2	0	3
1819	-4.3	2	0	3
1820	-4.3	2	0	3
1821	-4.3	2	0	3
1822	-4.3	2	0	3
1823	-4.3	2	0	3
1827	-6	2	2	3
1828	-6	2	2	3
1829	-6	2	2	3
1830	-6	2	2	3
1831	-6	2	2	3
1832	-6	2	2	3
1833	-6	2	2	3
1834	-6	2	2	3
1835	-6	2	2	3
1836	-6	2	2	3
1837	-6	2	1	3
1838	-6	2	1	3
1839	-6	2	1	3
1840	-6	2	1	3
1841	-6	2	1	3
1842	-6	2	1	3
1843	-6	2	1	3
1844	-6	2	2	3
1845	-6	2	2	3
1846	-6	2	2	3
1847	-6	2	2	3
1985	-6.3	1	1	3
1986	-6.3	1	1	3
2201	-6	1	2	3
2202	-6	1	2	3
2203	-4.3	1	1	3
2210	-6	2	2	3
2270	-4.3	1	2	3
2271	-4.3	1	2	3
2272	-4.3	1	2	3
2273	-4.3	1	2	3
2274	-4.3	1	2	3
2275	-4.3	1	2	3
2276	-4.3	1	2	3
2277	-4.3	1	2	3
2285	-4.3	1	3	3
2286	-4.3	1	3	3
2287	-4.3	1	3	3
2288	-4.3	1	3	3
2289	-4.3	1	3	3
2290	-4.3	1	3	3
2291	-4.3	1	3	3
2292	-4.3	1	3	3
2293	-4.3	1	3	3
2294	-4.3	1	3	3
2334	-4.3	1	2	3
2335	-4.3	1	2	3
2336	-4.3	1	2	3
2337	-4.3	1	2	3
2338	-4.3	1	2	3
2339	-4.3	1	2	3
2340	-4.3	1	2	3
2341	-4.3	1	2	3
2342	-4.3	1	2	3
2343	-4.3	1	2	3
2344	-4.3	1	2	3
2345	-4.3	1	2	3
2346	-4.3	1	2	3
2347	-4.3	1	2	3
2348	-4.3	1	2	3
2349	-4.3	1	2	3
2350	-4.3	1	2	3
2364	-6	1	2	3
2365	-6	1	2	3
2366	-6	1	2	3
2367	-6	1	2	3
2368	-6	1	2	3
2369	-6	1	2	3
2375	-6	2	2	3
2376	-6	2	2	3
2377	-6	2	2	3
2378	-6	2	1	3
2379	-6	2	1	3
2380	-6	2	2	3
2381	-6	2	2	3
2543	-6	1	2	3
2544	-6	1	2	3
2545	-6	1	2	3
2551	-6	2	2	3
2552	-6	2	2	3
2553	-6	2	2	3
2554	-6	2	2	3
2555	-6	2	2	3
2556	-6	2	1	3
2557	-6	2	1	3
2558	-6	2	2	3
2559	-6	2	2	3
2585	-6	2	1	3
2586	-6	2	1	3
2605	-6	1	1	3
2606	-6	1	1	3
2607	-6	1	1	3
2609	-4.3	1	0	3
2610	-4.3	1	0	3
2611	-4.3	1	0	3
2634	-6	2	1	3
2652	-4.3	1	1	3
2653	-4.3	1	1	3
2654	-4.3	1	1	3
2655	-4.3	1	1	3
2656	-4.3	1	1	3
2657	-4.3	1	1	3
2658	-4.3	1	1	3
2661	-6	1	1	3
2662	-6	1	1	3
2663	-6	1	1	3
2664	-6	1	1	3
2665	-6	1	1	3
2666	-6	1	1	3
2667	-6	1	1	3
2668	-6	2	2	3
2669	-6	2	2	3
2683	-6.3	1	1	3
2701	-6	1	2	3
2702	-6.3	1	2	3
2703	-6.3	1	2	3
2704	-6.3	1	2	3
