47	-4.3	1	3	4
48	-4.3	1	3	4
49	-4.3	1	3	4
50	-4.3	1	3	4
51	-4.3	1	3	4
52	-4.3	1	3	4
53	-4.3	1	3	4
54	-4.3	1	3	4
55	-4.3	1	3	4
56	-4.3	1	3	4
57	-4.3	1	3	4
58	-4.3	1	3	4
59	-4.3	1	3	4
60	-4.3	1	3	4
61	-4.3	1	3	4
62	-4.3	1	3	4
63	-4.3	1	3	4
64	-4.3	1	3	4
65	-4.3	1	3	4
66	-4.3	1	3	4
67	-4.3	1	3	4
68	-4.3	1	3	4
78	-4.3	1	3	4
79	-4.3	1	3	4
80	-4.3	1	3	4
81	-4.3	1	3	4
82	-4.3	1	3	4
83	-4.3	1	3	4
84	-4.3	1	3	4
85	-4.3	1	3	4
86	-4.3	1	3	4
87	-4.3	1	3	4
88	-4.3	1	3	4
89	-4.3	1	3	4
90	-4.3	1	3	4
91	-4.3	1	3	4
92	-4.3	1	3	4
93	-4.3	1	3	4
94	-4.3	1	3	4
95	-4.3	1	3	4
96	-4.3	1	3	4
97	-4.3	1	3	4
98	-4.3	1	3	4
99	-4.3	1	3	4
100	-4.3	1	3	4
101	-4.3	1	3	4
102	-4.3	1	3	4
103	-4.3	1	3	4
104	-4.3	1	3	4
105	-6	1	3	4
106	-6	1	3	4
107	-6	1	3	4
108	-6	1	3	4
109	-6	1	3	4
110	-6	1	3	4
111	-6	1	3	4
112	-6	1	3	4
113	-6	1	3	4
114	-6	1	3	4
115	-6	1	3	4
116	-6	1	3	4
117	-6	1	3	4
118	-6	1	3	4
182	-4.3	1	3	4
183	-4.3	1	3	4
184	-4.3	1	3	4
185	-4.3	1	3	4
186	-4.3	1	3	4
187	-4.3	1	3	4
188	-4.3	1	3	4
189	-4.3	1	3	4
190	-4.3	1	3	4
191	-4.3	1	3	4
192	-4.3	1	3	4
193	-4.3	1	3	4
194	-4.3	1	3	4
195	-6	1	3	4
196	-6	1	3	4
197	-6	1	3	4
198	-6	1	3	4
199	-6	1	3	4
200	-6	1	3	4
201	-6	1	3	4
202	-6	1	3	4
203	-6	1	3	4
204	-6	1	3	4
205	-6	1	3	4
206	-6	1	3	4
207	-6	1	3	4
208	-6	1	3	4
209	-6	1	3	4
210	-6	1	3	4
250	-4.3	1	3	4
251	-4.3	1	3	4
252	-4.3	1	3	4
253	-4.3	1	3	4
254	-4.3	1	3	4
255	-4.3	1	3	4
256	-4.3	1	3	4
257	-4.3	1	3	4
258	-4.3	1	3	4
259	-4.3	1	3	4
260	-4.3	1	3	4
261	-4.3	1	3	4
262	-4.3	1	3	4
263	-4.3	1	3	4
264	-6	1	3	4
265	-6	1	3	4
266	-6	1	3	4
267	-6	1	3	4
268	-6	1	3	4
269	-6	1	3	4
270	-6	1	3	4
271	-6	1	3	4
272	-6	1	3	4
273	-6	1	3	4
274	-6	1	3	4
294	-6	1	3	4
295	-6	1	3	4
296	-6	1	3	4
297	-6	1	3	4
298	-6	1	3	4
299	-6	1	3	4
300	-6	1	3	4
301	-6	1	3	4
302	-6	1	3	4
303	-6	1	3	4
304	-6	1	3	4
305	-6	1	3	4
306	-6	1	3	4
307	-6	1	3	4
308	-6	1	3	4
344	-4.3	1	3	4
345	-4.3	1	3	4
346	-4.3	1	3	4
347	-4.3	1	3	4
348	-6	1	3	4
349	-6	1	3	4
350	-6	1	3	4
351	-6	1	3	4
352	-4.3	1	2	4
353	-4.3	1	2	4
354	-4.3	1	2	4
355	-4.3	1	2	4
356	-4.3	1	2	4
357	-4.3	1	2	4
358	-4.3	1	2	4
359	-4.3	1	2	4
360	-4.3	1	2	4
361	-4.3	1	2	4
362	-4.3	1	2	4
363	-4.3	1	2	4
364	-4.3	1	2	4
365	-4.3	1	2	4
366	-4.3	1	2	4
367	-4.3	1	2	4
368	-4.3	1	2	4
369	-4.3	1	2	4
370	-4.3	1	2	4
371	-4.3	1	2	4
372	-4.3	1	2	4
373	-4.3	1	2	4
374	-4.3	1	2	4
375	-4.3	1	2	4
376	-4.3	1	2	4
377	-4.3	1	2	4
378	-4.3	1	2	4
379	-4.3	1	2	4
380	-4.3	1	2	4
405	-6	1	3	4
406	-4.3	1	2	4
407	-4.3	1	2	4
408	-4.3	1	2	4
409	-4.3	1	2	4
410	-4.3	1	2	4
411	-4.3	1	2	4
412	-4.3	1	2	4
413	-4.3	1	2	4
414	-4.3	1	2	4
415	-4.3	1	2	4
416	-4.3	1	2	4
417	-4.3	1	2	4
418	-4.3	1	2	4
419	-4.3	1	2	4
420	-4.3	1	2	4
421	-4.3	1	2	4
422	-4.3	1	2	4
432	-6	1	3	4
433	-6	1	2	4
434	-6	1	2	4
435	-6	1	2	4
436	-6	1	2	4
437	-6	1	2	4
438	-6	1	2	4
439	-6	1	2	4
440	-6	1	2	4
441	-6	1	2	4
442	-6	1	2	4
443	-6	1	2	4
444	-6	1	2	4
445	-6	1	2	4
446	-6	1	2	4
447	-6	1	2	4
448	-6	1	2	4
449	-6	1	2	4
450	-6	1	2	4
451	-6	1	2	4
452	-6	1	2	4
453	-6	1	2	4
454	-6	1	2	4
455	-6	1	2	4
456	-6	1	2	4
457	-6	1	2	4
458	-6	1	2	4
459	-6	1	2	4
460	-6	1	2	4
461	-6	1	2	4
462	-6	1	2	4
463	-6	1	2	4
464	-6	1	2	4
465	-6	1	2	4
466	-6	1	2	4
467	-6	1	2	4
468	-6	1	2	4
469	-6	1	2	4
470	-6.3	1	2	4
471	-6.3	1	2	4
472	-6.3	1	2	4
473	-6.3	1	2	4
474	-6.3	1	2	4
553	-4.3	1	3	4
554	-4.3	1	3	4
555	-4.3	1	3	4
556	-4.3	1	3	4
557	-4.3	1	3	4
558	-4.3	1	3	4
559	-4.3	1	3	4
560	-4.3	1	3	4
561	-4.3	1	3	4
562	-4.3	1	3	4
563	-4.3	1	3	4
564	-4.3	1	3	4
565	-4.3	1	3	4
566	-4.3	1	3	4
567	-4.3	1	3	4
568	-4.3	1	3	4
569	-4.3	1	3	4
570	-4.3	1	3	4
571	-4.3	1	3	4
572	-4.3	1	3	4
573	-4.3	1	3	4
574	-4.3	1	3	4
575	-4.3	1	3	4
576	-4.3	1	3	4
577	-4.3	1	3	4
578	-4.3	1	3	4
579	-4.3	1	3	4
580	-4.3	1	3	4
581	-4.3	1	3	4
582	-4.3	1	3	4
583	-4.3	1	3	4
584	-6	1	3	4
585	-6	1	3	4
586	-6	1	3	4
587	-6	1	3	4
588	-6	1	3	4
589	-6	1	3	4
590	-6	1	3	4
591	-6	1	3	4
592	-6	1	3	4
593	-6	1	3	4
594	-6	1	3	4
595	-6	1	3	4
596	-6	1	3	4
597	-6	1	3	4
598	-6	1	3	4
669	-6	1	3	4
670	-6	1	3	4
671	-6	1	3	4
672	-6	1	3	4
673	-6	1	3	4
674	-6	1	3	4
675	-6	1	3	4
676	-6	1	3	4
677	-6	1	3	4
759	-6	1	3	4
760	-6	1	3	4
761	-6	1	3	4
762	-6	1	3	4
763	-6	1	3	4
764	-6	1	3	4
765	-6	1	3	4
766	-6	1	3	4
767	-6	1	3	4
768	-6	1	3	4
769	-6	1	3	4
770	-6	1	3	4
788	-4.3	1	2	4
789	-4.3	1	2	4
790	-4.3	1	2	4
791	-4.3	1	2	4
792	-4.3	1	2	4
793	-4.3	1	2	4
794	-4.3	1	2	4
795	-4.3	1	2	4
796	-4.3	1	2	4
797	-4.3	1	2	4
798	-4.3	1	2	4
799	-4.3	1	2	4
800	-4.3	1	2	4
801	-4.3	1	2	4
802	-4.3	1	2	4
803	-4.3	1	2	4
804	-4.3	1	2	4
805	-4.3	1	2	4
806	-4.3	1	2	4
825	-6	2	2	4
826	-6	2	2	4
827	-6	2	2	4
828	-6	2	2	4
829	-6	2	2	4
830	-6	2	2	4
831	-6	2	2	4
832	-6	2	2	4
833	-6	2	2	4
834	-6	2	2	4
835	-6	2	2	4
836	-6	2	2	4
837	-6	2	2	4
838	-6	2	2	4
839	-6	2	2	4
840	-6	2	2	4
841	-6	2	2	4
842	-6	2	2	4
843	-6	2	2	4
844	-6	2	2	4
845	-6	2	2	4
846	-6	2	2	4
847	-6	2	2	4
848	-6	2	2	4
849	-6	2	2	4
850	-6	2	2	4
864	-4.3	2	3	4
865	-4.3	2	3	4
866	-4.3	2	3	4
867	-4.3	2	3	4
868	-4.3	2	3	4
869	-4.3	2	3	4
870	-4.3	2	3	4
871	-4.3	2	3	4
872	-4.3	2	3	4
873	-4.3	2	3	4
874	-4.3	2	3	4
893	-4.3	1	3	4
894	-4.3	1	3	4
895	-4.3	1	3	4
896	-4.3	1	3	4
897	-4.3	1	3	4
898	-6	1	3	4
899	-6	1	3	4
900	-6	1	3	4
901	-6	1	3	4
902	-6	1	3	4
903	-6	1	3	4
924	-6	1	3	4
951	-6	1	3	4
952	-6	1	3	4
953	-6	1	2	4
954	-6	1	2	4
955	-6	1	2	4
956	-6	1	2	4
957	-6	1	2	4
958	-6	1	2	4
959	-6	1	2	4
960	-6	1	2	4
961	-6	1	2	4
962	-6	1	2	4
963	-6	1	2	4
964	-6	1	2	4
965	-6	1	2	4
966	-6	1	2	4
967	-6	1	2	4
968	-6	1	2	4
969	-6	1	2	4
970	-6	1	2	4
971	-6	1	2	4
972	-6	1	2	4
973	-6	1	2	4
974	-6	1	2	4
975	-6	1	2	4
977	-6.3	1	2	4
978	-6.3	1	2	4
979	-6.3	1	2	4
980	-6.3	1	2	4
991	-4.3	1	3	4
992	-4.3	1	3	4
993	-4.3	1	3	4
994	-4.3	1	3	4
995	-4.3	1	3	4
996	-4.3	1	3	4
997	-4.3	1	3	4
998	-4.3	1	3	4
999	-4.3	1	3	4
1000	-4.3	1	3	4
1001	-4.3	1	3	4
1002	-4.3	1	3	4
1003	-4.3	1	3	4
1004	-4.3	1	3	4
1005	-4.3	1	3	4
1006	-4.3	1	3	4
1007	-6	1	3	4
1008	-6	1	3	4
1009	-6	1	3	4
1010	-6	1	3	4
1011	-6	1	3	4
1012	-6	1	3	4
1013	-6	1	3	4
1014	-6	1	3	4
1015	-6	1	3	4
1016	-6	1	3	4
1017	-6	1	3	4
1018	-6	1	3	4
1019	-6	1	3	4
1020	-6	1	3	4
1021	-6	1	3	4
1022	-6	1	3	4
1023	-6	1	3	4
1073	-6	1	3	4
1074	-6	1	3	4
1075	-6	1	3	4
1076	-6	1	3	4
1077	-6	1	3	4
1078	-6	1	3	4
1079	-6	1	3	4
1080	-6	1	3	4
1081	-6	1	3	4
1082	-6	1	3	4
1083	-6	1	3	4
1084	-6	1	3	4
1115	-6	1	3	4
1116	-6	1	3	4
1117	-6	1	3	4
1118	-6	1	3	4
1119	-6	1	3	4
1120	-6	1	3	4
1121	-6	1	3	4
1122	-4.3	1	2	4
1123	-4.3	1	2	4
1124	-4.3	1	2	4
1125	-4.3	1	2	4
1126	-4.3	1	2	4
1127	-4.3	1	2	4
1128	-4.3	1	2	4
1129	-4.3	1	2	4
1130	-4.3	1	2	4
1131	-4.3	1	2	4
1132	-4.3	1	2	4
1133	-4.3	1	2	4
1134	-4.3	1	2	4
1135	-4.3	1	2	4
1136	-4.3	1	2	4
1137	-4.3	1	2	4
1154	-6	2	2	4
1155	-6	2	2	4
1156	-6	2	2	4
1157	-6	2	2	4
1158	-6	2	2	4
1159	-6	2	2	4
1160	-6	2	2	4
1161	-6	2	2	4
1162	-6	2	2	4
1163	-6	2	2	4
1190	-4.3	1	3	4
1191	-4.3	1	3	4
1192	-4.3	1	3	4
1193	-4.3	1	3	4
1194	-4.3	1	3	4
1195	-6	1	3	4
1196	-6	1	3	4
1197	-6	1	3	4
1198	-6	1	3	4
1199	-6	1	3	4
1224	-6	1	3	4
1225	-6	1	3	4
1226	-6	1	3	4
1227	-6	1	2	4
1228	-6	1	2	4
1229	-6	1	2	4
1230	-6	1	2	4
1231	-6	1	2	4
1232	-6	1	2	4
1233	-6	1	2	4
1234	-6	1	2	4
1235	-6	1	2	4
1256	-6	1	3	4
1257	-6	1	3	4
1258	-6	1	3	4
1259	-6	1	3	4
1260	-6	1	3	4
1261	-6	1	3	4
1262	-6	1	3	4
1263	-6	1	3	4
1264	-6	1	3	4
1265	-6	1	3	4
1266	-6	1	3	4
1267	-6	1	3	4
1284	-6	1	3	4
1285	-6	1	3	4
1286	-6	1	3	4
1287	-6	1	3	4
1288	-6	1	3	4
1289	-6	1	3	4
1290	-6	1	3	4
1291	-6	1	3	4
1292	-6	1	3	4
1293	-6	1	3	4
1294	-6	1	3	4
1295	-6	1	3	4
1296	-6	1	3	4
1297	-6	1	3	4
1298	-6	1	3	4
1299	-6	1	3	4
1300	-6	1	3	4
1301	-6	1	3	4
1302	-6	1	3	4
1332	-6	1	3	4
1333	-6	1	3	4
1334	-6	1	3	4
1336	-6.3	1	2	4
1337	-6.3	1	2	4
1338	-6.3	1	2	4
1339	-6.3	1	2	4
1340	-6.3	1	2	4
1341	-6.3	1	2	4
1344	-4.3	1	3	4
1345	-4.3	1	3	4
1346	-4.3	1	3	4
1347	-4.3	1	3	4
1348	-4.3	1	3	4
1349	-4.3	1	3	4
1350	-4.3	1	3	4
1351	-4.3	1	3	4
1352	-4.3	1	3	4
1353	-4.3	1	3	4
1354	-4.3	1	3	4
1355	-4.3	1	3	4
1356	-4.3	1	3	4
1357	-4.3	1	3	4
1358	-4.3	1	3	4
1359	-6	1	3	4
1360	-6	1	3	4
1361	-6	1	3	4
1362	-6	1	3	4
1363	-6	1	3	4
1364	-6	1	3	4
1365	-6	1	3	4
1366	-6	1	3	4
1367	-6	1	3	4
1402	-4.3	1	3	4
1403	-6	1	3	4
1404	-6	1	3	4
1428	-4.3	1	3	4
1429	-4.3	1	3	4
1430	-4.3	1	3	4
1431	-6	1	3	4
1432	-6	1	3	4
1433	-6	1	3	4
1434	-6	1	3	4
1435	-6	1	3	4
1436	-6	1	3	4
1437	-6	1	3	4
1446	-6	1	3	4
1449	-4.3	1	3	4
1450	-4.3	1	3	4
1451	-4.3	1	3	4
1452	-4.3	1	3	4
1453	-4.3	1	3	4
1454	-4.3	1	2	4
1455	-4.3	1	2	4
1456	-4.3	1	2	4
1457	-4.3	1	2	4
1458	-4.3	1	2	4
1459	-4.3	1	2	4
1460	-4.3	1	2	4
1467	-6	1	2	4
1468	-6	1	2	4
1469	-6	1	2	4
1470	-6	1	2	4
1492	-6	1	3	4
1493	-6	1	3	4
1494	-6	1	3	4
1495	-6	1	3	4
1496	-6	1	3	4
1497	-6	1	3	4
1498	-6	1	3	4
1499	-6	1	3	4
1500	-6	1	3	4
1501	-6	1	3	4
1502	-4.3	1	1	4
1503	-4.3	1	1	4
1504	-4.3	1	1	4
1505	-4.3	1	1	4
1506	-4.3	1	1	4
1507	-4.3	1	1	4
1508	-4.3	1	1	4
1509	-4.3	1	1	4
1510	-4.3	1	1	4
1511	-4.3	1	1	4
1512	-4.3	1	1	4
1513	-4.3	1	1	4
1514	-4.3	1	1	4
1515	-4.3	1	1	4
1516	-4.3	1	1	4
1517	-4.3	1	1	4
1518	-4.3	1	1	4
1519	-4.3	1	1	4
1520	-4.3	1	1	4
1521	-4.3	1	1	4
1522	-4.3	1	1	4
1523	-4.3	1	1	4
1524	-4.3	1	1	4
1540	-6	1	3	4
1541	-6	1	3	4
1542	-6	1	3	4
1543	-4.3	1	1	4
1544	-4.3	1	1	4
1545	-4.3	1	1	4
1546	-4.3	1	1	4
1547	-4.3	1	1	4
1548	-4.3	1	1	4
1549	-4.3	1	1	4
1550	-4.3	1	1	4
1551	-4.3	1	1	4
1552	-4.3	1	1	4
1553	-4.3	1	1	4
1554	-4.3	1	1	4
1555	-4.3	1	1	4
1556	-4.3	1	1	4
1557	-4.3	1	1	4
1558	-4.3	1	1	4
1559	-4.3	1	1	4
1560	-4.3	1	1	4
1561	-4.3	1	1	4
1562	-4.3	1	1	4
1563	-4.3	1	1	4
1564	-4.3	1	1	4
1565	-4.3	1	1	4
1566	-4.3	1	1	4
1567	-4.3	1	1	4
1568	-4.3	1	1	4
1569	-4.3	1	1	4
1570	-4.3	1	1	4
1583	-4.3	1	1	4
1584	-4.3	1	1	4
1585	-4.3	1	1	4
1586	-4.3	1	1	4
1587	-4.3	1	1	4
1588	-4.3	1	1	4
1589	-4.3	1	1	4
1590	-4.3	1	1	4
1613	-6	1	3	4
1614	-6	1	3	4
1615	-6	1	3	4
1651	-6	2	1	4
1652	-6	2	1	4
1653	-6	2	1	4
1654	-6	2	1	4
1655	-6	2	3	4
1656	-6	2	3	4
1657	-6	2	1	4
1658	-6	2	1	4
1659	-6	2	1	4
1660	-6	2	1	4
1661	-6	2	1	4
1662	-6	2	1	4
1663	-6	2	1	4
1664	-6	2	1	4
1697	-6	1	2	4
1698	-6	1	2	4
1699	-6	1	2	4
1700	-6	1	2	4
1701	-6	1	2	4
1707	-6	1	3	4
1708	-6	1	3	4
1709	-6	1	3	4
1710	-6	1	3	4
1711	-6	1	3	4
1712	-6	1	3	4
1713	-4.3	1	1	4
1714	-4.3	1	1	4
1715	-4.3	1	1	4
1716	-4.3	1	1	4
1717	-4.3	1	1	4
1718	-4.3	1	1	4
1719	-4.3	1	1	4
1720	-4.3	1	1	4
1721	-4.3	1	1	4
1722	-4.3	1	1	4
1723	-4.3	1	1	4
1724	-4.3	1	1	4
1725	-4.3	1	1	4
1726	-4.3	1	1	4
1727	-4.3	1	1	4
1728	-4.3	1	1	4
1729	-4.3	1	1	4
1730	-4.3	1	1	4
1731	-4.3	1	1	4
1732	-4.3	1	1	4
1733	-4.3	1	1	4
1734	-4.3	1	1	4
1747	-4.3	1	1	4
1759	-6	1	3	4
1760	-6	1	3	4
1761	-4.3	1	1	4
1762	-4.3	1	1	4
1763	-4.3	1	1	4
1764	-4.3	1	1	4
1765	-4.3	1	1	4
1766	-4.3	1	1	4
1767	-4.3	1	1	4
1768	-4.3	1	1	4
1769	-4.3	1	1	4
1770	-4.3	1	1	4
1771	-4.3	1	1	4
1772	-4.3	1	1	4
1773	-4.3	1	1	4
1774	-4.3	1	1	4
1775	-4.3	1	1	4
1776	-4.3	1	1	4
1777	-4.3	1	1	4
1778	-4.3	1	1	4
1796	-6	1	3	4
1797	-6	1	3	4
1798	-6	1	3	4
1799	-6	1	3	4
1824	-6	2	3	4
1825	-6	2	3	4
1844	-6	1	2	4
1845	-6	1	2	4
1846	-6	1	2	4
1847	-6	1	2	4
1851	-6	1	1	4
1852	-6	1	1	4
1853	-6	1	1	4
1854	-6	1	1	4
1855	-6	1	1	4
1856	-6	1	1	4
1857	-6	1	1	4
1858	-6	1	1	4
1859	-6	1	1	4
1860	-6	1	1	4
1861	-6	1	1	4
1862	-6	1	1	4
1863	-6	1	1	4
1864	-6	1	1	4
1865	-6	1	1	4
1866	-6	1	1	4
1867	-6	1	1	4
1868	-6	1	1	4
1869	-6	1	1	4
1870	-6	1	1	4
1871	-6	1	1	4
1872	-6	1	1	4
1873	-6	1	1	4
1874	-6	1	1	4
1875	-6	1	1	4
1876	-6	1	1	4
1877	-6	1	1	4
1878	-6	1	1	4
1879	-6	1	1	4
1880	-6	1	1	4
1881	-6	1	1	4
1882	-6	1	1	4
1883	-6	1	1	4
1884	-6	1	1	4
1885	-6	1	1	4
1886	-6	1	1	4
1887	-6	1	1	4
1888	-6	1	1	4
1889	-6	1	1	4
1890	-6	1	1	4
1894	-6	1	1	4
1895	-6	1	1	4
1896	-6	1	1	4
1897	-6	1	1	4
1898	-6	1	1	4
1899	-6	1	1	4
1900	-6	1	1	4
1901	-6	1	1	4
1902	-6	1	1	4
1903	-6	1	1	4
1904	-6	1	1	4
1905	-6	1	1	4
1906	-6	1	1	4
1907	-6	1	1	4
1908	-6	1	1	4
1909	-6	1	1	4
1910	-6	1	1	4
1911	-6	1	1	4
1912	-6	1	1	4
1913	-6	1	1	4
1914	-6	1	1	4
1915	-6	1	1	4
1916	-6	1	1	4
1917	-6	1	1	4
1918	-6	1	1	4
1919	-6	1	1	4
1920	-6	1	1	4
1921	-6	1	1	4
1922	-6	1	1	4
1923	-6	1	1	4
1924	-6	1	1	4
1925	-6	1	1	4
1926	-6	1	1	4
1927	-6	1	1	4
1928	-6	1	1	4
1929	-6	1	1	4
1930	-6	1	1	4
1931	-6	1	1	4
1932	-6	1	1	4
1933	-6	1	1	4
1934	-6	1	1	4
1935	-6	1	1	4
1936	-6	1	1	4
1937	-6	1	1	4
1941	-6	1	1	4
1942	-6	1	1	4
1943	-6	1	1	4
1944	-6	1	1	4
1945	-6	1	1	4
1946	-6	1	1	4
1947	-6	1	1	4
1948	-6	1	1	4
1949	-6	1	1	4
1950	-6	1	1	4
1951	-6	1	1	4
1952	-6	1	1	4
1953	-6	1	1	4
1954	-6	1	1	4
1955	-6	1	1	4
1956	-6	1	1	4
1957	-6	1	1	4
1958	-6	1	1	4
1959	-6	1	1	4
1960	-6	1	1	4
1961	-6	1	1	4
1962	-6	1	1	4
1963	-6	1	1	4
1964	-6	1	1	4
1965	-6	1	1	4
1966	-6	1	1	4
1967	-6	1	1	4
1968	-6	1	1	4
1969	-6	1	1	4
1970	-6	1	1	4
1971	-6	1	1	4
1972	-6	1	1	4
1985	-6.3	1	1	4
1986	-6.3	1	1	4
2063	-6	1	3	4
2064	-6	1	3	4
2065	-6	1	3	4
2066	-6	1	3	4
2067	-6	1	3	4
2120	-6	1	3	4
2121	-6	1	3	4
2122	-6	1	3	4
2123	-6	1	3	4
2124	-6	1	3	4
2125	-6	1	3	4
2126	-6	1	3	4
2127	-6	1	3	4
2155	-6	2	3	4
2156	-6	2	3	4
2157	-6	2	3	4
2158	-6	2	3	4
2159	-6	2	3	4
2160	-6	2	3	4
2161	-6	2	3	4
2162	-6	2	3	4
2163	-6	2	3	4
2164	-6	2	1	4
2165	-6	2	1	4
2166	-6	2	1	4
2167	-6	2	1	4
2168	-6	2	1	4
2169	-6	2	1	4
2170	-6	2	1	4
2171	-6	2	1	4
2184	-6	1	3	4
2185	-6	1	3	4
2186	-6	1	3	4
2202	-6	1	3	4
2203	-4.3	1	2	4
2211	-6	1	2	4
2212	-6	1	2	4
2213	-6	1	2	4
2214	-6	1	2	4
2215	-6	1	2	4
2216	-6	1	2	4
2217	-6	1	2	4
2218	-6	1	2	4
2219	-6	1	2	4
2220	-6	1	2	4
2270	-4.3	1	3	4
2271	-4.3	1	3	4
2272	-4.3	1	3	4
2273	-4.3	1	3	4
2274	-4.3	1	3	4
2275	-4.3	1	3	4
2276	-4.3	1	3	4
2277	-4.3	1	3	4
2278	-6	1	3	4
2279	-6	1	3	4
2280	-6	1	3	4
2281	-6	1	3	4
2282	-6	1	3	4
2283	-6	1	3	4
2284	-6	1	3	4
2285	-4.3	1	3	4
2286	-4.3	1	3	4
2287	-4.3	1	3	4
2288	-4.3	1	3	4
2289	-4.3	1	3	4
2290	-4.3	1	3	4
2291	-4.3	1	3	4
2292	-4.3	1	3	4
2293	-4.3	1	3	4
2294	-4.3	1	3	4
2295	-6	1	3	4
2296	-6	1	3	4
2297	-6	1	3	4
2298	-6	1	3	4
2299	-6	1	3	4
2300	-6	1	3	4
2314	-6	1	3	4
2315	-6	1	3	4
2316	-6	1	3	4
2317	-6	1	3	4
2318	-6	1	3	4
2319	-6	1	3	4
2330	-6	1	3	4
2331	-6	1	3	4
2332	-6	1	3	4
2333	-6	1	3	4
2334	-4.3	1	2	4
2335	-4.3	1	2	4
2336	-4.3	1	2	4
2337	-4.3	1	2	4
2338	-4.3	1	2	4
2339	-4.3	1	2	4
2340	-4.3	1	2	4
2341	-4.3	1	2	4
2342	-4.3	1	2	4
2343	-4.3	1	2	4
2344	-4.3	1	2	4
2345	-4.3	1	2	4
2346	-4.3	1	2	4
2347	-4.3	1	2	4
2348	-4.3	1	2	4
2349	-4.3	1	2	4
2350	-4.3	1	2	4
2369	-6	1	3	4
2380	-6	1	3	4
2381	-6	1	3	4
2382	-6	1	2	4
2383	-6	1	2	4
2384	-6	1	2	4
2385	-6	1	2	4
2386	-6	1	2	4
2387	-6	1	2	4
2388	-6	1	2	4
2389	-6	1	2	4
2390	-6	1	2	4
2391	-6	1	2	4
2392	-6	1	2	4
2393	-6	1	2	4
2394	-6	1	2	4
2395	-6	1	2	4
2396	-6	1	2	4
2428	-6	1	3	4
2429	-6	1	3	4
2430	-6	1	3	4
2431	-6	1	3	4
2432	-6	1	3	4
2467	-6	1	3	4
2468	-6	1	3	4
2469	-6	1	3	4
2470	-6	1	3	4
2471	-6	1	3	4
2472	-6	1	3	4
2473	-6	1	3	4
2474	-6	1	3	4
2499	-6	2	2	4
2500	-6	2	2	4
2501	-6	2	2	4
2502	-6	2	2	4
2503	-6	2	2	4
2504	-6	2	2	4
2505	-6	2	2	4
2506	-6	2	2	4
2507	-6	2	2	4
2508	-6	2	1	4
2509	-6	2	1	4
2510	-6	2	1	4
2511	-6	2	1	4
2512	-6	2	1	4
2513	-6	2	1	4
2514	-6	2	1	4
2522	-6	2	3	4
2523	-6	2	3	4
2524	-6	2	3	4
2525	-6	2	3	4
2526	-6	2	3	4
2527	-6	2	2	4
2528	-6	2	2	4
2529	-6	2	2	4
2530	-6	2	2	4
2531	-6	2	2	4
2532	-6	2	2	4
2533	-6	2	2	4
2537	-6	2	3	4
2538	-6	2	3	4
2539	-6	2	3	4
2540	-6	2	3	4
2541	-6	2	3	4
2542	-6	2	3	4
2543	-6	2	3	4
2544	-6	2	2	4
2545	-6	2	2	4
2546	-6	2	1	4
2547	-6	2	1	4
2548	-6	2	1	4
2549	-6	2	1	4
2550	-6	2	1	4
2551	-6	2	3	4
2552	-6	2	3	4
2553	-6	2	3	4
2554	-6	2	3	4
2555	-6	2	3	4
2556	-6	2	2	4
2557	-6	2	2	4
2560	-6	1	2	4
2561	-6	1	2	4
2562	-6	1	2	4
2563	-6	1	2	4
2564	-6	1	2	4
2587	-6	1	2	4
2588	-6	1	2	4
2589	-6	1	3	4
2596	-6	1	3	4
2602	-6	2	3	4
2603	-6	2	3	4
2604	-6	2	1	4
2607	-6	1	2	4
2608	-6	1	3	4
2612	-6	1	1	4
2613	-6	1	1	4
2614	-6	1	1	4
2616	-6	1	1	4
2617	-6	1	1	4
2618	-6	1	1	4
2619	-6	1	1	4
2620	-6	1	1	4
2628	-4.3	1	3	4
2629	-6	1	3	4
2635	-6	1	2	4
2636	-6	1	2	4
2637	-6	1	2	4
2646	-6	1	3	4
2647	-6	1	3	4
2648	-6	1	3	4
2649	-6	1	3	4
2650	-6	1	3	4
2651	-6	1	3	4
2659	-6	1	3	4
2660	-6	1	3	4
2661	-6	1	3	4
2666	-6	1	2	4
2667	-6	1	2	4
2668	-6	1	2	4
2669	-6	1	2	4
2672	-6	1	1	4
2673	-6	1	1	4
2674	-6	1	1	4
2675	-6	1	1	4
2676	-6	1	1	4
2677	-6	1	1	4
2678	-6	1	1	4
2679	-6	1	1	4
2683	-6.3	1	1	4
2695	-6	1	3	4
2696	-6	1	3	4
2697	-6	1	3	4
2698	-6	1	3	4
2699	-6	1	3	4
2700	-6	1	3	4
2702	-6.3	1	2	4
2703	-6.3	1	2	4
2704	-6.3	1	2	4
2705	-6	1	3	4
