78	-4	2	2	0
79	-4	2	2	0
80	-4	2	2	0
81	-4	2	2	0
82	-4	2	2	0
83	-4	2	2	0
84	-4	2	2	0
85	-4	2	2	0
86	-4	2	2	0
87	-4	2	2	0
88	-4	2	2	0
89	-4	2	2	0
90	-4	2	2	0
91	-4	2	2	0
92	-4	1	3	4
93	-4	1	3	4
94	-4	1	3	4
95	-4	1	3	4
96	-4	1	3	4
97	-4	1	3	4
98	-4	1	3	4
99	-4	1	3	4
100	-4	1	3	4
101	-4	1	3	4
102	-4	1	3	4
103	-4	1	3	4
104	-4	1	3	4
182	-4	1	3	4
183	-4	1	3	4
184	-4	1	3	4
185	-4	1	3	4
186	-4	1	3	4
187	-4	1	3	4
188	-4	1	3	4
189	-4	1	3	4
190	-4	1	3	4
191	-4	1	3	4
192	-4	1	3	4
193	-4	1	3	4
194	-4	1	3	4
250	-4	1	2	0
251	-4	1	2	0
252	-4	1	2	0
253	-4	1	2	0
254	-4	1	2	0
255	-4	1	2	0
256	-4	1	2	0
257	-4	1	2	0
258	-4	1	2	0
259	-4	1	2	0
260	-4	1	2	0
261	-4	1	2	0
262	-4	1	2	0
263	-4	1	2	0
344	-4	2	1	0
345	-4	2	1	0
346	-4	1	3	4
347	-4	1	3	4
352	-4	2	2	0
353	-4	2	2	0
354	-4	2	2	0
355	-4	2	2	0
356	-4	2	2	0
357	-4	2	2	0
358	-4	2	2	0
359	-4	2	2	0
360	-4	2	2	0
361	-4	2	2	0
362	-4	2	2	0
363	-4	2	2	0
364	-4	2	2	0
365	-4	2	2	0
366	-4	2	2	0
367	-4	2	2	0
368	-4	2	2	0
369	-4	2	2	0
370	-4	2	2	0
371	-4	2	2	0
372	-4	2	2	0
373	-4	2	2	0
374	-4	2	2	0
375	-4	2	2	0
376	-4	2	2	0
377	-4	2	2	0
378	-4	2	2	0
379	-4	2	2	0
380	-4	2	2	0
381	-4	2	2	0
382	-4	2	2	0
383	-4	2	2	0
384	-4	2	2	0
385	-4	2	2	0
386	-4	2	2	0
387	-4	2	2	0
388	-4	2	2	0
389	-4	2	2	0
390	-4	2	2	0
391	-4	2	2	0
392	-4	2	2	0
393	-4	2	2	0
394	-4.3	2	2	0
395	-4.3	2	2	0
396	-4.3	2	2	0
397	-4.3	2	2	0
398	-4.3	2	2	0
399	-4.3	2	2	0
400	-4.3	2	2	0
401	-4.3	2	2	0
402	-4.3	2	2	0
403	-4.3	2	2	0
404	-4.3	2	2	0
406	-4	1	2	4
407	-4	1	2	4
408	-4	1	2	4
409	-4	1	2	4
410	-4	1	2	4
411	-4	1	2	4
412	-4	1	2	4
413	-4	1	2	4
414	-4	1	2	4
415	-4	1	2	4
416	-4	1	2	4
417	-4	1	2	4
418	-4	1	2	4
419	-4	1	2	4
420	-4	1	2	4
421	-4	1	2	4
422	-4	1	2	4
423	-4	1	2	4
424	-4	1	2	4
425	-4	1	2	4
426	-4	1	2	4
427	-4	1	2	4
428	-4	1	2	4
429	-4	1	2	4
430	-4.3	1	2	0
431	-4.3	1	2	0
470	-4.6	1	2	0
471	-4.6	1	2	0
472	-4.6	1	2	0
473	-4.6	1	2	0
474	-4.6	1	2	0
553	-4	2	1	0
554	-4	2	1	0
555	-4	2	1	0
556	-4	2	1	0
557	-4	2	1	0
558	-4	2	1	0
559	-4	2	1	0
560	-4	2	1	0
561	-4	2	1	0
562	-4	2	1	0
563	-4	2	1	0
564	-4	2	1	0
565	-4	2	1	0
566	-4	2	1	0
567	-4	2	1	0
568	-4	2	1	0
569	-4	1	3	4
570	-4	1	3	4
571	-4	1	3	4
572	-4	1	3	4
573	-4	1	3	4
574	-4	1	3	4
575	-4	1	3	4
576	-4	1	3	4
577	-4	1	3	4
578	-4	1	3	4
579	-4	1	3	4
580	-4	1	3	4
581	-4	1	3	4
582	-4	1	3	4
583	-4	1	3	4
864	-4	2	3	4
865	-4	2	3	4
866	-4	2	3	4
867	-4	2	3	4
868	-4	2	3	4
869	-4	2	3	4
870	-4	2	3	4
871	-4	2	3	4
872	-4	2	3	4
873	-4	2	3	4
874	-4	2	3	4
875	-4	2	3	4
876	-4	2	3	4
877	-4	2	3	4
878	-4	2	3	4
879	-4	2	3	4
880	-4	2	3	4
881	-4	2	3	4
882	-4	2	3	4
883	-4	2	3	4
884	-4	2	3	4
885	-4	2	3	4
886	-4	2	3	4
887	-4	2	3	4
888	-4	2	3	4
893	-4	1	3	4
894	-4	1	3	4
895	-4	1	3	4
896	-4	1	3	4
897	-4	1	3	4
945	-4.3	1	2	0
946	-4.3	1	2	0
947	-4.3	1	2	0
948	-4.3	1	2	0
949	-4.3	1	2	0
950	-4.3	1	2	0
977	-4.6	1	2	0
978	-4.6	1	2	0
979	-4.6	1	2	0
980	-4.6	1	2	0
991	-4	2	1	0
992	-4	2	1	0
993	-4	2	1	0
994	-4	2	1	0
995	-4	2	1	0
996	-4	2	1	0
997	-4	2	1	0
998	-4	2	1	0
999	-4	2	1	0
1000	-4	2	1	0
1001	-4	2	1	0
1002	-4	2	1	0
1003	-4	2	1	0
1004	-4	2	1	0
1005	-4	2	1	0
1006	-4	2	1	0
1174	-4	1	1	0
1175	-4	1	1	0
1176	-4	1	1	0
1177	-4	1	1	0
1178	-4	1	1	0
1179	-4	1	1	0
1180	-4	1	1	0
1181	-4	1	1	0
1182	-4	1	1	0
1183	-4	1	1	0
1184	-4	1	1	0
1185	-4	1	1	0
1186	-4	1	1	0
1187	-4	1	1	0
1188	-4	1	1	0
1189	-4	1	1	0
1190	-4	1	1	0
1191	-4	1	1	0
1192	-4	1	1	0
1193	-4	1	1	0
1194	-4	1	1	0
1214	-4.3	2	2	0
1215	-4.3	2	2	0
1336	-4.6	1	2	0
1337	-4.6	1	2	0
1338	-4.6	1	2	0
1339	-4.6	1	2	0
1340	-4.6	1	2	0
1341	-4.6	1	2	0
1344	-4	2	2	0
1345	-4	2	2	0
1346	-4	2	2	0
1347	-4	2	2	0
1348	-4	2	2	0
1349	-4	2	2	0
1350	-4	2	2	0
1351	-4	2	2	0
1352	-4	2	2	0
1353	-4	1	3	4
1354	-4	1	3	4
1355	-4	1	3	4
1356	-4	1	3	4
1357	-4	1	3	4
1358	-4	1	3	4
1402	-4	1	3	4
1428	-4	1	2	0
1429	-4	1	2	0
1430	-4	1	2	0
1454	-4	2	1	0
1455	-4	2	1	0
1456	-4	2	1	0
1457	-4	2	1	0
1458	-4	2	1	0
1459	-4	2	1	0
1460	-4	2	1	0
1461	-4	2	0	0
1462	-4	2	0	0
1463	-4	2	0	0
1464	-4	2	0	0
1465	-4	1	2	4
1466	-4.3	1	2	0
1502	-4	2	2	0
1503	-4	2	2	0
1504	-4	2	2	0
1505	-4	2	2	0
1506	-4	2	2	0
1507	-4	2	2	0
1508	-4	2	2	0
1509	-4	2	2	0
1510	-4	2	2	0
1511	-4	2	2	0
1512	-4	2	2	0
1513	-4	2	2	0
1514	-4	2	2	0
1515	-4	2	2	0
1516	-4	2	2	0
1517	-4	2	2	0
1518	-4	2	2	0
1519	-4	2	2	0
1520	-4	2	2	0
1521	-4	2	2	0
1522	-4	2	2	0
1523	-4	2	2	0
1524	-4	2	2	0
1525	-4	2	1	0
1526	-4	2	1	0
1527	-4	2	1	0
1528	-4	2	1	0
1529	-4	2	1	0
1530	-4	2	1	0
1531	-4	2	1	0
1532	-4	2	1	0
1533	-4	2	1	0
1543	-4	2	1	0
1544	-4	2	1	0
1545	-4	2	1	0
1546	-4	2	1	0
1547	-4	2	1	0
1548	-4	2	1	0
1549	-4	2	1	0
1550	-4	2	1	0
1551	-4	2	1	0
1552	-4	2	1	0
1553	-4	2	1	0
1554	-4	2	1	0
1555	-4	2	1	0
1556	-4	2	1	0
1557	-4	2	1	0
1558	-4	2	2	0
1559	-4	2	2	0
1560	-4	2	2	0
1561	-4	2	2	0
1562	-4	2	2	0
1563	-4	2	2	0
1564	-4	2	2	0
1565	-4	2	2	0
1566	-4	2	2	0
1567	-4	2	2	0
1568	-4	2	2	0
1569	-4	2	2	0
1570	-4	2	2	0
1571	-4	2	1	0
1572	-4	2	1	0
1573	-4	2	1	0
1574	-4	2	1	0
1575	-4	2	1	0
1576	-4	2	1	0
1577	-4	2	1	0
1578	-4	2	1	0
1579	-4	2	1	0
1580	-4	2	1	0
1581	-4	2	1	0
1582	-4	2	1	0
1583	-4	1	2	0
1584	-4	1	2	0
1585	-4	1	2	0
1586	-4	1	2	0
1587	-4	1	2	0
1588	-4	1	2	0
1589	-4	1	2	0
1590	-4	1	2	0
1616	-4	2	2	0
1617	-4	2	2	0
1618	-4	2	2	0
1619	-4	2	2	0
1620	-4	2	2	0
1621	-4	2	2	0
1622	-4	2	2	0
1623	-4	2	2	0
1624	-4	2	2	0
1625	-4	2	2	0
1626	-4	2	2	0
1627	-4	2	2	0
1628	-4	2	2	0
1629	-4	2	2	0
1630	-4	2	2	0
1631	-4	2	2	0
1632	-4	2	2	0
1633	-4	2	2	0
1634	-4	2	2	0
1635	-4	2	2	0
1636	-4	2	2	0
1637	-4	2	2	0
1638	-4	2	2	0
1639	-4	2	2	0
1640	-4	2	2	0
1641	-4	2	2	0
1642	-4	2	0	0
1643	-4	2	0	0
1644	-4	2	0	0
1645	-4	2	0	0
1646	-4	2	0	0
1647	-4	2	0	0
1648	-4	2	0	0
1649	-4	2	0	0
1650	-4	2	0	0
1670	-4.3	2	1	0
1671	-4.3	2	1	0
1672	-4.3	2	1	0
1673	-4.3	2	1	0
1674	-4.3	2	1	0
1675	-4.3	2	1	0
1676	-4.3	2	1	0
1677	-4.3	2	1	0
1678	-4.3	2	1	0
1679	-4.3	2	1	0
1680	-4.3	2	1	0
1681	-4.3	2	1	0
1682	-4.3	2	1	0
1683	-4.3	2	1	0
1684	-4.3	2	2	0
1685	-4.3	2	2	0
1686	-4.3	2	2	0
1687	-4.3	2	2	0
1688	-4.3	2	2	0
1689	-4.3	2	2	0
1690	-4.3	2	2	0
1691	-4.3	2	1	0
1692	-4.3	2	1	0
1693	-4.3	2	1	0
1694	-4.3	2	1	0
1695	-4.3	2	1	0
1696	-4.3	2	1	0
1713	-4	1	1	4
1714	-4	1	1	4
1715	-4	1	1	4
1716	-4	1	1	4
1717	-4	1	1	4
1718	-4	1	1	4
1719	-4	1	1	4
1720	-4	1	1	4
1721	-4	1	1	4
1722	-4	1	1	4
1723	-4	1	1	4
1724	-4	1	1	4
1725	-4	1	1	4
1726	-4	1	1	4
1727	-4	1	1	4
1728	-4	1	1	4
1729	-4	1	1	4
1730	-4	1	1	4
1731	-4	1	1	4
1732	-4	1	1	4
1733	-4	1	1	4
1734	-4	1	1	4
1735	-4	1	1	4
1736	-4	1	1	4
1737	-4	1	1	4
1738	-4	1	1	4
1739	-4	1	1	4
1740	-4	1	1	4
1741	-4	1	1	4
1742	-4	1	1	4
1743	-4	1	1	4
1744	-4	1	1	4
1745	-4	1	1	4
1746	-4	1	1	4
1747	-4	1	1	4
1761	-4	1	1	4
1762	-4	1	1	4
1763	-4	1	1	4
1764	-4	1	1	4
1765	-4	1	1	4
1766	-4	1	1	4
1767	-4	1	1	4
1768	-4	1	1	4
1769	-4	1	1	4
1770	-4	1	1	4
1771	-4	1	1	4
1772	-4	1	1	4
1773	-4	1	1	4
1774	-4	1	1	4
1775	-4	1	1	4
1776	-4	1	1	4
1777	-4	1	1	4
1778	-4	1	1	4
1779	-4	1	1	4
1780	-4	1	1	4
1781	-4	1	1	4
1782	-4	1	1	4
1783	-4	1	1	4
1784	-4	1	1	4
1785	-4	1	1	4
1786	-4	1	1	4
1787	-4	1	1	4
1788	-4	1	1	4
1800	-4	1	1	4
1801	-4	1	1	4
1802	-4	1	1	4
1803	-4	1	1	4
1804	-4	1	1	4
1805	-4	1	1	4
1806	-4	1	1	4
1807	-4	1	1	4
1808	-4	1	1	4
1809	-4	1	1	4
1810	-4	1	1	4
1811	-4	1	1	4
1812	-4	1	1	4
1813	-4	1	1	4
1814	-4	1	1	4
1815	-4	1	1	4
1816	-4	1	1	4
1817	-4	1	1	4
1818	-4	1	1	4
1819	-4	1	1	4
1820	-4	1	1	4
1821	-4	1	1	4
1822	-4	1	1	4
1823	-4	1	1	4
1827	-4.3	1	1	0
1828	-4.3	1	1	0
1829	-4.3	1	1	0
1830	-4.3	1	1	0
1831	-4.3	1	1	0
1832	-4.3	1	1	0
1833	-4.3	1	1	0
1834	-4.3	1	1	0
1835	-4.3	1	1	0
1836	-4.3	1	1	0
1837	-4.3	1	1	0
1838	-4.3	1	1	0
1839	-4.3	1	1	0
1840	-4.3	1	1	0
1841	-4.3	1	1	0
1842	-4.3	1	1	0
1843	-4.3	1	1	0
1985	-4.6	1	1	0
1986	-4.6	1	1	0
2201	-4.3	2	2	0
2203	-4	1	2	4
2210	-4.3	1	2	0
2270	-4	1	3	4
2271	-4	1	3	4
2272	-4	1	3	4
2273	-4	1	3	4
2274	-4	1	3	4
2275	-4	1	3	4
2276	-4	1	3	4
2277	-4	1	3	4
2285	-4	1	2	0
2286	-4	1	2	0
2287	-4	1	2	0
2288	-4	1	2	0
2289	-4	1	2	0
2290	-4	1	2	0
2291	-4	1	2	0
2292	-4	1	2	0
2293	-4	1	2	0
2294	-4	1	2	0
2334	-4	1	1	0
2335	-4	1	1	0
2336	-4	1	1	0
2337	-4	1	1	0
2338	-4	1	1	0
2339	-4	1	1	0
2340	-4	1	1	0
2341	-4	1	1	0
2342	-4	1	1	0
2343	-4	1	1	0
2344	-4	1	1	0
2345	-4	1	1	0
2346	-4	1	1	0
2347	-4	1	1	0
2348	-4	1	1	0
2349	-4	1	1	0
2350	-4	1	1	0
2364	-4.3	2	2	0
2365	-4.3	2	2	0
2366	-4.3	2	2	0
2367	-4.3	2	1	0
2368	-4.3	2	1	0
2375	-4.3	1	2	0
2376	-4.3	1	2	0
2377	-4.3	1	2	0
2378	-4.3	1	2	0
2379	-4.3	1	2	0
2583	-4	1	2	4
2584	-4	1	2	4
2585	-4.3	1	2	0
2586	-4.3	1	2	0
2605	-4.3	2	1	0
2606	-4.3	2	1	0
2609	-4	1	1	4
2610	-4	1	1	4
2611	-4	1	1	4
2628	-4	1	0	0
2630	-4	1	0	0
2631	-4	1	0	0
2632	-4	1	0	0
2633	-4	1	0	0
2634	-4.3	1	2	0
2652	-4	1	0	0
2653	-4	1	0	0
2654	-4	1	0	0
2655	-4	1	0	0
2656	-4	1	0	0
2657	-4	1	0	0
2658	-4	1	0	0
2662	-4.3	2	1	0
2663	-4.3	2	1	0
2664	-4.3	2	1	0
2665	-4.3	1	2	0
2683	-4.6	1	1	0
2702	-4.6	1	2	0
2703	-4.6	1	2	0
2704	-4.6	1	2	0
