78	-4	1	3	4
79	-4	1	3	4
80	-4	1	3	4
81	-4	1	3	4
82	-4	1	3	4
83	-4	1	3	4
84	-4	1	3	4
85	-4	1	3	4
86	-4	1	3	4
87	-4	1	3	4
88	-4	1	3	4
89	-4	1	3	4
90	-4	1	3	4
91	-4	1	3	4
92	-4	2	2	0
93	-4	2	2	0
94	-4	2	2	0
95	-4	2	2	0
96	-4	2	2	0
97	-4	2	2	0
98	-4	2	2	0
99	-4	2	2	0
100	-4	2	2	0
101	-4	2	2	0
102	-4	2	2	0
103	-4	2	2	0
104	-4	2	2	0
182	-4	1	2	0
183	-4	1	2	0
184	-4	1	2	0
185	-4	1	2	0
186	-4	1	2	0
187	-4	1	2	0
188	-4	1	2	0
189	-4	1	2	0
190	-4	1	2	0
191	-4	1	2	0
192	-4	1	2	0
193	-4	1	2	0
194	-4	1	2	0
250	-4	1	3	4
251	-4	1	3	4
252	-4	1	3	4
253	-4	1	3	4
254	-4	1	3	4
255	-4	1	3	4
256	-4	1	3	4
257	-4	1	3	4
258	-4	1	3	4
259	-4	1	3	4
260	-4	1	3	4
261	-4	1	3	4
262	-4	1	3	4
263	-4	1	3	4
344	-4	1	3	4
345	-4	1	3	4
346	-4	2	1	0
347	-4	2	1	0
352	-4	1	2	4
353	-4	1	2	4
354	-4	1	2	4
355	-4	1	2	4
356	-4	1	2	4
357	-4	1	2	4
358	-4	1	2	4
359	-4	1	2	4
360	-4	1	2	4
361	-4	1	2	4
362	-4	1	2	4
363	-4	1	2	4
364	-4	1	2	4
365	-4	1	2	4
366	-4	1	2	4
367	-4	1	2	4
368	-4	1	2	4
369	-4	1	2	4
370	-4	1	2	4
371	-4	1	2	4
372	-4	1	2	4
373	-4	1	2	4
374	-4	1	2	4
375	-4	1	2	4
376	-4	1	2	4
377	-4	1	2	4
378	-4	1	2	4
379	-4	1	2	4
380	-4	1	2	4
381	-4	1	2	4
382	-4	1	2	4
383	-4	1	2	4
384	-4	1	2	4
385	-4	1	2	4
386	-4	1	2	4
387	-4	1	2	4
388	-4	1	2	4
389	-4	1	2	4
390	-4	1	2	4
391	-4	1	2	4
392	-4	1	2	4
393	-4	1	2	4
394	-4.3	1	2	0
395	-4.3	1	2	0
396	-4.3	1	2	0
397	-4.3	1	2	0
398	-4.3	1	2	0
399	-4.3	1	2	0
400	-4.3	1	2	0
401	-4.3	1	2	0
402	-4.3	1	2	0
403	-4.3	1	2	0
404	-4.3	1	2	0
406	-4	2	2	0
407	-4	2	2	0
408	-4	2	2	0
409	-4	2	2	0
410	-4	2	2	0
411	-4	2	2	0
412	-4	2	2	0
413	-4	2	2	0
414	-4	2	2	0
415	-4	2	2	0
416	-4	2	2	0
417	-4	2	2	0
418	-4	2	2	0
419	-4	2	2	0
420	-4	2	2	0
421	-4	2	2	0
422	-4	2	2	0
423	-4	2	2	0
424	-4	2	2	0
425	-4	2	2	0
426	-4	2	2	0
427	-4	2	2	0
428	-4	2	2	0
429	-4	2	2	0
430	-4.3	2	2	0
431	-4.3	2	2	0
470	-4.6	1	2	0
471	-4.6	1	2	0
472	-4.6	1	2	0
473	-4.6	1	2	0
474	-4.6	1	2	0
553	-4	1	3	4
554	-4	1	3	4
555	-4	1	3	4
556	-4	1	3	4
557	-4	1	3	4
558	-4	1	3	4
559	-4	1	3	4
560	-4	1	3	4
561	-4	1	3	4
562	-4	1	3	4
563	-4	1	3	4
564	-4	1	3	4
565	-4	1	3	4
566	-4	1	3	4
567	-4	1	3	4
568	-4	1	3	4
569	-4	2	1	0
570	-4	2	1	0
571	-4	2	1	0
572	-4	2	1	0
573	-4	2	1	0
574	-4	2	1	0
575	-4	2	1	0
576	-4	2	1	0
577	-4	2	1	0
578	-4	2	1	0
579	-4	2	1	0
580	-4	2	1	0
581	-4	2	1	0
582	-4	2	1	0
583	-4	2	1	0
864	-4	1	1	0
865	-4	1	1	0
866	-4	1	1	0
867	-4	1	1	0
868	-4	1	1	0
869	-4	1	1	0
870	-4	1	1	0
871	-4	1	1	0
872	-4	1	1	0
873	-4	1	1	0
874	-4	1	1	0
875	-4	1	1	0
876	-4	1	1	0
877	-4	1	1	0
878	-4	1	1	0
879	-4	1	1	0
880	-4	1	1	0
881	-4	1	1	0
882	-4	1	1	0
883	-4	1	1	0
884	-4	1	1	0
885	-4	1	1	0
886	-4	1	1	0
887	-4	1	1	0
888	-4	1	1	0
893	-4	1	1	0
894	-4	1	1	0
895	-4	1	1	0
896	-4	1	1	0
897	-4	1	1	0
945	-4.3	2	2	0
946	-4.3	2	2	0
947	-4.3	2	2	0
948	-4.3	2	2	0
949	-4.3	2	2	0
950	-4.3	2	2	0
977	-4.6	1	2	0
978	-4.6	1	2	0
979	-4.6	1	2	0
980	-4.6	1	2	0
991	-4	1	3	4
992	-4	1	3	4
993	-4	1	3	4
994	-4	1	3	4
995	-4	1	3	4
996	-4	1	3	4
997	-4	1	3	4
998	-4	1	3	4
999	-4	1	3	4
1000	-4	1	3	4
1001	-4	1	3	4
1002	-4	1	3	4
1003	-4	1	3	4
1004	-4	1	3	4
1005	-4	1	3	4
1006	-4	1	3	4
1174	-4	2	3	4
1175	-4	2	3	4
1176	-4	2	3	4
1177	-4	2	3	4
1178	-4	2	3	4
1179	-4	2	3	4
1180	-4	2	3	4
1181	-4	2	3	4
1182	-4	2	3	4
1183	-4	2	3	4
1184	-4	2	3	4
1185	-4	2	3	4
1186	-4	2	3	4
1187	-4	2	3	4
1188	-4	2	3	4
1189	-4	2	3	4
1190	-4	1	3	4
1191	-4	1	3	4
1192	-4	1	3	4
1193	-4	1	3	4
1194	-4	1	3	4
1214	-4.3	1	2	0
1215	-4.3	1	2	0
1336	-4.6	1	2	0
1337	-4.6	1	2	0
1338	-4.6	1	2	0
1339	-4.6	1	2	0
1340	-4.6	1	2	0
1341	-4.6	1	2	0
1344	-4	1	3	4
1345	-4	1	3	4
1346	-4	1	3	4
1347	-4	1	3	4
1348	-4	1	3	4
1349	-4	1	3	4
1350	-4	1	3	4
1351	-4	1	3	4
1352	-4	1	3	4
1353	-4	2	2	0
1354	-4	2	2	0
1355	-4	2	2	0
1356	-4	2	2	0
1357	-4	2	2	0
1358	-4	2	2	0
1402	-4	1	2	0
1428	-4	1	3	4
1429	-4	1	3	4
1430	-4	1	3	4
1454	-4	1	2	4
1455	-4	1	2	4
1456	-4	1	2	4
1457	-4	1	2	4
1458	-4	1	2	4
1459	-4	1	2	4
1460	-4	1	2	4
1461	-4	1	2	4
1462	-4	1	2	4
1463	-4	1	2	4
1464	-4	1	2	4
1465	-4	2	0	0
1466	-4.3	2	1	0
1502	-4	1	1	4
1503	-4	1	1	4
1504	-4	1	1	4
1505	-4	1	1	4
1506	-4	1	1	4
1507	-4	1	1	4
1508	-4	1	1	4
1509	-4	1	1	4
1510	-4	1	1	4
1511	-4	1	1	4
1512	-4	1	1	4
1513	-4	1	1	4
1514	-4	1	1	4
1515	-4	1	1	4
1516	-4	1	1	4
1517	-4	1	1	4
1518	-4	1	1	4
1519	-4	1	1	4
1520	-4	1	1	4
1521	-4	1	1	4
1522	-4	1	1	4
1523	-4	1	1	4
1524	-4	1	1	4
1525	-4	1	1	4
1526	-4	1	1	4
1527	-4	1	1	4
1528	-4	1	1	4
1529	-4	1	1	4
1530	-4	1	1	4
1531	-4	1	1	4
1532	-4	1	1	4
1533	-4	1	1	4
1543	-4	1	1	4
1544	-4	1	1	4
1545	-4	1	1	4
1546	-4	1	1	4
1547	-4	1	1	4
1548	-4	1	1	4
1549	-4	1	1	4
1550	-4	1	1	4
1551	-4	1	1	4
1552	-4	1	1	4
1553	-4	1	1	4
1554	-4	1	1	4
1555	-4	1	1	4
1556	-4	1	1	4
1557	-4	1	1	4
1558	-4	1	1	4
1559	-4	1	1	4
1560	-4	1	1	4
1561	-4	1	1	4
1562	-4	1	1	4
1563	-4	1	1	4
1564	-4	1	1	4
1565	-4	1	1	4
1566	-4	1	1	4
1567	-4	1	1	4
1568	-4	1	1	4
1569	-4	1	1	4
1570	-4	1	1	4
1571	-4	1	1	4
1572	-4	1	1	4
1573	-4	1	1	4
1574	-4	1	1	4
1575	-4	1	1	4
1576	-4	1	1	4
1577	-4	1	1	4
1578	-4	1	1	4
1579	-4	1	1	4
1580	-4	1	1	4
1581	-4	1	1	4
1582	-4	1	1	4
1583	-4	1	1	4
1584	-4	1	1	4
1585	-4	1	1	4
1586	-4	1	1	4
1587	-4	1	1	4
1588	-4	1	1	4
1589	-4	1	1	4
1590	-4	1	1	4
1616	-4	1	1	4
1617	-4	1	1	4
1618	-4	1	1	4
1619	-4	1	1	4
1620	-4	1	1	4
1621	-4	1	1	4
1622	-4	1	1	4
1623	-4	1	1	4
1624	-4	1	1	4
1625	-4	1	1	4
1626	-4	1	1	4
1627	-4	1	1	4
1628	-4	1	1	4
1629	-4	1	1	4
1630	-4	1	1	4
1631	-4	1	1	4
1632	-4	1	1	4
1633	-4	1	1	4
1634	-4	1	1	4
1635	-4	1	1	4
1636	-4	1	1	4
1637	-4	1	1	4
1638	-4	1	1	4
1639	-4	1	1	4
1640	-4	1	1	4
1641	-4	1	1	4
1642	-4	1	1	4
1643	-4	1	1	4
1644	-4	1	1	4
1645	-4	1	1	4
1646	-4	1	1	4
1647	-4	1	1	4
1648	-4	1	1	4
1649	-4	1	1	4
1650	-4	1	1	4
1670	-4.3	1	1	0
1671	-4.3	1	1	0
1672	-4.3	1	1	0
1673	-4.3	1	1	0
1674	-4.3	1	1	0
1675	-4.3	1	1	0
1676	-4.3	1	1	0
1677	-4.3	1	1	0
1678	-4.3	1	1	0
1679	-4.3	1	1	0
1680	-4.3	1	1	0
1681	-4.3	1	1	0
1682	-4.3	1	1	0
1683	-4.3	1	1	0
1684	-4.3	1	1	0
1685	-4.3	1	1	0
1686	-4.3	1	1	0
1687	-4.3	1	1	0
1688	-4.3	1	1	0
1689	-4.3	1	1	0
1690	-4.3	1	1	0
1691	-4.3	1	1	0
1692	-4.3	1	1	0
1693	-4.3	1	1	0
1694	-4.3	1	1	0
1695	-4.3	1	1	0
1696	-4.3	1	1	0
1713	-4	2	0	0
1714	-4	2	0	0
1715	-4	2	0	0
1716	-4	2	0	0
1717	-4	2	0	0
1718	-4	2	0	0
1719	-4	2	0	0
1720	-4	2	0	0
1721	-4	2	0	0
1722	-4	2	0	0
1723	-4	2	2	0
1724	-4	2	2	0
1725	-4	2	2	0
1726	-4	2	2	0
1727	-4	2	2	0
1728	-4	2	2	0
1729	-4	2	2	0
1730	-4	2	2	0
1731	-4	2	2	0
1732	-4	2	2	0
1733	-4	2	2	0
1734	-4	2	2	0
1735	-4	2	0	0
1736	-4	2	0	0
1737	-4	2	0	0
1738	-4	2	0	0
1739	-4	2	0	0
1740	-4	2	0	0
1741	-4	2	0	0
1742	-4	2	0	0
1743	-4	2	0	0
1744	-4	2	0	0
1745	-4	2	0	0
1746	-4	2	0	0
1747	-4	1	2	0
1761	-4	2	1	0
1762	-4	2	1	0
1763	-4	2	1	0
1764	-4	2	1	0
1765	-4	2	1	0
1766	-4	2	1	0
1767	-4	2	1	0
1768	-4	2	1	0
1769	-4	2	1	0
1770	-4	2	2	0
1771	-4	2	2	0
1772	-4	2	2	0
1773	-4	2	2	0
1774	-4	2	2	0
1775	-4	2	2	0
1776	-4	2	2	0
1777	-4	2	2	0
1778	-4	2	2	0
1779	-4	2	1	0
1780	-4	2	1	0
1781	-4	2	1	0
1782	-4	2	1	0
1783	-4	2	1	0
1784	-4	2	1	0
1785	-4	2	1	0
1786	-4	2	1	0
1787	-4	2	1	0
1788	-4	2	1	0
1800	-4	2	0	0
1801	-4	2	0	0
1802	-4	2	0	0
1803	-4	2	0	0
1804	-4	2	0	0
1805	-4	2	2	0
1806	-4	2	2	0
1807	-4	2	2	0
1808	-4	2	2	0
1809	-4	2	2	0
1810	-4	2	2	0
1811	-4	2	2	0
1812	-4	2	2	0
1813	-4	2	2	0
1814	-4	2	0	0
1815	-4	2	0	0
1816	-4	2	0	0
1817	-4	2	0	0
1818	-4	2	0	0
1819	-4	2	0	0
1820	-4	2	0	0
1821	-4	2	0	0
1822	-4	2	0	0
1823	-4	2	0	0
1827	-4.3	2	2	0
1828	-4.3	2	2	0
1829	-4.3	2	2	0
1830	-4.3	2	2	0
1831	-4.3	2	2	0
1832	-4.3	2	2	0
1833	-4.3	2	2	0
1834	-4.3	2	2	0
1835	-4.3	2	2	0
1836	-4.3	2	2	0
1837	-4.3	2	1	0
1838	-4.3	2	1	0
1839	-4.3	2	1	0
1840	-4.3	2	1	0
1841	-4.3	2	1	0
1842	-4.3	2	1	0
1843	-4.3	2	1	0
1985	-4.6	1	1	0
1986	-4.6	1	1	0
2201	-4.3	1	2	0
2203	-4	1	1	0
2210	-4.3	2	2	0
2270	-4	1	2	0
2271	-4	1	2	0
2272	-4	1	2	0
2273	-4	1	2	0
2274	-4	1	2	0
2275	-4	1	2	0
2276	-4	1	2	0
2277	-4	1	2	0
2285	-4	1	3	4
2286	-4	1	3	4
2287	-4	1	3	4
2288	-4	1	3	4
2289	-4	1	3	4
2290	-4	1	3	4
2291	-4	1	3	4
2292	-4	1	3	4
2293	-4	1	3	4
2294	-4	1	3	4
2334	-4	1	2	4
2335	-4	1	2	4
2336	-4	1	2	4
2337	-4	1	2	4
2338	-4	1	2	4
2339	-4	1	2	4
2340	-4	1	2	4
2341	-4	1	2	4
2342	-4	1	2	4
2343	-4	1	2	4
2344	-4	1	2	4
2345	-4	1	2	4
2346	-4	1	2	4
2347	-4	1	2	4
2348	-4	1	2	4
2349	-4	1	2	4
2350	-4	1	2	4
2364	-4.3	1	2	0
2365	-4.3	1	2	0
2366	-4.3	1	2	0
2367	-4.3	1	2	0
2368	-4.3	1	2	0
2375	-4.3	2	2	0
2376	-4.3	2	2	0
2377	-4.3	2	2	0
2378	-4.3	2	1	0
2379	-4.3	2	1	0
2583	-4	1	0	0
2584	-4	1	0	0
2585	-4.3	2	1	0
2586	-4.3	2	1	0
2605	-4.3	1	1	0
2606	-4.3	1	1	0
2609	-4	1	0	0
2610	-4	1	0	0
2611	-4	1	0	0
2628	-4	1	3	4
2630	-4	1	2	4
2631	-4	1	2	4
2632	-4	1	2	4
2633	-4	1	2	4
2634	-4.3	2	1	0
2652	-4	1	1	4
2653	-4	1	1	4
2654	-4	1	1	4
2655	-4	1	1	4
2656	-4	1	1	4
2657	-4	1	1	4
2658	-4	1	1	4
2662	-4.3	1	1	0
2663	-4.3	1	1	0
2664	-4.3	1	1	0
2665	-4.3	1	1	0
2683	-4.6	1	1	0
2702	-4.6	1	2	0
2703	-4.6	1	2	0
2704	-4.6	1	2	0
