47	-4	1	3	0
48	-4	1	3	0
49	-4	1	3	0
50	-4	1	3	0
51	-4	1	3	0
52	-4	1	3	0
53	-4	1	3	0
54	-4	1	3	0
55	-4	1	3	0
56	-4	1	3	0
57	-4	1	3	0
58	-4	1	3	0
59	-4	1	3	0
60	-4	1	3	0
61	-4	1	3	0
62	-4	1	3	0
63	-4	1	3	0
64	-4	1	3	0
65	-4	1	3	0
66	-4	1	3	0
67	-4	1	3	0
68	-4	1	3	0
92	-4	2	2	1
93	-4	2	2	1
94	-4	2	2	1
95	-4	2	2	1
96	-4	2	2	1
97	-4	2	2	1
98	-4	2	2	1
99	-4	2	2	1
100	-4	2	2	1
101	-4	2	2	1
102	-4	2	2	1
103	-4	2	2	1
104	-4	2	2	1
174	-4	1	2	1
175	-4	1	2	1
176	-4	1	2	1
177	-4	1	2	1
178	-4	1	2	1
179	-4	1	2	1
180	-4	1	2	1
181	-4	1	2	1
182	-4	1	2	1
183	-4	1	2	1
184	-4	1	2	1
185	-4	1	2	1
186	-4	1	2	1
187	-4	1	2	1
188	-4	1	2	1
189	-4	1	2	1
190	-4	1	2	1
191	-4	1	2	1
192	-4	1	2	1
193	-4	1	2	1
194	-4	1	2	1
346	-4	2	1	1
347	-4	2	1	1
394	-4.3	1	2	1
395	-4.3	1	2	1
396	-4.3	1	2	1
397	-4.3	1	2	1
398	-4.3	1	2	1
399	-4.3	1	2	1
400	-4.3	1	2	1
401	-4.3	1	2	1
402	-4.3	1	2	1
403	-4.3	1	2	1
404	-4.3	1	2	1
406	-4	2	2	1
407	-4	2	2	1
408	-4	2	2	1
409	-4	2	2	1
410	-4	2	2	1
411	-4	2	2	1
412	-4	2	2	1
413	-4	2	2	1
414	-4	2	2	1
415	-4	2	2	1
416	-4	2	2	1
417	-4	2	2	1
418	-4	2	2	1
419	-4	2	2	1
420	-4	2	2	1
421	-4	2	2	1
422	-4	2	2	1
430	-4.3	2	2	1
431	-4.3	2	2	1
470	-4.6	1	2	0
471	-4.6	1	2	0
472	-4.6	1	2	0
473	-4.6	1	2	0
474	-4.6	1	2	0
569	-4	2	1	1
570	-4	2	1	1
571	-4	2	1	1
572	-4	2	1	1
573	-4	2	1	1
574	-4	2	1	1
575	-4	2	1	1
576	-4	2	1	1
577	-4	2	1	1
578	-4	2	1	1
579	-4	2	1	1
580	-4	2	1	1
581	-4	2	1	1
582	-4	2	1	1
583	-4	2	1	1
653	-4	1	2	1
654	-4	1	2	1
655	-4	1	2	1
656	-4	1	2	1
657	-4	1	2	1
658	-4	1	2	1
659	-4	1	2	1
745	-4	2	1	1
746	-4	2	1	1
747	-4	2	1	1
748	-4	2	1	1
749	-4	2	1	1
750	-4	2	1	1
751	-4	2	1	1
752	-4	2	1	1
753	-4	2	1	1
754	-4	2	1	1
755	-4	2	1	1
756	-4	2	1	1
757	-4	2	1	1
758	-4	2	1	1
788	-4	1	2	0
789	-4	1	2	0
790	-4	1	2	0
791	-4	1	2	0
792	-4	1	2	0
793	-4	1	2	0
794	-4	1	2	0
795	-4	1	2	0
796	-4	1	2	0
797	-4	1	2	0
798	-4	1	2	0
799	-4	1	2	0
800	-4	1	2	0
801	-4	1	2	0
802	-4	1	2	0
803	-4	1	2	0
804	-4	1	2	0
805	-4	1	2	0
806	-4	1	2	0
864	-4	1	1	1
865	-4	1	1	1
866	-4	1	1	1
867	-4	1	1	1
868	-4	1	1	1
869	-4	1	1	1
870	-4	1	1	1
871	-4	1	1	1
872	-4	1	1	1
873	-4	1	1	1
874	-4	1	1	1
889	-4	1	1	1
890	-4	1	1	1
891	-4	1	1	1
892	-4	1	1	1
893	-4	1	1	1
894	-4	1	1	1
895	-4	1	1	1
896	-4	1	1	1
897	-4	1	1	1
904	-4	1	1	1
905	-4	1	1	1
906	-4	1	1	1
907	-4	1	1	1
908	-4	1	1	1
909	-4	1	1	1
910	-4	1	1	1
911	-4	1	1	1
945	-4.3	2	2	1
946	-4.3	2	2	1
947	-4.3	2	2	1
948	-4.3	2	2	1
949	-4.3	2	2	1
950	-4.3	2	2	1
977	-4.6	1	2	0
978	-4.6	1	2	0
979	-4.6	1	2	0
980	-4.6	1	2	0
1062	-4	1	2	1
1063	-4	1	2	1
1064	-4	1	2	1
1065	-4	1	2	1
1066	-4	1	2	1
1067	-4	1	2	1
1068	-4	1	2	1
1069	-4	1	2	1
1070	-4	1	2	1
1071	-4	1	2	1
1072	-4	1	2	1
1122	-4	1	2	0
1123	-4	1	2	0
1124	-4	1	2	0
1125	-4	1	2	0
1126	-4	1	2	0
1127	-4	1	2	0
1128	-4	1	2	0
1129	-4	1	2	0
1130	-4	1	2	0
1131	-4	1	2	0
1132	-4	1	2	0
1133	-4	1	2	0
1134	-4	1	2	0
1135	-4	1	2	0
1136	-4	1	2	0
1137	-4	1	2	0
1214	-4.3	1	2	1
1215	-4.3	1	2	1
1336	-4.6	1	2	0
1337	-4.6	1	2	0
1338	-4.6	1	2	0
1339	-4.6	1	2	0
1340	-4.6	1	2	0
1341	-4.6	1	2	0
1353	-4	2	2	1
1354	-4	2	2	1
1355	-4	2	2	1
1356	-4	2	2	1
1357	-4	2	2	1
1358	-4	2	2	1
1401	-4	1	2	1
1402	-4	1	2	1
1449	-4	1	3	0
1450	-4	1	3	0
1451	-4	1	3	0
1452	-4	1	3	0
1453	-4	1	3	0
1466	-4.3	2	1	1
1482	-4	2	0	1
1483	-4	2	0	1
1484	-4	2	0	1
1485	-4	2	0	1
1486	-4	2	0	1
1487	-4	2	0	1
1488	-4	2	0	1
1489	-4	2	0	1
1490	-4	2	0	1
1491	-4	2	0	1
1534	-4	1	2	1
1535	-4	1	2	1
1606	-4	2	0	1
1607	-4	2	0	1
1608	-4	2	0	1
1609	-4	2	0	1
1610	-4	2	0	1
1611	-4	2	0	1
1612	-4	2	0	1
1670	-4.3	1	1	1
1671	-4.3	1	1	1
1672	-4.3	1	1	1
1673	-4.3	1	1	1
1674	-4.3	1	1	1
1675	-4.3	1	1	1
1676	-4.3	1	1	1
1677	-4.3	1	1	1
1678	-4.3	1	1	1
1679	-4.3	1	1	1
1680	-4.3	1	1	1
1681	-4.3	1	1	1
1682	-4.3	1	1	1
1683	-4.3	1	1	1
1684	-4.3	1	1	1
1685	-4.3	1	1	1
1686	-4.3	1	1	1
1687	-4.3	1	1	1
1688	-4.3	1	1	1
1689	-4.3	1	1	1
1690	-4.3	1	1	1
1691	-4.3	1	1	1
1692	-4.3	1	1	1
1693	-4.3	1	1	1
1694	-4.3	1	1	1
1695	-4.3	1	1	1
1696	-4.3	1	1	1
1713	-4	2	0	1
1714	-4	2	0	1
1715	-4	2	0	1
1716	-4	2	0	1
1717	-4	2	0	1
1718	-4	2	0	1
1719	-4	2	0	1
1720	-4	2	0	1
1721	-4	2	0	1
1722	-4	2	0	1
1723	-4	2	2	1
1724	-4	2	2	1
1725	-4	2	2	1
1726	-4	2	2	1
1727	-4	2	2	1
1728	-4	2	2	1
1729	-4	2	2	1
1730	-4	2	2	1
1731	-4	2	2	1
1732	-4	2	2	1
1733	-4	2	2	1
1734	-4	2	2	1
1747	-4	1	2	1
1761	-4	2	1	1
1762	-4	2	1	1
1763	-4	2	1	1
1764	-4	2	1	1
1765	-4	2	1	1
1766	-4	2	1	1
1767	-4	2	1	1
1768	-4	2	1	1
1769	-4	2	1	1
1770	-4	2	2	1
1771	-4	2	2	1
1772	-4	2	2	1
1773	-4	2	2	1
1774	-4	2	2	1
1775	-4	2	2	1
1776	-4	2	2	1
1777	-4	2	2	1
1778	-4	2	2	1
1789	-4	2	0	1
1790	-4	2	0	1
1791	-4	2	0	1
1792	-4	2	0	1
1793	-4	2	0	1
1827	-4.3	2	2	1
1828	-4.3	2	2	1
1829	-4.3	2	2	1
1830	-4.3	2	2	1
1831	-4.3	2	2	1
1832	-4.3	2	2	1
1833	-4.3	2	2	1
1834	-4.3	2	2	1
1835	-4.3	2	2	1
1836	-4.3	2	2	1
1837	-4.3	2	1	1
1838	-4.3	2	1	1
1839	-4.3	2	1	1
1840	-4.3	2	1	1
1841	-4.3	2	1	1
1842	-4.3	2	1	1
1843	-4.3	2	1	1
1985	-4.6	1	1	0
1986	-4.6	1	1	0
2053	-4	1	2	1
2054	-4	1	2	1
2055	-4	1	2	1
2056	-4	1	2	1
2057	-4	1	2	1
2058	-4	1	2	1
2112	-4	2	0	1
2113	-4	2	0	1
2114	-4	2	0	1
2115	-4	2	0	1
2116	-4	2	0	1
2117	-4	2	0	1
2118	-4	2	0	1
2119	-4	2	0	1
2178	-4	1	1	1
2179	-4	1	1	1
2180	-4	1	1	1
2187	-4	1	1	1
2188	-4	1	1	1
2189	-4	1	1	1
2190	-4	1	1	1
2191	-4	1	1	1
2192	-4	1	1	1
2193	-4	1	1	1
2194	-4	1	1	1
2201	-4.3	1	2	1
2203	-4	1	1	1
2210	-4.3	2	2	1
2263	-4	1	2	1
2264	-4	1	2	1
2265	-4	1	2	1
2266	-4	1	2	1
2267	-4	1	2	1
2268	-4	1	2	1
2269	-4	1	2	1
2270	-4	1	2	1
2271	-4	1	2	1
2272	-4	1	2	1
2273	-4	1	2	1
2274	-4	1	2	1
2275	-4	1	2	1
2276	-4	1	2	1
2277	-4	1	2	1
2326	-4	2	0	1
2327	-4	2	0	1
2328	-4	2	0	1
2329	-4	2	0	1
2364	-4.3	1	2	1
2365	-4.3	1	2	1
2366	-4.3	1	2	1
2367	-4.3	1	2	1
2368	-4.3	1	2	1
2375	-4.3	2	2	1
2376	-4.3	2	2	1
2377	-4.3	2	2	1
2378	-4.3	2	1	1
2379	-4.3	2	1	1
2585	-4.3	2	1	1
2586	-4.3	2	1	1
2590	-4	1	0	1
2591	-4	1	0	1
2592	-4	1	0	1
2593	-4	1	0	1
2594	-4	1	0	1
2595	-4	1	0	1
2605	-4.3	1	1	1
2606	-4.3	1	1	1
2630	-4	1	3	0
2631	-4	1	3	0
2632	-4	1	3	0
2633	-4	1	3	0
2634	-4.3	2	1	1
2662	-4.3	1	1	1
2663	-4.3	1	1	1
2664	-4.3	1	1	1
2665	-4.3	1	1	1
2683	-4.6	1	1	0
2702	-4.6	1	2	0
2703	-4.6	1	2	0
2704	-4.6	1	2	0
