11	-4.3	0
12	-6	0
16	-6	0
33	-6	0
45	-4.3	0
49	-4.3	0
54	-4.3	0
59	-4.3	0
74	-4.3	0
75	-4.3	0
82	-4.3	0
93	-4.3	0
94	-4.3	0
101	-4.3	0
105	-6	0
112	-4.3	0
114	-2.9	0
115	-4.3	0
116	-4.3	0
120	-4.3	0
122	-4.3	0
123	-4.3	0
124	-4.3	0
125	-4.3	0
127	-4.3	0
128	-4.3	0
129	-4.3	0
131	-4.3	0
135	-4.3	0
144	-4.3	0
145	-4.3	0
146	-4.3	0
147	-4.3	0
149	-4.3	0
150	-4.3	0
152	-4.3	0
153	-4.3	0
162	-6	0
173	-4.3	0
174	-4.3	0
176	-6	0
178	-4.3	0
179	-6	0
183	-6	0
197	-4.3	0
204	-4.3	0
210	-4.3	0
212	-4.3	0
233	-4.3	0
235	-4.3	0
236	-4.3	0
237	-4.3	0
248	-4.3	0
262	-4.3	0
263	-4.3	0
275	-6	0
277	-6	0
278	-6	0
283	-6	0
285	-6	0
307	-4.3	0
314	-4.3	0
324	-4.3	0
325	-4.3	0
339	-4.3	0
340	-4.3	0
347	-6	0
358	-4.3	0
362	-4.3	0
363	-4.3	0
364	-4.3	0
365	-4.3	0
369	-4.3	0
375	-4.3	0
377	-4.3	0
378	-4.3	0
380	-4.3	0
386	-4.3	0
392	-4.3	0
399	-4.3	0
405	-6	0
416	-4.3	0
417	-4.3	0
419	-6	0
427	-4.3	0
428	-4.3	0
440	-4.3	0
441	-4.3	0
456	-4.3	0
457	-4.3	0
473	-4.3	0
474	-4.3	0
484	-6	0
486	-6	0
489	-6	0
491	-6	0
508	-4.3	0
512	-4.3	0
524	-4.3	0
525	-4.3	0
526	-4.3	0
538	-4.3	0
545	-6	0
554	-4.3	0
558	-4.3	0
559	-4.3	0
560	-4.3	0
561	-4.3	0
566	-4.3	0
572	-4.3	0
578	-4.3	0
579	-4.3	0
583	-4.3	0
590	-4.3	0
591	-4.3	0
595	-4.3	0
601	-6	0
612	-4.3	0
613	-4.3	0
615	-6	0
623	-4.3	0
624	-4.3	0
637	-4.3	0
638	-4.3	0
652	-4.3	0
653	-4.3	0
672	-4.3	0
679	-6	0
681	-6	0
684	-6	0
686	-6	0
707	-4.3	0
718	-4.3	0
719	-4.3	0
721	-4.3	0
731	-4.3	0
732	-4.3	0
734	-4.3	0
740	-6	0
755	-4.3	0
756	-4.3	0
757	-4.3	0
763	-4.3	0
765	-4.3	0
772	-4.3	0
773	-4.3	0
776	-4.3	0
785	-4.3	0
786	-6	0
797	-4.3	0
798	-4.3	0
800	-6	0
806	-4.3	0
816	-4.3	0
819	-4.3	0
826	-4.3	0
827	-4.3	0
829	-4.3	0
830	-4.3	0
844	-4.3	0
845	-4.3	0
854	-6	0
856	-6	0
860	-6	0
862	-6	0
946	-6.3	0
947	-6.3	0
1138	-6.3	0
1378	-4.3	0
1382	-6	0
1411	-4.3	1
1416	-4.3	0
1431	-4.3	1
1432	-4.3	0
1440	-6	1
1454	-6	0
1484	-4.3	0
1489	-4.3	0
1496	-4.3	1
1511	-4.3	1
1519	-6	1
1521	-6	0
1524	-6	0
1526	-6	0
1557	-4.3	0
1570	-4.3	0
1571	-4.3	0
1576	-6	0
1600	-4.3	1
1602	-4.3	0
1616	-4.3	1
1617	-4.3	0
1621	-4.3	0
1622	-6	1
1636	-6	0
1655	-4.3	0
1657	-4.3	0
1660	-4.3	0
1665	-4.3	0
1666	-4.3	0
1690	-6	1
1692	-6	0
1696	-6	0
1698	-6	0
1703	-4.3	0
1705	-4.3	0
1709	-4.3	0
1711	-4.3	0
1712	-4.3	0
1743	-4.3	0
1746	-4.3	0
1783	-4.3	1
1790	-4.3	0
1794	-4.3	0
1800	-4.3	1
1805	-4.3	0
1830	-4.3	0
1833	-4.3	0
1841	-4.3	0
1848	-4.3	0
1855	-4.3	0
1856	-4.3	0
1907	-4.3	0
1910	-4.3	0
1920	-4.3	0
1932	-4.3	1
1938	-6	1
1949	-4.3	0
1950	-4.3	0
1951	-4.3	0
1952	-4.3	0
1956	-4.3	0
1962	-4.3	0
1964	-4.3	0
1965	-4.3	0
1967	-4.3	0
1970	-4.3	0
1977	-6	0
1988	-4.3	0
1989	-4.3	0
1991	-6	0
1998	-4.3	0
2008	-4.3	1
2019	-4.3	1
2020	-4.3	0
2035	-4.3	0
2041	-6	1
2043	-6	0
2045	-6	1
2046	-6	0
2051	-4.3	0
2054	-4.3	0
2065	-4.3	0
2076	-4.3	1
2082	-6	1
2093	-4.3	0
2094	-4.3	0
2095	-4.3	0
2096	-4.3	0
2101	-4.3	0
2104	-4.3	0
2105	-4.3	0
2109	-4.3	0
2116	-4.3	0
2117	-4.3	0
2121	-6	0
2132	-4.3	0
2133	-4.3	0
2135	-6	0
2142	-4.3	0
2153	-4.3	1
2163	-4.3	1
2164	-4.3	0
2180	-4.3	0
2185	-6	1
2187	-6	0
2189	-6	1
2190	-6	0
2202	-4.3	0
2213	-4.3	0
2214	-4.3	0
2216	-4.3	0
2226	-4.3	1
2227	-4.3	1
2229	-4.3	1
2235	-6	1
2250	-4.3	0
2251	-4.3	0
2252	-4.3	0
2258	-4.3	0
2260	-4.3	0
2267	-4.3	0
2268	-4.3	0
2271	-4.3	0
2280	-4.3	0
2281	-6	0
2292	-4.3	0
2293	-4.3	0
2295	-6	0
2301	-4.3	0
2311	-4.3	1
2314	-4.3	1
2321	-4.3	1
2322	-4.3	0
2324	-4.3	1
2325	-4.3	0
2339	-4.3	0
2340	-4.3	0
2349	-6	1
2351	-6	0
2355	-6	1
2357	-6	0
2362	-4.3	0
2369	-4.3	0
2379	-4.3	0
2380	-4.3	0
2394	-4.3	0
2395	-4.3	0
2402	-6	0
2413	-4.3	0
2417	-4.3	0
2418	-4.3	0
2419	-4.3	0
2420	-4.3	0
2424	-4.3	0
2430	-4.3	0
2432	-4.3	0
2433	-4.3	0
2435	-4.3	0
2441	-4.3	0
2447	-4.3	0
2454	-4.3	0
2460	-6	0
2471	-4.3	0
2472	-4.3	0
2474	-6	0
2482	-4.3	0
2483	-4.3	0
2495	-4.3	0
2496	-4.3	0
2511	-4.3	0
2512	-4.3	0
2528	-4.3	0
2529	-4.3	0
2539	-6	0
2541	-6	0
2544	-6	0
2546	-6	0
2549	-2.9	0
2550	-4.3	0
2556	-2.9	0
2557	-4.3	0
2567	-4.3	0
2568	-4.3	0
2582	-4.3	0
2583	-4.3	0
2590	-6	0
2601	-4.3	0
2605	-4.3	0
2606	-4.3	0
2607	-4.3	0
2608	-4.3	0
2612	-4.3	0
2618	-4.3	0
2620	-4.3	0
2621	-4.3	0
2623	-4.3	0
2635	-4.3	0
2648	-6	0
2659	-4.3	0
2660	-4.3	0
2662	-6	0
2670	-4.3	0
2671	-4.3	0
2683	-4.3	0
2684	-4.3	0
2699	-4.3	0
2700	-4.3	0
2716	-4.3	0
2717	-4.3	0
2727	-6	0
2729	-6	0
2732	-6	0
2734	-6	0
2741	-4.3	0
2744	-4.3	0
2748	-4.3	0
2750	-4.3	0
2754	-4.3	0
2757	-4.3	0
2758	-4.3	0
2759	-4.3	0
2763	-4.3	0
2764	-4.3	0
2766	-4.3	0
2767	-4.3	0
2768	-4.3	0
2841	-4.3	0
2859	-4.3	0
2864	-4.3	0
2868	-6	0
2883	-4.3	0
2889	-4.3	0
2890	-4.3	0
2898	-4.3	0
2903	-4.3	0
2908	-4.3	0
2909	-4.3	0
2918	-4.3	0
2919	-4.3	0
2923	-4.3	0
2934	-4.3	0
2943	-6	0
2957	-6	0
2959	-4.3	0
2960	-6	0
2964	-6	0
2978	-4.3	0
2994	-4.3	0
3039	-4.3	0
3047	-6	0
3052	-6	0
3054	-6	0
3055	-6	0
3060	-6	0
3063	-6	0
3066	-6.3	1
3168	-6	0
3178	-6.3	0
3209	-4.3	0
3419	-4.3	0
3423	-4.3	0
3435	-4.3	0
3436	-4.3	0
3437	-4.3	0
3449	-4.3	0
3456	-6	0
3465	-4.3	0
3469	-4.3	0
3470	-4.3	0
3471	-4.3	0
3472	-4.3	0
3477	-4.3	0
3483	-4.3	0
3489	-4.3	0
3490	-4.3	0
3494	-4.3	0
3501	-4.3	0
3502	-4.3	0
3506	-4.3	0
3512	-6	0
3523	-4.3	0
3524	-4.3	0
3526	-6	0
3534	-4.3	0
3535	-4.3	0
3548	-4.3	0
3549	-4.3	0
3563	-4.3	0
3564	-4.3	0
3583	-4.3	0
3590	-6	0
3592	-6	0
3595	-6	0
3597	-6	0
3600	-2.9	0
3601	-4.3	0
3604	-2.9	0
3605	-4.3	0
3617	-4.3	0
3618	-4.3	0
3619	-4.3	0
3631	-4.3	0
3638	-6	0
3647	-4.3	0
3651	-4.3	0
3652	-4.3	0
3653	-4.3	0
3654	-4.3	0
3659	-4.3	0
3671	-4.3	0
3672	-4.3	0
3676	-4.3	0
3683	-4.3	0
3684	-4.3	0
3694	-6	0
3705	-4.3	0
3706	-4.3	0
3708	-6	0
3716	-4.3	0
3717	-4.3	0
3730	-4.3	0
3731	-4.3	0
3745	-4.3	0
3746	-4.3	0
3751	-4.3	0
3765	-4.3	0
3766	-4.3	0
3772	-6	0
3774	-6	0
3777	-6	0
3779	-6	0
3783	-4.3	0
3786	-4.3	0
3787	-4.3	0
3793	-4.3	0
3796	-4.3	0
3799	-4.3	0
3815	-4.3	0
3816	-4.3	0
3818	-4.3	0
3819	-4.3	0
3820	-4.3	0
3903	-4.3	0
3938	-4.3	1
3942	-4.3	1
3945	-6	1
3957	-4.3	0
3964	-4.3	0
3973	-4.3	1
3975	-4.3	0
3980	-6	1
3988	-4.3	0
3989	-4.3	1
3991	-4.3	1
3992	-4.3	0
3993	-4.3	0
4004	-4.3	1
4006	-4.3	1
4007	-4.3	0
4015	-6	1
4026	-4.3	0
4027	-4.3	0
4029	-6	0
4034	-4.3	0
4042	-4.3	1
4048	-4.3	0
4051	-4.3	0
4053	-4.3	1
4054	-4.3	0
4068	-4.3	0
4075	-6	1
4077	-6	0
4080	-6	1
4081	-6	0
4085	-4.3	0
4096	-4.3	0
4097	-4.3	0
4099	-4.3	0
4109	-4.3	0
4110	-4.3	0
4112	-4.3	0
4118	-6	0
4133	-4.3	0
4134	-4.3	0
4135	-4.3	0
4141	-4.3	0
4143	-4.3	0
4150	-4.3	0
4151	-4.3	0
4154	-4.3	0
4163	-4.3	0
4164	-6	0
4175	-4.3	0
4176	-4.3	0
4178	-6	0
4184	-4.3	0
4194	-4.3	0
4197	-4.3	0
4204	-4.3	0
4205	-4.3	0
4207	-4.3	0
4208	-4.3	0
4222	-4.3	0
4223	-4.3	0
4232	-6	0
4234	-6	0
4238	-6	0
4240	-6	0
4243	-2.9	0
4244	-4.3	0
4255	-4.3	0
4256	-4.3	0
4258	-4.3	0
4268	-4.3	0
4269	-4.3	0
4271	-4.3	0
4277	-6	0
4292	-4.3	0
4293	-4.3	0
4294	-4.3	0
4300	-4.3	0
4302	-4.3	0
4309	-4.3	0
4310	-4.3	0
4313	-4.3	0
4322	-4.3	0
4323	-6	0
4334	-4.3	0
4335	-4.3	0
4337	-6	0
4343	-4.3	0
4353	-4.3	0
4356	-4.3	0
4363	-4.3	0
4364	-4.3	0
4366	-4.3	0
4367	-4.3	0
4381	-4.3	0
4382	-4.3	0
4391	-6	0
4393	-6	0
4397	-6	0
4399	-6	0
4404	-4.3	0
4405	-4.3	0
4406	-4.3	0
4412	-4.3	0
4420	-4.3	0
4421	-4.3	0
4424	-4.3	0
4435	-6	0
4437	-4.3	0
4438	-4.3	0
4439	-4.3	0
4445	-4.3	0
4446	-4.3	0
4447	-4.3	0
4448	-4.3	0
4449	-4.3	0
4453	-4.3	0
4454	-4.3	0
4456	-4.3	0
4457	-4.3	0
4469	-4.3	0
4470	-4.3	0
4473	-4.3	0
4474	-4.3	0
4478	-4.3	0
4479	-4.3	0
4481	-6	0
4482	-4.3	0
4483	-4.3	0
4485	-4.3	0
4486	-4.3	0
4487	-4.3	0
4488	-4.3	0
4490	-4.3	0
4491	-4.3	0
4495	-6	0
4530	-4.3	0
4541	-4.3	0
4548	-4.3	0
4549	-6	0
4551	-6	0
4555	-6	0
4557	-6	0
4579	-4.3	0
4594	-4.3	0
4598	-4.3	0
4602	-6	0
4622	-4.3	0
4623	-4.3	0
4629	-4.3	0
4631	-4.3	0
4636	-4.3	0
4637	-4.3	0
4643	-4.3	0
4644	-4.3	0
4647	-4.3	0
4654	-4.3	0
4660	-6	0
4674	-6	0
4676	-4.3	0
4677	-6	0
4681	-6	0
4696	-4.3	0
4712	-4.3	0
4748	-4.3	0
4757	-6	0
4759	-6	0
4760	-6	0
4765	-6	0
4767	-6	0
4770	-6.3	1
4844	-4.3	0
4845	-4.3	0
4859	-4.3	0
4860	-4.3	0
4867	-6	0
4878	-4.3	0
4882	-4.3	0
4883	-4.3	0
4884	-4.3	0
4885	-4.3	0
4889	-4.3	0
4895	-4.3	0
4897	-4.3	0
4898	-4.3	0
4900	-4.3	0
4906	-4.3	0
4912	-4.3	0
4919	-4.3	0
4925	-6	0
4936	-4.3	0
4937	-4.3	0
4939	-6	0
4947	-4.3	0
4948	-4.3	0
4960	-4.3	0
4961	-4.3	0
4976	-4.3	0
4977	-4.3	0
4993	-4.3	0
4994	-4.3	0
5004	-6	0
5006	-6	0
5009	-6	0
5011	-6	0
5024	-4.3	0
5025	-4.3	0
5026	-4.3	0
5038	-4.3	0
5045	-6	0
5054	-4.3	0
5058	-4.3	0
5059	-4.3	0
5060	-4.3	0
5061	-4.3	0
5066	-4.3	0
5072	-4.3	0
5078	-4.3	0
5079	-4.3	0
5083	-4.3	0
5090	-4.3	0
5091	-4.3	0
5095	-4.3	0
5101	-6	0
5112	-4.3	0
5113	-4.3	0
5115	-6	0
5123	-4.3	0
5124	-4.3	0
5137	-4.3	0
5138	-4.3	0
5152	-4.3	0
5153	-4.3	0
5172	-4.3	0
5179	-6	0
5181	-6	0
5184	-6	0
5186	-6	0
5196	-4.3	0
5197	-4.3	0
5199	-4.3	0
5209	-4.3	0
5210	-4.3	0
5212	-4.3	0
5218	-6	0
5233	-4.3	0
5234	-4.3	0
5235	-4.3	0
5241	-4.3	0
5243	-4.3	0
5250	-4.3	0
5251	-4.3	0
5254	-4.3	0
5263	-4.3	0
5264	-6	0
5275	-4.3	0
5276	-4.3	0
5278	-6	0
5284	-4.3	0
5294	-4.3	0
5297	-4.3	0
5304	-4.3	0
5305	-4.3	0
5307	-4.3	0
5308	-4.3	0
5322	-4.3	0
5323	-4.3	0
5332	-6	0
5334	-6	0
5338	-6	0
5340	-6	0
5403	-6.3	0
5624	-4.3	0
5637	-4.3	0
5638	-4.3	0
5643	-6	0
5667	-4.3	1
5669	-4.3	0
5683	-4.3	1
5684	-4.3	0
5688	-4.3	0
5689	-6	1
5703	-6	0
5722	-4.3	0
5724	-4.3	0
5727	-4.3	0
5732	-4.3	0
5733	-4.3	0
5757	-6	1
5759	-6	0
5763	-6	0
5765	-6	0
5785	-4.3	0
5788	-4.3	0
5804	-4.3	0
5810	-4.3	0
5812	-4.3	0
5816	-6	0
5823	-4.3	0
5825	-2.9	0
5826	-4.3	0
5827	-4.3	0
5834	-4.3	0
5836	-4.3	0
5837	-4.3	0
5838	-4.3	0
5839	-4.3	0
5841	-4.3	0
5854	-4.3	0
5856	-4.3	0
5858	-4.3	0
5859	-4.3	0
5860	-4.3	0
5861	-4.3	0
5862	-4.3	0
5873	-6	0
5887	-6	0
5890	-6	0
5894	-6	0
5911	-4.3	0
5921	-4.3	0
5927	-4.3	0
5933	-4.3	0
5944	-4.3	0
5945	-4.3	0
5953	-4.3	0
5954	-4.3	0
5959	-4.3	0
5974	-4.3	0
5983	-4.3	0
5986	-6	0
5988	-6	0
5989	-6	0
5990	-4.3	0
5994	-6	0
5996	-6	0
6000	-2.9	0
6006	-4.3	0
6019	-4.3	0
6020	-4.3	0
6025	-6	0
6049	-4.3	1
6051	-4.3	0
6065	-4.3	1
6066	-4.3	0
6070	-4.3	0
6071	-6	1
6085	-6	0
6104	-4.3	0
6106	-4.3	0
6109	-4.3	0
6114	-4.3	0
6115	-4.3	0
6139	-6	1
6141	-6	0
6145	-6	0
6147	-6	0
6150	-6.3	0
6301	-4.3	0
6302	-4.3	0
6303	-4.3	0
6315	-4.3	0
6322	-6	0
6331	-4.3	0
6335	-4.3	0
6336	-4.3	0
6337	-4.3	0
6338	-4.3	0
6343	-4.3	0
6349	-4.3	0
6355	-4.3	0
6356	-4.3	0
6360	-4.3	0
6367	-4.3	0
6368	-4.3	0
6372	-4.3	0
6378	-6	0
6389	-4.3	0
6390	-4.3	0
6392	-6	0
6400	-4.3	0
6401	-4.3	0
6414	-4.3	0
6415	-4.3	0
6429	-4.3	0
6430	-4.3	0
6449	-4.3	0
6456	-6	0
6458	-6	0
6461	-6	0
6463	-6	0
6471	-4.3	0
6477	-4.3	0
6528	-4.3	0
6530	-4.3	0
6531	-4.3	0
6536	-4.3	0
6537	-4.3	0
6539	-4.3	0
6540	-4.3	0
6547	-4.3	0
6548	-4.3	0
6551	-4.3	0
6552	-4.3	0
6564	-4.3	0
6569	-4.3	0
6581	-6	1
6582	-4.3	0
6583	-4.3	0
6594	-4.3	0
6595	-4.3	0
6609	-4.3	0
6610	-4.3	0
6614	-4.3	0
6615	-4.3	0
6624	-6	0
6625	-4.3	0
6626	-4.3	0
6630	-4.3	0
6631	-4.3	0
6638	-6	0
6690	-6	1
6692	-6	0
6694	-6	1
6695	-6	0
6697	-4.3	0
6703	-4.3	0
6704	-4.3	0
6707	-4.3	0
6718	-6	1
6720	-4.3	0
6721	-4.3	0
6722	-4.3	0
6728	-4.3	0
6729	-4.3	0
6730	-4.3	0
6731	-4.3	0
6732	-4.3	0
6736	-4.3	0
6737	-4.3	0
6739	-4.3	0
6740	-4.3	0
6752	-4.3	0
6753	-4.3	0
6756	-4.3	0
6757	-4.3	0
6761	-4.3	0
6762	-4.3	0
6764	-6	0
6765	-4.3	0
6766	-4.3	0
6770	-4.3	0
6771	-4.3	0
6778	-6	0
6832	-6	1
6834	-6	0
6838	-6	1
6840	-6	0
6935	-4.3	0
6992	-4.3	0
7008	-4.3	0
7039	-6.3	0
7137	-4.3	0
7139	-4.3	0
7141	-4.3	0
7149	-6	1
7150	-4.3	0
7152	-4.3	0
7155	-4.3	0
7156	-4.3	0
7184	-6	1
7185	-4.3	0
7186	-4.3	0
7190	-4.3	0
7191	-4.3	0
7198	-6	0
7200	-4.3	0
7201	-4.3	0
7209	-4.3	0
7216	-4.3	0
7244	-6	1
7246	-6	0
7249	-6	1
7250	-6	0
7252	-6.3	0
7395	-6.3	0
7401	-4.3	0
7421	-4.3	0
7422	-4.3	0
7487	-4.3	0
7506	-4.3	0
7521	-4.3	1
7563	-4.3	0
7728	-4.3	0
7731	-4.3	1
7734	-6	1
7735	-6.3	1
7754	-4.3	0
7755	-4.3	0
7762	-6	0
7773	-4.3	0
7777	-4.3	0
7778	-4.3	0
7779	-4.3	0
7780	-4.3	0
7784	-4.3	0
7790	-4.3	0
7792	-4.3	0
7793	-4.3	0
7795	-4.3	0
7801	-4.3	0
7807	-4.3	0
7814	-4.3	0
7820	-6	0
7831	-4.3	0
7832	-4.3	0
7834	-6	0
7842	-4.3	0
7843	-4.3	0
7855	-4.3	0
7856	-4.3	0
7871	-4.3	0
7872	-4.3	0
7888	-4.3	0
7889	-4.3	0
7899	-6	0
7901	-6	0
7904	-6	0
7906	-6	0
7914	-4.3	0
7915	-4.3	0
7917	-4.3	0
7923	-6	0
7938	-4.3	0
7939	-4.3	0
7940	-4.3	0
7946	-4.3	0
7948	-4.3	0
7955	-4.3	0
7956	-4.3	0
7959	-4.3	0
7968	-4.3	0
7969	-6	0
7980	-4.3	0
7981	-4.3	0
7983	-6	0
7989	-4.3	0
7999	-4.3	0
8002	-4.3	0
8009	-4.3	0
8010	-4.3	0
8012	-4.3	0
8013	-4.3	0
8027	-4.3	0
8028	-4.3	0
8037	-6	0
8039	-6	0
8043	-6	0
8045	-6	0
8102	-6.3	0
8258	-4.3	0
8259	-4.3	0
8264	-6	0
8288	-4.3	1
8290	-4.3	0
8304	-4.3	0
8305	-4.3	0
8309	-4.3	0
8310	-6	1
8324	-6	0
8343	-4.3	0
8345	-4.3	0
8348	-4.3	0
8353	-4.3	0
8354	-4.3	0
8378	-6	1
8380	-6	0
8384	-6	0
8386	-6	0
8391	-4.3	0
8392	-4.3	0
8399	-4.3	0
8403	-6	0
8410	-4.3	0
8412	-2.9	1
8413	-4.3	0
8414	-4.3	0
8418	-4.3	0
8420	-4.3	0
8421	-4.3	0
8422	-4.3	0
8423	-4.3	0
8425	-4.3	0
8426	-4.3	0
8427	-4.3	0
8429	-4.3	0
8433	-4.3	0
8442	-4.3	0
8443	-4.3	0
8444	-4.3	0
8445	-4.3	0
8447	-4.3	0
8448	-4.3	0
8450	-4.3	0
8451	-4.3	0
8460	-6	0
8471	-4.3	0
8472	-4.3	0
8474	-6	0
8476	-4.3	0
8477	-6	0
8481	-6	0
8495	-4.3	0
8502	-4.3	0
8508	-4.3	0
8510	-4.3	0
8531	-4.3	0
8533	-4.3	0
8534	-4.3	0
8535	-4.3	0
8546	-4.3	0
8560	-4.3	0
8561	-4.3	0
8573	-6	0
8575	-6	0
8576	-6	0
8581	-6	0
8583	-6	0
8591	-4.3	0
8592	-4.3	0
8597	-6	0
8621	-4.3	1
8623	-4.3	0
8637	-4.3	1
8638	-4.3	0
8642	-4.3	0
8643	-6	1
8657	-6	0
8676	-4.3	0
8678	-4.3	0
8681	-4.3	0
8686	-4.3	0
8687	-4.3	0
8711	-6	1
8713	-6	0
8717	-6	0
8719	-6	0
8728	-4.3	1
8782	-4.3	1
8788	-6	1
8789	-4.3	0
8790	-4.3	0
8799	-4.3	1
8800	-4.3	1
8805	-4.3	0
8806	-4.3	0
8811	-4.3	0
8812	-4.3	0
8829	-6	0
8830	-4.3	0
8831	-4.3	0
8835	-4.3	0
8836	-4.3	0
8843	-6	0
8894	-6	1
8896	-6	0
8898	-6	1
8899	-6	0
8901	-4.3	1
8909	-6	1
8911	-4.3	0
8912	-4.3	0
8913	-4.3	0
8919	-4.3	1
8920	-4.3	1
8921	-4.3	1
8922	-4.3	1
8923	-4.3	1
8927	-4.3	0
8928	-4.3	0
8930	-4.3	0
8931	-4.3	0
8943	-4.3	0
8944	-4.3	0
8947	-4.3	0
8948	-4.3	0
8952	-4.3	1
8953	-4.3	1
8955	-6	0
8956	-4.3	0
8957	-4.3	0
8961	-4.3	0
8962	-4.3	0
8969	-6	0
9023	-6	1
9025	-6	0
9029	-6	1
9031	-6	0
9046	-6	1
9110	-4.3	0
9121	-6	1
9135	-6	0
9138	-6	1
9142	-6	1
9208	-4.3	1
9221	-4.3	1
9222	-4.3	1
9225	-6	1
9226	-4.3	1
9230	-6	1
9232	-6	0
9233	-6	1
9234	-4.3	1
9238	-6	1
9241	-6	0
9244	-6.3	1
9277	-6	1
9278	-4.3	0
9280	-4.3	0
9283	-4.3	1
9284	-4.3	1
9312	-6	1
9313	-4.3	0
9314	-4.3	0
9318	-4.3	0
9319	-4.3	0
9326	-6	0
9328	-4.3	0
9329	-4.3	0
9337	-4.3	0
9344	-4.3	0
9372	-6	1
9374	-6	0
9377	-6	1
9378	-6	0
9385	-6	0
9392	-4.3	0
9393	-4.3	0
9428	-4.3	0
9429	-4.3	0
9431	-6	1
9445	-6	0
9448	-4.3	0
9449	-4.3	0
9458	-4.3	0
9459	-4.3	0
9462	-4.3	0
9465	-4.3	0
9482	-4.3	1
9483	-4.3	1
9486	-4.3	1
9492	-4.3	1
9493	-4.3	1
9498	-4.3	0
9499	-6	1
9501	-6	0
9505	-6	0
9507	-6	0
9523	-6	0
9532	-4.3	0
9580	-6	0
9594	-6	0
9597	-6	0
9601	-6	0
9693	-6	0
9695	-6	0
9696	-6	0
9701	-6	0
9703	-6	0
9710	-6	0
9756	-6	0
9770	-6	0
9824	-6	0
9826	-6	0
9830	-6	0
9832	-6	0
9835	-6.3	0
9963	-6	0
10009	-6	1
10023	-6	0
10077	-6	1
10079	-6	0
10083	-6	0
10085	-6	0
10088	-6	1
10090	-6	0
10091	-6	0
10092	-6	0
10095	-6	0
10096	-6	0
10099	-6	1
10100	-6	1
10101	-6	1
10102	-6	1
10103	-6	1
10104	-6	1
10105	-6	0
10106	-6	0
10107	-6	0
10108	-6	0
10110	-6	0
10111	-6	0
10112	-6	1
10113	-6	0
10114	-6	1
10115	-6	1
10117	-6	0
10121	-6	0
10122	-6	0
10123	-6	0
10124	-6	0
10125	-6	0
10127	-6	0
10128	-6	0
10129	-6	0
10130	-6	0
10132	-6	1
10133	-6	1
10134	-6	1
10136	-6	0
10137	-6	0
10138	-6	0
10139	-6	0
10140	-6	0
10141	-6	0
10142	-6	0
10143	-6	0
10144	-6	1
10145	-6	1
10146	-6	0
10147	-6	0
10148	-6	0
10150	-6	0
10152	-6	0
10153	-6	0
10155	-6	1
10162	-6	0
10163	-6	0
10165	-6	1
10166	-6	0
10168	-6	1
10169	-6	0
10170	-6	0
10172	-6	0
10173	-6	0
10175	-6	1
10176	-6	1
10177	-6	0
10178	-6	1
10179	-6	1
10184	-6	1
10186	-6	0
10187	-6	1
10190	-6	0
10193	-6	1
10194	-6	1
10195	-6	1
10196	-6	1
10197	-6	1
10199	-6	1
10200	-6	1
10202	-6	1
10204	-6	0
10206	-6	1
10207	-6	0
10405	-4.3	1
10408	-6	1
10409	-6.3	1
10423	-4.3	0
10427	-4.3	0
10428	-4.3	1
10429	-4.3	0
10430	-4.3	1
10434	-4.3	0
10440	-4.3	0
10442	-4.3	0
10443	-4.3	0
10445	-4.3	0
10451	-4.3	1
10457	-4.3	0
10464	-4.3	0
10470	-6	1
10481	-4.3	0
10482	-4.3	0
10484	-6	0
10492	-4.3	1
10493	-4.3	1
10505	-4.3	0
10506	-4.3	1
10521	-4.3	0
10522	-4.3	0
10538	-4.3	0
10539	-4.3	0
10549	-6	1
10551	-6	0
10554	-6	1
10556	-6	0
10566	-4.3	0
10570	-4.3	0
10571	-4.3	1
10572	-4.3	1
10573	-4.3	0
10578	-4.3	0
10584	-4.3	0
10590	-4.3	0
10591	-4.3	0
10595	-4.3	0
10602	-4.3	0
10603	-4.3	0
10607	-4.3	0
10613	-6	1
10624	-4.3	0
10625	-4.3	0
10627	-6	0
10635	-4.3	0
10636	-4.3	1
10649	-4.3	1
10650	-4.3	1
10664	-4.3	0
10665	-4.3	0
10684	-4.3	0
10691	-6	1
10693	-6	0
10696	-6	1
10698	-6	0
10712	-4.3	0
10713	-4.3	1
10714	-4.3	1
10720	-4.3	0
10722	-4.3	0
10729	-4.3	0
10730	-4.3	0
10733	-4.3	0
10742	-4.3	0
10743	-6	1
10754	-4.3	0
10755	-4.3	0
10757	-6	0
10763	-4.3	1
10773	-4.3	1
10776	-4.3	1
10783	-4.3	0
10784	-4.3	0
10786	-4.3	0
10787	-4.3	0
10801	-4.3	0
10802	-4.3	0
10811	-6	1
10813	-6	0
10817	-6	1
10819	-6	0
10868	-6.3	0
10869	-6.3	0
11007	-6.3	0
11157	-4.3	1
11162	-4.3	0
11177	-4.3	0
11178	-4.3	0
11186	-6	1
11200	-6	0
11230	-4.3	0
11235	-4.3	0
11242	-4.3	0
11257	-4.3	1
11265	-6	1
11267	-6	0
11270	-6	1
11272	-6	0
11291	-4.3	1
11293	-4.3	0
11307	-4.3	0
11308	-4.3	0
11312	-4.3	0
11313	-6	1
11327	-6	0
11346	-4.3	1
11348	-4.3	0
11351	-4.3	0
11356	-4.3	0
11357	-4.3	0
11381	-6	1
11383	-6	0
11387	-6	1
11389	-6	0
11392	-4.3	0
11394	-4.3	0
11395	-4.3	0
11411	-4.3	1
11418	-4.3	0
11422	-4.3	0
11428	-4.3	0
11433	-4.3	0
11458	-4.3	1
11461	-4.3	0
11469	-4.3	1
11476	-4.3	0
11483	-4.3	0
11484	-4.3	0
11532	-4.3	0
11533	-4.3	1
11534	-4.3	1
11535	-4.3	1
11536	-4.3	1
11538	-4.3	0
11539	-4.3	0
11540	-4.3	0
11542	-4.3	0
11552	-4.3	0
11553	-4.3	0
11554	-4.3	0
11555	-4.3	0
11557	-4.3	0
11558	-4.3	0
11560	-4.3	0
11567	-6	1
11578	-4.3	0
11579	-4.3	0
11581	-6	0
11591	-4.3	0
11597	-4.3	0
11601	-4.3	0
11605	-4.3	1
11621	-4.3	0
11623	-4.3	0
11624	-4.3	1
11625	-4.3	0
11641	-4.3	0
11649	-6	1
11651	-6	0
11654	-6	1
11655	-6	0
11659	-4.3	0
11660	-4.3	0
11661	-4.3	0
11662	-4.3	0
11666	-4.3	0
11672	-4.3	0
11674	-4.3	0
11675	-4.3	0
11677	-4.3	0
11680	-4.3	0
11687	-6	0
11698	-4.3	0
11699	-4.3	0
11701	-6	0
11708	-4.3	0
11718	-4.3	1
11729	-4.3	1
11730	-4.3	0
11745	-4.3	0
11751	-6	1
11753	-6	0
11755	-6	1
11756	-6	0
11759	-2.9	0
11760	-4.3	0
11761	-4.3	0
11762	-4.3	0
11763	-4.3	0
11767	-4.3	0
11773	-4.3	0
11775	-4.3	0
11776	-4.3	0
11778	-4.3	0
11781	-4.3	0
11788	-6	0
11799	-4.3	0
11800	-4.3	0
11802	-6	0
11809	-4.3	0
11819	-4.3	1
11830	-4.3	1
11831	-4.3	0
11846	-4.3	0
11852	-6	1
11854	-6	0
11856	-6	1
11857	-6	0
11861	-4.3	0
11862	-4.3	0
11864	-4.3	0
11865	-4.3	0
11866	-4.3	0
11884	-4.3	0
11885	-4.3	0
11887	-4.3	0
11888	-4.3	0
11889	-4.3	0
11900	-4.3	1
11907	-4.3	0
11914	-4.3	1
11923	-4.3	0
11927	-4.3	0
11934	-4.3	0
11969	-6	1
11981	-4.3	0
11982	-4.3	0
11983	-4.3	0
11989	-4.3	0
11991	-4.3	0
11998	-4.3	0
11999	-4.3	0
12002	-4.3	0
12011	-4.3	0
12012	-6	0
12023	-4.3	0
12024	-4.3	0
12026	-6	0
12032	-4.3	0
12042	-4.3	1
12045	-4.3	1
12052	-4.3	1
12053	-4.3	0
12055	-4.3	1
12056	-4.3	0
12070	-4.3	0
12071	-4.3	0
12080	-6	1
12082	-6	0
12086	-6	1
12088	-6	0
12091	-2.9	0
12092	-4.3	0
12093	-4.3	0
12094	-4.3	0
12100	-4.3	0
12102	-4.3	0
12109	-4.3	0
12110	-4.3	0
12113	-4.3	0
12122	-4.3	0
12123	-6	0
12134	-4.3	0
12135	-4.3	0
12137	-6	0
12143	-4.3	0
12153	-4.3	1
12156	-4.3	1
12163	-4.3	1
12164	-4.3	0
12166	-4.3	1
12167	-4.3	0
12181	-4.3	0
12182	-4.3	0
12191	-6	1
12193	-6	0
12197	-6	1
12199	-6	0
12205	-4.3	0
12206	-4.3	0
12208	-4.3	0
12209	-4.3	0
12221	-4.3	0
12222	-4.3	0
12225	-4.3	0
12226	-4.3	0
12230	-4.3	0
12231	-4.3	0
12233	-6	0
12234	-4.3	0
12235	-4.3	0
12237	-4.3	0
12238	-4.3	0
12239	-4.3	0
12240	-4.3	0
12242	-4.3	0
12243	-4.3	0
12247	-6	0
12282	-4.3	0
12293	-4.3	1
12300	-4.3	1
12301	-6	1
12303	-6	0
12307	-6	1
12309	-6	0
12319	-4.3	1
12321	-4.3	1
12322	-4.3	0
12323	-4.3	0
12328	-4.3	0
12329	-4.3	0
12339	-4.3	0
12340	-4.3	0
12346	-4.3	0
12361	-6	1
12362	-4.3	0
12363	-4.3	0
12367	-4.3	0
12368	-4.3	0
12375	-6	1
12440	-6	1
12442	-6	1
12445	-6	1
12447	-6	1
12450	-4.3	0
12451	-4.3	0
12453	-4.3	0
12454	-4.3	0
12461	-4.3	0
12462	-4.3	0
12465	-4.3	0
12466	-4.3	0
12481	-4.3	1
12482	-4.3	0
12483	-4.3	0
12485	-4.3	0
12486	-4.3	0
12498	-4.3	0
12499	-4.3	0
12502	-4.3	0
12503	-4.3	0
12507	-4.3	1
12508	-4.3	1
12510	-6	1
12511	-4.3	0
12512	-4.3	0
12516	-4.3	0
12517	-4.3	0
12524	-6	1
12578	-6	1
12580	-6	1
12584	-6	1
12586	-6	1
12592	-4.3	0
12598	-4.3	0
12600	-4.3	0
12601	-4.3	0
12603	-4.3	0
12609	-4.3	0
12615	-4.3	0
12622	-4.3	0
12628	-6	0
12639	-4.3	0
12640	-4.3	0
12642	-6	0
12650	-4.3	0
12651	-4.3	0
12663	-4.3	0
12664	-4.3	0
12679	-4.3	0
12680	-4.3	0
12696	-4.3	0
12697	-4.3	0
12707	-6	0
12709	-6	0
12712	-6	0
12714	-6	0
12719	-4.3	0
12725	-4.3	0
12727	-4.3	0
12728	-4.3	0
12730	-4.3	0
12736	-4.3	0
12742	-4.3	0
12749	-4.3	0
12755	-6	0
12766	-4.3	0
12767	-4.3	0
12769	-6	0
12777	-4.3	0
12778	-4.3	0
12790	-4.3	0
12791	-4.3	0
12806	-4.3	0
12807	-4.3	0
12823	-4.3	0
12824	-4.3	0
12834	-6	0
12836	-6	0
12839	-6	0
12841	-6	0
12890	-4.3	0
12891	-4.3	0
12898	-4.3	0
12899	-4.3	0
12902	-4.3	0
12903	-4.3	0
12912	-4.3	1
12915	-4.3	1
12937	-4.3	0
12938	-4.3	0
12946	-6.3	0
13001	-4.3	1
13020	-4.3	1
13051	-2.9	0
13054	-4.3	0
13056	-4.3	0
13057	-4.3	0
13059	-4.3	0
13071	-4.3	0
13084	-6	0
13090	-2.9	0
13095	-4.3	0
13096	-4.3	0
13098	-6	0
13106	-4.3	0
13107	-4.3	0
13119	-4.3	0
13120	-4.3	0
13135	-4.3	0
13136	-4.3	0
13152	-4.3	0
13153	-4.3	0
13163	-6	0
13165	-6	0
13168	-6	0
13170	-6	0
13173	-2.9	0
13175	-4.3	0
13177	-4.3	0
13178	-4.3	0
13180	-4.3	0
13192	-4.3	0
13205	-6	0
13212	-2.9	0
13216	-4.3	0
13217	-4.3	0
13219	-6	0
13227	-4.3	0
13228	-4.3	0
13240	-4.3	0
13241	-4.3	0
13256	-4.3	0
13257	-4.3	0
13273	-4.3	0
13274	-4.3	0
13284	-6	0
13286	-6	0
13289	-6	0
13291	-6	0
13336	-4.3	0
13341	-4.3	0
13344	-4.3	0
13345	-4.3	0
13366	-6	1
13367	-4.3	0
13368	-4.3	0
13372	-4.3	0
13373	-4.3	0
13380	-6	0
13423	-4.3	1
13436	-4.3	1
13438	-4.3	1
13445	-6	1
13447	-6	0
13450	-6	1
13452	-6	0
13470	-4.3	1
13489	-4.3	1
13490	-4.3	1
13492	-6	1
13506	-6	1
13509	-4.3	1
13510	-4.3	1
13519	-4.3	1
13520	-4.3	1
13523	-4.3	1
13526	-4.3	1
13560	-6	1
13562	-6	1
13566	-6	1
13568	-6	1
13692	-4.3	0
13701	-4.3	0
13702	-4.3	0
13705	-4.3	0
13706	-4.3	0
13710	-4.3	0
13711	-4.3	0
13713	-6	1
13714	-4.3	0
13715	-4.3	0
13719	-4.3	0
13720	-4.3	0
13727	-6	0
13762	-4.3	1
13773	-4.3	1
13780	-4.3	1
13781	-6	1
13783	-6	0
13787	-6	1
13789	-6	0
13792	-4.3	0
13809	-4.3	0
13810	-4.3	0
13812	-6	1
13826	-6	0
13829	-4.3	0
13830	-4.3	0
13839	-4.3	0
13840	-4.3	0
13843	-4.3	0
13846	-4.3	0
13879	-4.3	1
13880	-6	1
13882	-6	0
13886	-6	1
13888	-6	0
13891	-6.3	0
13939	-4.3	0
13958	-4.3	0
13992	-4.3	0
14001	-4.3	0
14005	-4.3	0
14012	-4.3	0
14047	-6	0
14059	-4.3	0
14068	-4.3	0
14072	-4.3	0
14079	-4.3	0
14114	-6	0
14159	-6	0
14173	-6	0
14176	-6	0
14180	-6	0
14256	-6	0
14261	-6	0
14263	-6	0
14264	-6	0
14269	-6	0
14272	-6	0
14275	-6.3	1
14276	-4.3	1
14286	-4.3	0
14287	-4.3	0
14331	-6	1
14395	-6	0
14458	-6	0
14520	-6	0
14530	-6.3	0
14591	-6.3	0
14846	-4.3	0
14862	-4.3	0
14877	-4.3	1
14888	-4.3	0
14889	-4.3	0
14890	-4.3	0
14891	-4.3	0
14895	-4.3	0
14896	-4.3	0
14909	-4.3	0
14911	-6	1
14912	-4.3	0
14913	-4.3	0
14917	-4.3	0
14918	-4.3	0
14925	-6	0
14989	-6	1
14991	-6	0
14994	-6	1
14996	-6	0
14999	-4.3	0
15000	-4.3	0
15001	-4.3	0
15004	-4.3	0
15005	-4.3	0
15009	-4.3	1
15010	-4.3	1
15012	-6	1
15013	-4.3	0
15014	-4.3	0
15018	-4.3	0
15019	-4.3	0
15026	-6	0
15080	-6	1
15082	-6	0
15086	-6	1
15088	-6	0
15094	-4.3	0
15101	-4.3	0
15102	-4.3	0
15106	-4.3	0
15112	-6	0
15123	-4.3	0
15124	-4.3	0
15126	-6	0
15134	-4.3	0
15135	-4.3	0
15148	-4.3	0
15149	-4.3	0
15163	-4.3	0
15164	-4.3	0
15183	-4.3	0
15190	-6	0
15192	-6	0
15195	-6	0
15197	-6	0
15202	-4.3	0
15209	-4.3	0
15210	-4.3	0
15214	-4.3	0
15220	-6	0
15231	-4.3	0
15232	-4.3	0
15234	-6	0
15242	-4.3	0
15243	-4.3	0
15256	-4.3	0
15257	-4.3	0
15271	-4.3	0
15272	-4.3	0
15291	-4.3	0
15298	-6	0
15300	-6	0
15303	-6	0
15305	-6	0
15341	-4.3	0
15343	-4.3	0
15344	-4.3	0
15354	-4.3	0
15355	-4.3	0
15359	-6	1
15360	-4.3	0
15361	-4.3	0
15365	-4.3	0
15366	-4.3	0
15373	-6	0
15415	-4.3	1
15417	-4.3	1
15432	-4.3	1
15437	-6	1
15439	-6	0
15442	-6	1
15444	-6	0
15453	-6.3	0
15491	-4.3	0
15510	-4.3	1
15541	-2.9	0
15546	-4.3	0
15547	-4.3	0
15557	-6	0
15563	-2.9	0
15568	-4.3	0
15569	-4.3	0
15571	-6	0
15579	-4.3	0
15580	-4.3	0
15593	-4.3	0
15594	-4.3	0
15608	-4.3	0
15609	-4.3	0
15614	-4.3	0
15628	-4.3	0
15629	-4.3	0
15635	-6	0
15637	-6	0
15640	-6	0
15642	-6	0
15645	-2.9	0
15649	-4.3	0
15650	-4.3	0
15660	-6	0
15667	-2.9	0
15671	-4.3	0
15672	-4.3	0
15674	-6	0
15682	-4.3	0
15683	-4.3	0
15696	-4.3	0
15697	-4.3	0
15711	-4.3	0
15712	-4.3	0
15717	-4.3	0
15731	-4.3	0
15732	-4.3	0
15738	-6	0
15740	-6	0
15743	-6	0
15745	-6	0
15778	-4.3	0
15779	-4.3	0
15791	-4.3	0
15794	-4.3	1
15795	-4.3	1
15797	-6	1
15811	-6	0
15814	-4.3	1
15815	-4.3	0
15824	-4.3	0
15825	-4.3	0
15828	-4.3	1
15831	-4.3	1
15865	-6	1
15867	-6	0
15871	-6	1
15873	-6	0
15961	-4.3	0
15963	-4.3	0
15964	-4.3	0
15966	-6	1
15980	-6	0
15983	-4.3	0
15984	-4.3	0
15993	-4.3	0
15994	-4.3	0
15997	-4.3	0
16000	-4.3	0
16033	-4.3	1
16034	-6	1
16036	-6	0
16040	-6	1
16042	-6	0
16045	-6.3	0
16078	-4.3	0
16097	-4.3	0
16128	-4.3	0
16163	-6	1
16200	-4.3	0
16204	-4.3	1
16207	-6	1
16243	-4.3	1
16247	-4.3	1
16250	-6	1
16292	-6	1
16302	-6.3	0
16343	-6.3	0
16383	-6	1
16394	-4.3	0
16395	-4.3	0
16397	-6	0
16402	-4.3	0
16410	-4.3	1
16416	-4.3	0
16419	-4.3	0
16421	-4.3	1
16422	-4.3	0
16436	-4.3	0
16443	-6	1
16445	-6	0
16448	-6	1
16449	-6	0
16451	-6	1
16462	-4.3	0
16463	-4.3	0
16465	-6	0
16470	-4.3	0
16478	-4.3	1
16484	-4.3	0
16487	-4.3	0
16489	-4.3	1
16490	-4.3	0
16504	-4.3	0
16511	-6	1
16513	-6	0
16516	-6	1
16517	-6	0
16519	-6	1
16520	-4.3	0
16521	-4.3	0
16523	-4.3	1
16524	-4.3	1
16525	-4.3	0
16526	-4.3	0
16528	-4.3	1
16529	-4.3	1
16533	-6	0
16535	-4.3	0
16536	-4.3	0
16544	-4.3	0
16551	-4.3	0
16563	-4.3	0
16565	-4.3	1
16566	-4.3	1
16569	-4.3	1
16574	-4.3	1
16575	-4.3	1
16579	-6	1
16581	-6	0
16584	-6	1
16585	-6	0
16587	-6	1
16588	-6	0
16589	-6	0
16590	-6	0
16591	-6	1
16592	-6	1
16593	-6	0
16594	-6	0
16595	-6	0
16596	-6	1
16597	-6	1
16598	-6	0
16599	-6	0
16600	-6	0
16602	-6	0
16604	-6	1
16605	-6	1
16607	-6	0
16614	-6	1
16615	-6	1
16617	-6	0
16618	-6	1
16620	-6	1
16621	-6	1
16622	-6	1
16624	-6	1
16625	-6	1
16627	-6	0
16628	-6	0
16629	-6	1
16630	-6	1
16631	-6	1
16636	-6	0
16638	-6	1
16639	-6	1
16642	-6	1
16645	-6	1
16646	-6	1
16647	-6	0
16648	-6	1
16649	-6	1
16651	-6	1
16652	-6	1
16654	-6	1
16656	-6	1
16658	-6	1
16659	-6	0
16676	-4.3	0
16677	-4.3	0
16679	-6	0
16685	-4.3	0
16695	-4.3	0
16698	-4.3	0
16705	-4.3	0
16706	-4.3	0
16708	-4.3	0
16709	-4.3	0
16723	-4.3	0
16724	-4.3	0
16733	-6	0
16735	-6	0
16739	-6	0
16741	-6	0
16753	-4.3	0
16754	-4.3	0
16756	-6	0
16762	-4.3	0
16772	-4.3	0
16775	-4.3	0
16782	-4.3	0
16783	-4.3	0
16785	-4.3	0
16786	-4.3	0
16800	-4.3	0
16801	-4.3	0
16810	-6	0
16812	-6	0
16816	-6	0
16818	-6	0
16832	-6	0
16886	-6	0
16888	-6	0
16892	-6	0
16894	-6	0
16904	-4.3	0
16905	-4.3	0
16907	-6	1
16961	-6	1
16963	-6	1
16967	-6	1
16969	-6	1
16978	-4.3	0
16979	-4.3	0
16981	-6	0
17035	-6	1
17037	-6	0
17041	-6	1
17043	-6	0
17046	-2.9	0
17051	-4.3	0
17052	-4.3	0
17054	-6	0
17060	-4.3	0
17070	-4.3	0
17073	-4.3	0
17080	-4.3	0
17081	-4.3	0
17083	-4.3	0
17084	-4.3	0
17098	-4.3	0
17099	-4.3	0
17108	-6	0
17110	-6	0
17114	-6	0
17116	-6	0
17119	-2.9	0
17123	-4.3	0
17124	-4.3	0
17126	-6	0
17132	-4.3	0
17142	-4.3	0
17145	-4.3	0
17152	-4.3	0
17153	-4.3	0
17155	-4.3	0
17156	-4.3	0
17170	-4.3	0
17171	-4.3	0
17180	-6	0
17182	-6	0
17186	-6	0
17188	-6	0
17197	-6	0
17251	-6	0
17253	-6	0
17257	-6	0
17259	-6	0
17264	-4.3	0
17265	-4.3	0
17267	-6	1
17321	-6	1
17323	-6	1
17327	-6	1
17329	-6	1
17333	-4.3	0
17334	-4.3	0
17336	-6	0
17390	-6	1
17392	-6	0
17396	-6	1
17398	-6	0
17404	-6	0
17439	-4.3	0
17450	-4.3	0
17457	-4.3	0
17458	-6	0
17460	-6	0
17464	-6	0
17466	-6	0
17471	-6	0
17506	-4.3	0
17517	-4.3	0
17524	-4.3	0
17525	-6	0
17527	-6	0
17531	-6	0
17533	-6	0
17537	-6	0
17591	-6	0
17593	-6	0
17597	-6	0
17599	-6	0
17602	-6	0
17603	-6	0
17605	-6	0
17606	-6	0
17608	-6	0
17615	-6	0
17616	-6	0
17618	-6	0
17619	-6	0
17621	-6	0
17622	-6	0
17623	-6	0
17625	-6	0
17626	-6	0
17628	-6	0
17629	-6	0
17630	-6	0
17631	-6	0
17632	-6	0
17637	-6	0
17639	-6	1
17640	-6	0
17643	-6	0
17646	-6	0
17647	-6	0
17648	-6	0
17649	-6	1
17650	-6	1
17652	-6	1
17653	-6	0
17655	-6	0
17657	-6	0
17659	-6	0
17660	-6	0
17674	-6	0
17678	-6	0
17754	-6	0
17756	-6	0
17757	-6	0
17762	-6	0
17764	-6	0
17767	-6.3	1
17768	-6	1
17769	-6	1
17770	-6	0
17788	-6	1
17789	-6	1
17790	-6	0
17842	-6.3	0
17937	-4.3	0
17939	-4.3	0
17942	-4.3	0
17947	-4.3	0
17948	-4.3	0
17972	-6	1
17974	-6	0
17978	-6	0
17980	-6	0
17989	-2.9	0
18004	-4.3	0
18006	-4.3	0
18009	-4.3	0
18014	-4.3	0
18015	-4.3	0
18039	-6	1
18041	-6	0
18045	-6	0
18047	-6	0
18050	-6.3	0
18118	-4.3	0
18166	-6	1
18168	-6	0
18172	-6	1
18174	-6	0
18194	-6.3	0
18234	-4.3	0
18250	-4.3	0
18276	-6.3	0
18278	-6.3	0
18339	-6.3	0
18371	-6.3	0
18427	-6.3	0
18432	-4.3	0
18451	-4.3	0
18466	-4.3	1
18510	-6.3	0
18511	-6.3	0
18566	-6.3	0
18631	-4.3	0
18636	-4.3	0
18643	-4.3	0
18658	-4.3	1
18666	-6	1
18668	-6	0
18671	-6	0
18673	-6	0
18681	-4.3	0
18683	-4.3	0
18686	-4.3	0
18691	-4.3	0
18692	-4.3	0
18716	-6	1
18718	-6	0
18722	-6	0
18724	-6	0
18727	-4.3	0
18728	-4.3	0
18736	-4.3	0
18743	-4.3	0
18750	-4.3	0
18751	-4.3	0
18788	-4.3	1
18826	-6	1
18828	-6	0
18832	-6	1
18834	-6	0
18837	-2.9	0
18843	-2.9	0
18844	-4.3	0
18849	-4.3	0
18878	-4.3	1
18879	-6	1
18881	-6	0
18884	-6	0
18886	-6	0
18907	-4.3	1
18909	-6	1
18919	-6.3	0
18958	-4.3	0
18975	-4.3	1
19000	-4.3	1
19002	-6	1
19012	-6.3	0
19036	-4.3	0
19064	-6	1
19066	-6	0
19069	-6	1
19070	-6	0
19072	-2.9	0
19073	-4.3	0
19076	-4.3	0
19081	-4.3	0
19082	-4.3	0
19106	-6	1
19108	-6	0
19112	-6	0
19114	-6	0
19133	-4.3	1
19134	-4.3	1
19137	-4.3	1
19143	-4.3	1
19144	-4.3	1
19149	-4.3	0
19150	-6	1
19152	-6	0
19156	-6	0
19158	-6	0
19187	-6.3	0
19266	-6	1
19268	-6	0
19272	-6	0
19274	-6	0
19277	-4.3	0
19278	-4.3	0
19296	-4.3	1
19297	-4.3	0
19300	-4.3	0
19306	-4.3	1
19307	-4.3	1
19312	-4.3	0
19313	-6	1
19315	-6	0
19319	-6	0
19321	-6	0
19324	-6.3	0
19333	-4.3	0
19348	-4.3	1
19364	-4.3	1
19392	-6	1
19394	-6	0
19398	-6	1
19400	-6	0
19403	-4.3	0
19430	-6	1
19432	-6	0
19436	-6	1
19438	-6	0
19467	-6	1
19469	-6	0
19473	-6	0
19475	-6	0
19497	-6	1
19499	-6	0
19502	-6	1
19503	-6	0
19524	-6	1
19526	-6	0
19529	-6	1
19530	-6	0
19532	-6.3	0
19566	-4.3	0
19583	-4.3	1
19592	-4.3	0
19623	-2.9	0
19673	-4.3	0
19674	-4.3	0
19681	-6	1
19691	-4.3	0
19700	-4.3	0
19701	-4.3	0
19710	-6	1
19712	-6	0
19716	-6	1
19718	-6	0
19721	-6.3	0
19773	-6	1
19775	-6	1
19779	-6	1
19781	-6	1
19802	-6	1
19804	-6	0
19808	-6	1
19810	-6	0
19813	-6.3	0
19839	-6.3	0
19886	-6	1
19888	-6	0
19892	-6	1
19894	-6	0
19902	-6.3	0
19925	-6.3	0
19952	-4.3	0
19953	-4.3	1
19958	-6	1
19960	-6	0
19962	-6	1
19963	-6	0
19965	-4.3	0
19966	-4.3	1
19973	-4.3	1
19974	-6	1
19976	-6	0
19980	-6	1
19982	-6	0
19986	-4.3	0
19987	-4.3	1
19990	-6	1
20000	-4.3	1
20008	-6	1
20010	-6	0
20014	-6	1
20016	-6	0
20030	-6	1
20032	-6	1
20035	-6	1
20037	-6	1
20046	-6	1
20048	-6	1
20052	-6	1
20054	-6	1
20076	-6	1
20078	-6	1
20080	-6	1
20083	-6	1
20084	-6	1
20090	-6	1
20092	-6	0
20093	-6	1
20098	-6	1
20101	-6	0
20104	-6.3	1
20105	-6.3	1
20121	-6	1
20123	-6	0
20126	-6	1
20127	-6	0
20129	-6	1
20130	-6	1
20132	-6	1
20133	-6	0
20141	-6	0
20145	-6	0
20147	-6	0
20150	-6	1
20151	-6	0
20152	-6	0
20159	-6	1
20160	-6	0
20167	-6	1
20169	-6	0
20172	-6.3	1
20178	-6	0
20180	-6	0
20190	-6	1
20198	-6	1
20199	-6.3	1
20200	-6	0
