12	-4.3	0
33	-4.3	0
45	-4	0
53	-4.3	0
54	-4	0
56	-4.3	0
59	-4	0
74	-4	0
75	-4	0
76	-4	0
77	-4.3	0
80	-4.3	0
97	-4	0
98	-4.3	0
99	-4	0
105	-4.3	0
112	-4	0
116	-4	0
120	-4	0
134	-4.3	0
138	-4.3	0
140	-4.3	0
141	-4.3	0
142	-4.3	0
143	-4.3	0
144	-4	0
145	-4	0
147	-4	0
148	-4	0
149	-4	0
150	-4	0
151	-4	0
153	-4	0
156	-4.3	1
158	-4.3	0
159	-4.3	0
160	-4.3	0
161	-4.3	0
162	-4.3	0
166	-4	0
172	-4	0
173	-4	0
174	-4	0
175	-4	0
176	-4.3	0
179	-4.3	0
197	-4	0
198	-4	0
200	-4.3	0
210	-4	0
216	-4.3	1
217	-4	0
220	-4.3	0
222	-4	0
227	-4	0
231	-4	0
233	-4	0
234	-4	0
237	-4	0
239	-4.3	0
240	-4.3	0
242	-4.3	1
243	-4.3	0
248	-4	0
249	-4	0
252	-4	0
253	-4	0
255	-4.3	0
256	-4.3	0
265	-4	0
268	-4	0
270	-4.3	1
271	-4.3	1
272	-4.3	1
273	-4.3	1
274	-4.3	0
275	-4.3	0
276	-4	0
277	-4.3	0
278	-4.3	0
281	-4	0
283	-4.3	0
285	-4.3	0
293	-4.3	0
296	-4	0
297	-4	0
300	-4.3	0
301	-4.3	0
311	-4.3	0
321	-4.3	0
322	-4.3	0
328	-4.3	0
336	-4.3	0
337	-4.3	0
341	-4.3	0
343	-4.3	0
346	-4.3	0
347	-4.3	0
353	-4.3	0
354	-4.3	0
376	-4.3	0
381	-4.3	0
396	-4.3	0
397	-4.3	0
400	-4.3	0
401	-4.3	0
402	-4.3	0
405	-4.3	0
419	-4.3	0
424	-4.3	0
425	-4.3	0
432	-4.3	0
437	-4.3	0
438	-4.3	0
442	-4.3	0
443	-4.3	0
444	-4.3	0
446	-4.3	0
448	-4.3	0
449	-4.3	0
453	-4.3	0
454	-4.3	0
458	-4.3	0
461	-4.3	0
465	-4.3	0
467	-4.3	0
470	-4.3	0
476	-4.3	0
478	-4.3	0
479	-4.3	0
480	-4.3	0
482	-4.3	0
485	-4.3	0
487	-4.3	0
489	-4.3	0
491	-4.3	0
494	-4	0
495	-4	0
496	-4.3	0
499	-4.3	0
504	-4.3	0
516	-4.3	0
518	-4.3	0
519	-4.3	0
520	-4.3	0
527	-4.3	0
528	-4.3	0
534	-4.3	0
536	-4.3	0
537	-4.3	0
539	-4.3	0
540	-4.3	0
541	-4.3	0
544	-4.3	0
545	-4.3	0
549	-4.3	0
552	-4.3	0
562	-4.3	0
564	-4.3	0
565	-4.3	0
567	-4.3	0
573	-4.3	0
574	-4.3	0
575	-4.3	0
589	-4.3	0
593	-4.3	0
601	-4.3	0
615	-4.3	0
617	-4.3	0
619	-4.3	0
620	-4.3	0
621	-4.3	0
625	-4.3	0
626	-4.3	0
627	-4.3	0
632	-4.3	0
635	-4.3	0
639	-4.3	0
641	-4.3	0
642	-4.3	0
643	-4.3	0
644	-4.3	0
645	-4.3	0
646	-4.3	0
648	-4.3	0
649	-4.3	0
650	-4.3	0
654	-4.3	0
661	-4.3	0
662	-4.3	0
663	-4.3	0
664	-4.3	0
665	-4.3	0
667	-4.3	0
668	-4.3	0
675	-4.3	0
677	-4.3	0
678	-4.3	0
680	-4.3	0
682	-4.3	0
684	-4.3	0
686	-4.3	0
689	-4	0
692	-4.3	0
693	-4.3	0
701	-4.3	0
713	-4.3	0
715	-4.3	0
720	-4.3	0
728	-4.3	0
730	-4.3	0
733	-4.3	0
735	-4.3	0
739	-4.3	0
740	-4.3	0
747	-4.3	0
748	-4.3	0
764	-4.3	0
766	-4.3	0
769	-4.3	0
770	-4.3	0
771	-4.3	0
780	-4.3	0
781	-4.3	0
786	-4.3	0
800	-4.3	0
803	-4.3	0
804	-4.3	0
807	-4.3	0
813	-4.3	0
814	-4.3	0
817	-4.3	0
818	-4.3	0
820	-4.3	0
821	-4.3	0
823	-4.3	0
824	-4.3	0
828	-4.3	0
832	-4.3	0
833	-4.3	0
837	-4.3	0
838	-4.3	0
840	-4.3	0
841	-4.3	0
847	-4.3	0
848	-4.3	0
850	-4.3	1
851	-4.3	0
852	-4.3	0
855	-4.3	0
857	-4.3	0
858	-4.3	0
860	-4.3	0
862	-4.3	0
866	-4.3	0
875	-4.3	0
888	-4.3	0
889	-4.3	0
891	-4.3	0
895	-4.3	0
896	-4.3	0
897	-4.3	0
899	-4.3	0
900	-4.3	0
901	-4.3	0
902	-4.3	0
907	-4.3	0
908	-4.3	0
909	-4.3	0
913	-4.3	0
925	-4.3	0
926	-4.3	0
927	-4.3	0
928	-4.3	0
929	-4.3	0
930	-4.3	0
931	-4.3	0
932	-4.3	0
933	-4.3	0
934	-4.3	0
935	-4.3	0
936	-4.3	0
937	-4.3	0
938	-4.3	0
939	-4.3	0
940	-4.3	0
941	-4.3	0
944	-4.3	0
945	-4.3	0
946	-4.6	0
947	-4.6	0
948	-4.3	0
953	-4.3	0
965	-4.3	0
967	-4.3	0
968	-4.3	0
969	-4.3	0
976	-4.3	0
977	-4.3	0
983	-4.3	0
985	-4.3	0
986	-4.3	0
988	-4.3	0
989	-4.3	0
990	-4.3	0
993	-4.3	0
998	-4.3	0
1001	-4.3	0
1011	-4.3	0
1013	-4.3	0
1014	-4.3	0
1016	-4.3	0
1022	-4.3	0
1023	-4.3	0
1024	-4.3	0
1038	-4.3	0
1042	-4.3	0
1066	-4.3	0
1068	-4.3	0
1069	-4.3	0
1070	-4.3	0
1074	-4.3	0
1075	-4.3	0
1076	-4.3	0
1081	-4.3	0
1084	-4.3	0
1088	-4.3	0
1090	-4.3	0
1091	-4.3	0
1092	-4.3	0
1093	-4.3	0
1094	-4.3	0
1095	-4.3	0
1097	-4.3	0
1098	-4.3	0
1099	-4.3	0
1103	-4.3	0
1110	-4.3	0
1111	-4.3	0
1112	-4.3	0
1113	-4.3	0
1114	-4.3	0
1116	-4.3	0
1117	-4.3	0
1124	-4.3	0
1126	-4.3	0
1129	-4.3	0
1131	-4.3	0
1132	-4	0
1138	-4.6	0
1139	-4.3	0
1140	-4.3	0
1160	-4.3	0
1161	-4.3	0
1162	-4.3	0
1168	-4	0
1175	-4.3	0
1177	-4.3	0
1180	-4.3	0
1182	-4.3	0
1186	-4.3	0
1194	-4.3	0
1195	-4.3	0
1211	-4.3	0
1213	-4.3	0
1227	-4.3	0
1228	-4.3	0
1232	-4	0
1250	-4.3	0
1251	-4.3	0
1260	-4.3	0
1261	-4.3	0
1264	-4.3	0
1267	-4.3	0
1268	-4.3	0
1270	-4.3	0
1271	-4.3	0
1275	-4.3	0
1277	-4	0
1284	-4.3	0
1285	-4.3	0
1288	-4.3	0
1294	-4.3	0
1295	-4.3	0
1298	-4.3	0
1300	-4	0
1302	-4.3	0
1304	-4.3	0
1306	-4	0
1335	-4.3	0
1336	-4.3	0
1338	-4.3	0
1339	-4.3	0
1340	-4.3	0
1341	-4.3	0
1342	-4.3	0
1343	-4.3	0
1344	-4.3	0
1345	-4.3	0
1347	-4.3	0
1348	-4.3	0
1349	-4.3	0
1350	-4.3	0
1351	-4.3	0
1352	-4.3	0
1353	-4.3	0
1354	-4.3	0
1355	-4.3	0
1358	-4.3	0
1359	-4.3	0
1360	-4.3	0
1361	-4.3	0
1362	-4.3	0
1364	-4.3	0
1365	-4.3	0
1366	-4.3	0
1367	-4.3	0
1368	-4.3	0
1369	-4.3	0
1370	-4.3	0
1373	-4.3	0
1374	-4.3	0
1375	-4.3	0
1377	-4.3	0
1379	-4.3	0
1380	-4.3	0
1384	-4.3	0
1385	-4.3	0
1386	-4.3	0
1387	-4.3	0
1391	-4.3	0
1392	-4.3	0
1393	-4.3	0
1394	-4.3	0
1395	-4.3	0
1396	-4.3	0
1397	-4.3	0
1398	-4.3	0
1399	-4.3	0
1400	-4.3	0
1401	-4.3	0
1402	-4.3	0
1403	-4.3	0
1404	-4.3	0
1405	-4.3	0
1406	-4.3	0
1407	-4.3	0
1408	-4.3	0
1409	-4.3	0
1410	-4.3	0
1412	-4.3	0
1413	-4.3	0
1414	-4.3	0
1415	-4.3	0
1417	-4.3	0
1418	-4.3	0
1419	-4.3	0
1420	-4.3	0
1421	-4.3	0
1422	-4.3	0
1423	-4.3	0
1424	-4.3	0
1425	-4.3	0
1426	-4.3	0
1427	-4.3	0
1428	-4.3	0
1429	-4.3	0
1430	-4.3	0
1433	-4.3	0
1434	-4.3	0
1438	-4.3	0
1439	-4.3	0
1441	-4.3	0
1442	-4.3	0
1443	-4.3	0
1444	-4.3	0
1445	-4.3	0
1446	-4.3	0
1447	-4.3	0
1448	-4.3	0
1449	-4.3	0
1450	-4.3	0
1451	-4.3	0
1452	-4.3	0
1453	-4.3	0
1455	-4.3	0
1456	-4.3	0
1457	-4.3	0
1458	-4.3	0
1461	-4.3	0
1462	-4.3	0
1463	-4.3	0
1464	-4.3	0
1465	-4.3	0
1466	-4.3	0
1468	-4.3	0
1469	-4.3	0
1470	-4.3	0
1471	-4.3	0
1475	-4.3	0
1476	-4.3	0
1480	-4.3	0
1482	-4.3	0
1485	-4.3	0
1486	-4.3	0
1487	-4.3	0
1490	-4.3	0
1491	-4.3	0
1492	-4.3	0
1494	-4.3	0
1497	-4.3	0
1498	-4.3	0
1499	-4.3	0
1501	-4.3	0
1503	-4.3	0
1504	-4.3	0
1506	-4.3	0
1507	-4.3	0
1508	-4.3	0
1509	-4.3	0
1510	-4.3	0
1512	-4.3	0
1529	-4.3	0
1531	-4.3	0
1532	-4.3	0
1533	-4.3	0
1534	-4.3	0
1535	-4.3	0
1536	-4.3	0
1538	-4.3	0
1539	-4.3	0
1540	-4.3	0
1541	-4.3	0
1542	-4.3	0
1543	-4.3	0
1544	-4.3	0
1545	-4.3	0
1546	-4.3	0
1547	-4.3	0
1548	-4.3	0
1552	-4.3	0
1553	-4.3	0
1554	-4.3	0
1555	-4.3	0
1556	-4	0
1557	-4.3	0
1558	-4.3	0
1559	-4.3	0
1560	-4.3	0
1561	-4.3	0
1562	-4.3	0
1563	-4.3	0
1567	-4.3	0
1568	-4.3	0
1570	-4.3	1
1573	-4.3	0
1574	-4.3	0
1578	-4.3	0
1579	-4.3	0
1580	-4.3	0
1581	-4.3	0
1582	-4.3	0
1587	-4.3	0
1588	-4.3	0
1589	-4.3	0
1590	-4.3	0
1591	-4.3	0
1592	-4.3	0
1593	-4.3	0
1594	-4.3	0
1595	-4.3	0
1596	-4.3	0
1597	-4.3	0
1598	-4.3	0
1599	-4.3	0
1601	-4.3	0
1603	-4.3	0
1604	-4.3	0
1607	-4	0
1608	-4.3	0
1609	-4.3	0
1610	-4.3	0
1611	-4.3	0
1612	-4.3	0
1613	-4.3	0
1614	-4.3	0
1615	-4.3	0
1618	-4.3	0
1619	-4.3	0
1620	-4.3	0
1621	-4.3	0
1623	-4.3	0
1624	-4.3	0
1625	-4.3	0
1626	-4.3	0
1627	-4.3	0
1628	-4.3	0
1629	-4.3	0
1630	-4.3	0
1631	-4.3	0
1632	-4.3	0
1633	-4.3	0
1634	-4.3	0
1635	-4.3	0
1637	-4.3	0
1638	-4.3	0
1641	-4.3	0
1642	-4.3	0
1643	-4	0
1644	-4.3	0
1645	-4.3	0
1646	-4.3	0
1647	-4.3	0
1648	-4.3	0
1652	-4.3	0
1655	-4.3	1
1658	-4.3	0
1661	-4.3	0
1662	-4.3	0
1663	-4.3	0
1665	-4.3	1
1666	-4.3	0
1667	-4.3	0
1669	-4	0
1671	-4.3	0
1672	-4.3	0
1675	-4.3	0
1678	-4.3	0
1679	-4.3	0
1680	-4.3	0
1681	-4.3	0
1682	-4.3	0
1688	-4	0
1689	-4.3	1
1694	-4.3	0
1701	-4.3	0
1702	-4.3	0
1703	-4	0
1705	-4	0
1706	-4.3	0
1707	-4	0
1709	-4	0
1710	-4.3	0
1712	-4	0
1713	-4.3	0
1737	-4.3	0
1743	-4	0
1746	-4	0
1794	-4	0
1800	-4	1
1805	-4	0
1830	-4	0
1833	-4	0
1848	-4	0
1856	-4	0
1859	-4	0
1862	-4	1
1866	-4	0
1875	-4	0
1881	-4	0
1882	-4	0
1904	-4	0
1916	-4.3	0
1917	-4.3	0
1929	-4.3	0
1930	-4.3	0
1934	-4.3	0
1937	-4.3	0
1938	-4.3	1
1943	-4.3	0
1944	-4.3	0
1946	-4.3	0
1963	-4.3	0
1968	-4.3	0
1974	-4.3	0
1975	-4.3	0
1977	-4.3	0
1991	-4.3	0
1995	-4.3	0
1996	-4.3	0
2005	-4.3	0
2006	-4.3	0
2009	-4.3	0
2011	-4.3	0
2012	-4.3	0
2016	-4.3	0
2017	-4.3	0
2021	-4.3	0
2028	-4.3	0
2030	-4.3	0
2032	-4.3	0
2037	-4.3	0
2038	-4.3	0
2039	-4.3	0
2042	-4.3	0
2045	-4.3	1
2046	-4.3	0
2048	-4	0
2057	-4.3	0
2059	-4.3	0
2060	-4.3	0
2061	-4.3	0
2066	-4.3	0
2067	-4.3	0
2071	-4.3	0
2073	-4.3	0
2074	-4.3	0
2077	-4.3	0
2078	-4.3	0
2081	-4.3	0
2082	-4.3	1
2085	-4.3	0
2088	-4.3	0
2097	-4.3	0
2099	-4.3	0
2100	-4.3	0
2102	-4.3	0
2115	-4.3	0
2119	-4.3	0
2121	-4.3	0
2135	-4.3	0
2136	-4.3	0
2138	-4.3	0
2139	-4.3	0
2140	-4.3	0
2143	-4.3	0
2144	-4.3	0
2148	-4.3	0
2151	-4.3	0
2154	-4.3	0
2155	-4.3	0
2156	-4.3	0
2157	-4.3	0
2159	-4.3	0
2160	-4.3	0
2161	-4.3	0
2165	-4.3	0
2170	-4.3	0
2171	-4.3	0
2172	-4.3	0
2173	-4.3	0
2174	-4.3	0
2176	-4.3	0
2183	-4.3	0
2186	-4.3	0
2189	-4.3	1
2190	-4.3	0
2192	-4	0
2196	-4.3	0
2208	-4.3	0
2210	-4.3	0
2215	-4.3	0
2223	-4.3	0
2225	-4.3	0
2228	-4.3	0
2230	-4.3	0
2234	-4.3	0
2235	-4.3	1
2242	-4.3	0
2243	-4.3	0
2259	-4.3	0
2261	-4.3	0
2264	-4.3	0
2265	-4.3	0
2266	-4.3	0
2275	-4.3	0
2276	-4.3	0
2281	-4.3	0
2295	-4.3	0
2298	-4.3	0
2299	-4.3	0
2302	-4.3	0
2308	-4.3	0
2309	-4.3	0
2312	-4.3	0
2313	-4.3	0
2315	-4.3	0
2316	-4.3	0
2318	-4.3	0
2319	-4.3	0
2323	-4.3	0
2327	-4.3	0
2328	-4.3	0
2332	-4.3	0
2333	-4.3	0
2335	-4.3	0
2336	-4.3	0
2342	-4.3	0
2343	-4.3	0
2345	-4.3	1
2346	-4.3	0
2347	-4.3	0
2350	-4.3	0
2352	-4.3	0
2353	-4.3	0
2355	-4.3	1
2357	-4.3	0
2360	-4	0
2366	-4.3	0
2367	-4	0
2376	-4.3	0
2377	-4.3	0
2383	-4.3	0
2391	-4.3	0
2392	-4.3	0
2396	-4.3	0
2398	-4.3	0
2401	-4.3	0
2402	-4.3	0
2408	-4.3	0
2409	-4.3	0
2431	-4.3	0
2436	-4.3	0
2451	-4.3	0
2452	-4.3	0
2455	-4.3	0
2456	-4.3	0
2457	-4.3	0
2460	-4.3	0
2474	-4.3	0
2479	-4.3	0
2480	-4.3	0
2487	-4.3	0
2492	-4.3	0
2493	-4.3	0
2497	-4.3	0
2498	-4.3	0
2499	-4.3	0
2501	-4.3	0
2503	-4.3	0
2504	-4.3	0
2508	-4.3	0
2509	-4.3	0
2513	-4.3	0
2516	-4.3	0
2520	-4.3	0
2522	-4.3	0
2525	-4.3	0
2531	-4.3	0
2533	-4.3	0
2534	-4.3	0
2535	-4.3	0
2537	-4.3	0
2540	-4.3	0
2542	-4.3	0
2544	-4.3	0
2546	-4.3	0
2549	-4	0
2553	-4.3	0
2554	-4.3	0
2556	-4	0
2564	-4.3	0
2565	-4.3	0
2579	-4.3	0
2580	-4.3	0
2584	-4.3	0
2586	-4.3	0
2589	-4.3	0
2590	-4.3	0
2596	-4.3	0
2597	-4.3	0
2619	-4.3	0
2624	-4.3	0
2633	-4.3	0
2634	-4.3	0
2639	-4.3	0
2640	-4.3	0
2643	-4.3	0
2644	-4.3	0
2645	-4.3	0
2648	-4.3	0
2662	-4.3	0
2667	-4.3	0
2668	-4.3	0
2680	-4.3	0
2681	-4.3	0
2685	-4.3	0
2686	-4.3	0
2689	-4.3	0
2691	-4.3	0
2692	-4.3	0
2696	-4.3	0
2697	-4.3	0
2701	-4.3	0
2704	-4.3	0
2708	-4.3	0
2710	-4.3	0
2713	-4.3	0
2719	-4.3	0
2721	-4.3	0
2722	-4.3	0
2723	-4.3	0
2725	-4.3	0
2728	-4.3	0
2730	-4.3	0
2732	-4.3	0
2734	-4.3	0
2737	-4.3	0
2738	-4.3	0
2756	-4.3	0
2760	-4.3	0
2770	-4.3	0
2771	-4.3	0
2772	-4.3	0
2773	-4.3	1
2774	-4.3	0
2775	-4.3	0
2776	-4.3	0
2781	-4.3	0
2794	-4.3	0
2796	-4.3	0
2807	-4.3	0
2812	-4.3	0
2817	-4.3	0
2818	-4.3	0
2822	-4.3	0
2824	-4.3	0
2834	-4.3	0
2837	-4.3	0
2855	-4.3	0
2857	-4.3	0
2860	-4.3	0
2867	-4.3	0
2868	-4.3	0
2878	-4.3	0
2879	-4.3	0
2880	-4.3	0
2887	-4.3	0
2899	-4.3	0
2900	-4.3	0
2901	-4.3	0
2902	-4.3	0
2904	-4.3	0
2910	-4.3	0
2911	-4.3	0
2912	-4.3	0
2928	-4.3	0
2929	-4.3	0
2930	-4.3	0
2931	-4.3	0
2932	-4.3	0
2935	-4.3	0
2936	-4.3	0
2937	-4.3	0
2943	-4.3	0
2954	-4.3	0
2955	-4.3	0
2956	-4.3	0
2960	-4.3	0
2961	-4.3	0
2962	-4.3	0
2963	-4.3	0
2974	-4.3	0
2976	-4.3	0
2990	-4.3	0
2991	-4.3	0
2992	-4.3	0
2995	-4.3	0
3002	-4.3	0
3009	-4.3	0
3010	-4.3	0
3015	-4.3	0
3026	-4.3	0
3027	-4.3	0
3029	-4.3	0
3030	-4.3	0
3034	-4.3	0
3040	-4.3	0
3041	-4.3	0
3042	-4.3	0
3043	-4.3	0
3044	-4.3	0
3048	-4.3	0
3054	-4.3	0
3056	-4.3	0
3058	-4.3	0
3066	-4.6	1
3067	-4.3	0
3068	-4.3	0
3070	-4.3	0
3071	-4.3	0
3075	-4.3	0
3077	-4.3	0
3079	-4.3	0
3080	-4.3	0
3094	-4.3	0
3095	-4.3	0
3096	-4.3	0
3097	-4.3	0
3098	-4.3	0
3107	-4.3	0
3108	-4.3	0
3109	-4.3	0
3110	-4.3	0
3111	-4.3	0
3112	-4.3	0
3113	-4.3	0
3117	-4.3	0
3118	-4.3	0
3122	-4.3	0
3123	-4.3	0
3124	-4.3	0
3125	-4.3	0
3126	-4.3	0
3127	-4.3	0
3128	-4.3	0
3129	-4.3	0
3133	-4.3	0
3142	-4.3	0
3145	-4.3	0
3147	-4.3	0
3148	-4.3	0
3149	-4.3	0
3166	-4.3	0
3170	-4.3	0
3178	-4.6	0
3188	-4.3	0
3206	-4.3	0
3213	-4.3	0
3214	-4.3	0
3215	-4.3	0
3216	-4.3	0
3224	-4.3	0
3225	-4.3	0
3226	-4.3	0
3258	-4.3	0
3262	-4.3	0
3268	-4.3	0
3281	-4.3	0
3289	-4.3	0
3290	-4.3	0
3291	-4.3	0
3292	-4.3	0
3298	-4.3	0
3299	-4.3	0
3302	-4.3	0
3305	-4.3	0
3307	-4.3	1
3309	-4	0
3310	-4.3	0
3311	-4.3	0
3315	-4.3	0
3320	-4.3	0
3321	-4.3	0
3322	-4.3	0
3323	-4.3	0
3326	-4.3	0
3338	-4.3	0
3340	-4	0
3341	-4	0
3350	-4.3	0
3351	-4.3	0
3352	-4.3	0
3353	-4.3	0
3354	-4.3	0
3355	-4.3	0
3356	-4.3	0
3357	-4.3	0
3358	-4.3	0
3359	-4.3	0
3360	-4.3	0
3361	-4.3	0
3362	-4.3	0
3368	-4.3	0
3370	-4.3	0
3376	-4.3	1
3378	-4.3	0
3382	-4	0
3385	-4	0
3387	-4.3	1
3388	-4.3	0
3393	-4.3	0
3395	-4	0
3396	-4	0
3402	-4.3	0
3404	-4.3	1
3408	-4.3	0
3409	-4.3	0
3410	-4	0
3411	-4.3	0
3412	-4.3	0
3413	-4	0
3417	-4	0
3421	-4	0
3427	-4.3	0
3429	-4.3	0
3430	-4.3	0
3431	-4.3	0
3438	-4.3	0
3439	-4.3	0
3445	-4.3	0
3447	-4.3	0
3448	-4.3	0
3450	-4.3	0
3451	-4.3	0
3452	-4.3	0
3455	-4.3	0
3456	-4.3	0
3460	-4.3	0
3463	-4.3	0
3473	-4.3	0
3475	-4.3	0
3476	-4.3	0
3478	-4.3	0
3484	-4.3	0
3485	-4.3	0
3486	-4.3	0
3500	-4.3	0
3504	-4.3	0
3512	-4.3	0
3526	-4.3	0
3528	-4.3	0
3530	-4.3	0
3531	-4.3	0
3532	-4.3	0
3536	-4.3	0
3537	-4.3	0
3538	-4.3	0
3543	-4.3	0
3546	-4.3	0
3550	-4.3	0
3552	-4.3	0
3553	-4.3	0
3554	-4.3	0
3555	-4.3	0
3556	-4.3	0
3557	-4.3	0
3559	-4.3	0
3560	-4.3	0
3561	-4.3	0
3565	-4.3	0
3572	-4.3	0
3573	-4.3	0
3574	-4.3	0
3575	-4.3	0
3576	-4.3	0
3578	-4.3	0
3579	-4.3	0
3586	-4.3	0
3588	-4.3	0
3589	-4.3	0
3591	-4.3	0
3593	-4.3	0
3595	-4.3	0
3597	-4.3	0
3600	-4	0
3604	-4	0
3609	-4.3	0
3611	-4.3	0
3612	-4.3	0
3613	-4.3	0
3620	-4.3	0
3621	-4.3	0
3627	-4.3	0
3629	-4.3	0
3630	-4.3	0
3632	-4.3	0
3633	-4.3	0
3634	-4.3	0
3637	-4.3	0
3638	-4.3	0
3642	-4.3	0
3645	-4.3	0
3655	-4.3	0
3657	-4.3	0
3658	-4.3	0
3660	-4.3	0
3666	-4.3	0
3667	-4.3	0
3668	-4.3	0
3682	-4.3	0
3686	-4.3	0
3692	-4.3	0
3693	-4.3	0
3694	-4.3	0
3708	-4.3	0
3710	-4.3	0
3712	-4.3	0
3713	-4.3	0
3714	-4.3	0
3718	-4.3	0
3719	-4.3	0
3725	-4.3	0
3728	-4.3	0
3732	-4.3	0
3734	-4.3	0
3735	-4.3	0
3737	-4.3	0
3738	-4.3	0
3739	-4.3	0
3741	-4.3	0
3742	-4.3	0
3743	-4.3	0
3747	-4.3	0
3754	-4.3	0
3755	-4.3	0
3756	-4.3	0
3757	-4.3	0
3758	-4.3	0
3761	-4.3	0
3768	-4.3	0
3770	-4.3	0
3771	-4.3	0
3773	-4.3	0
3775	-4.3	0
3777	-4.3	0
3779	-4.3	0
3782	-4.3	0
3784	-4.3	0
3785	-4.3	0
3786	-4	0
3790	-4.3	0
3792	-4.3	0
3793	-4	0
3795	-4	0
3797	-4.3	0
3799	-4	0
3800	-4.3	0
3803	-4.3	0
3804	-4.3	0
3805	-4.3	0
3806	-4.3	0
3807	-4.3	0
3808	-4.3	0
3821	-4.3	0
3822	-4.3	0
3823	-4.3	0
3824	-4.3	0
3827	-4.3	0
3828	-4.3	0
3830	-4.3	0
3834	-4.3	0
3841	-4.3	0
3842	-4.3	0
3843	-4.3	0
3845	-4	0
3846	-4.3	0
3850	-4.3	0
3852	-4.3	0
3853	-4.3	0
3862	-4.3	0
3864	-4.3	0
3870	-4.3	0
3874	-4.3	0
3875	-4.3	0
3876	-4.3	0
3877	-4.3	0
3878	-4.3	0
3879	-4.3	0
3880	-4.3	0
3881	-4.3	0
3882	-4.3	0
3883	-4.3	0
3887	-4.3	0
3888	-4.3	0
3889	-4.3	0
3890	-4.3	0
3907	-4.3	0
3908	-4.3	0
3909	-4.3	0
3910	-4.3	0
3914	-4.3	0
3915	-4.3	0
3919	-4.3	0
3960	-4.3	0
3961	-4.3	0
3962	-4.3	0
3967	-4	0
3970	-4.3	0
3971	-4.3	0
3972	-4.3	0
3975	-4.3	0
3976	-4.3	0
3979	-4.3	0
3983	-4.3	0
3991	-4.3	0
3993	-4.3	0
4005	-4	1
4006	-4.3	0
4007	-4.3	0
4008	-4	0
4031	-4.3	0
4032	-4.3	0
4035	-4.3	0
4038	-4	0
4040	-4.3	0
4046	-4.3	0
4047	-4.3	0
4048	-4.3	0
4050	-4.3	0
4051	-4.3	0
4052	-4	0
4055	-4.3	0
4060	-4	0
4061	-4.3	0
4062	-4.3	0
4063	-4	1
4064	-4.3	0
4065	-4.3	0
4067	-4	0
4071	-4.3	0
4076	-4.3	0
4083	-4	0
4091	-4.3	0
4093	-4.3	0
4098	-4.3	0
4106	-4.3	0
4108	-4.3	0
4111	-4.3	0
4113	-4.3	0
4117	-4.3	0
4118	-4.3	0
4125	-4.3	0
4126	-4.3	0
4142	-4.3	0
4144	-4.3	0
4147	-4.3	0
4148	-4.3	0
4149	-4.3	0
4158	-4.3	0
4159	-4.3	0
4164	-4.3	0
4178	-4.3	0
4181	-4.3	0
4182	-4.3	0
4185	-4.3	0
4191	-4.3	0
4192	-4.3	0
4195	-4.3	0
4196	-4.3	0
4198	-4.3	0
4199	-4.3	0
4201	-4.3	0
4202	-4.3	0
4206	-4.3	0
4210	-4.3	0
4211	-4.3	0
4215	-4.3	0
4216	-4.3	0
4218	-4.3	0
4219	-4.3	0
4225	-4.3	0
4226	-4.3	0
4228	-4.3	0
4229	-4.3	0
4230	-4.3	0
4233	-4.3	0
4235	-4.3	0
4236	-4.3	0
4238	-4.3	0
4240	-4.3	0
4243	-4	0
4250	-4.3	0
4252	-4.3	0
4257	-4.3	0
4265	-4.3	0
4267	-4.3	0
4270	-4.3	0
4272	-4.3	0
4276	-4.3	0
4277	-4.3	0
4284	-4.3	0
4285	-4.3	0
4301	-4.3	0
4303	-4.3	0
4306	-4.3	0
4307	-4.3	0
4308	-4.3	0
4317	-4.3	0
4318	-4.3	0
4323	-4.3	0
4337	-4.3	0
4340	-4.3	0
4341	-4.3	0
4344	-4.3	0
4350	-4.3	0
4351	-4.3	0
4354	-4.3	0
4355	-4.3	0
4357	-4.3	0
4358	-4.3	0
4360	-4.3	0
4361	-4.3	0
4365	-4.3	0
4369	-4.3	0
4370	-4.3	0
4374	-4.3	0
4375	-4.3	0
4377	-4.3	0
4378	-4.3	0
4384	-4.3	0
4385	-4.3	0
4387	-4.3	1
4388	-4.3	0
4389	-4.3	0
4392	-4.3	0
4394	-4.3	0
4395	-4.3	0
4397	-4.3	0
4399	-4.3	0
4403	-4.3	0
4408	-4.3	0
4409	-4	0
4410	-4.3	0
4415	-4.3	0
4423	-4.3	0
4424	-4	0
4425	-4.3	0
4430	-4.3	0
4431	-4	0
4434	-4.3	0
4435	-4.3	0
4442	-4.3	0
4443	-4.3	0
4445	-4	0
4459	-4.3	0
4461	-4.3	0
4463	-4.3	0
4464	-4.3	0
4465	-4.3	0
4466	-4.3	0
4475	-4.3	0
4476	-4.3	0
4481	-4.3	0
4495	-4.3	0
4496	-4.3	0
4498	-4.3	0
4499	-4.3	0
4502	-4.3	0
4508	-4.3	0
4509	-4.3	0
4512	-4.3	0
4513	-4.3	0
4515	-4.3	0
4516	-4.3	0
4518	-4.3	0
4519	-4.3	0
4523	-4.3	0
4527	-4.3	0
4528	-4.3	0
4532	-4.3	0
4533	-4.3	0
4535	-4.3	0
4536	-4.3	0
4542	-4.3	0
4543	-4.3	0
4545	-4.3	0
4547	-4.3	0
4550	-4.3	0
4553	-4.3	0
4555	-4.3	0
4557	-4.3	0
4561	-4.3	0
4573	-4.3	0
4576	-4.3	0
4591	-4.3	0
4593	-4.3	0
4595	-4.3	0
4601	-4.3	0
4602	-4.3	0
4612	-4.3	0
4613	-4.3	0
4614	-4.3	0
4620	-4.3	0
4630	-4.3	0
4632	-4.3	0
4638	-4.3	0
4639	-4.3	0
4640	-4.3	0
4651	-4.3	0
4652	-4.3	0
4655	-4.3	0
4656	-4.3	0
4657	-4.3	0
4660	-4.3	0
4671	-4.3	0
4672	-4.3	0
4673	-4.3	0
4677	-4.3	0
4678	-4.3	0
4679	-4.3	0
4680	-4.3	0
4692	-4.3	0
4694	-4.3	0
4708	-4.3	0
4709	-4.3	0
4710	-4.3	0
4713	-4.3	0
4718	-4.3	0
4725	-4.3	0
4726	-4.3	0
4731	-4.3	0
4737	-4.3	0
4738	-4.3	0
4740	-4.3	0
4741	-4.3	0
4744	-4.3	0
4749	-4.3	0
4750	-4.3	0
4751	-4.3	0
4752	-4.3	0
4753	-4.3	0
4755	-4.3	0
4759	-4.3	0
4761	-4.3	0
4763	-4.3	0
4770	-4.6	1
4777	-4.3	0
4778	-4.3	0
4784	-4.3	0
4797	-4.3	0
4807	-4.3	0
4836	-4	0
4837	-4	0
4841	-4.3	0
4842	-4.3	0
4848	-4.3	0
4856	-4.3	0
4857	-4.3	0
4861	-4.3	0
4863	-4.3	0
4866	-4.3	0
4867	-4.3	0
4873	-4.3	0
4874	-4.3	0
4896	-4.3	0
4901	-4.3	0
4916	-4.3	0
4917	-4.3	0
4920	-4.3	0
4921	-4.3	0
4922	-4.3	0
4925	-4.3	0
4939	-4.3	0
4944	-4.3	0
4945	-4.3	0
4952	-4.3	0
4957	-4.3	0
4958	-4.3	0
4962	-4.3	0
4963	-4.3	0
4964	-4.3	0
4966	-4.3	0
4968	-4.3	0
4969	-4.3	0
4973	-4.3	0
4974	-4.3	0
4978	-4.3	0
4981	-4.3	0
4985	-4.3	0
4987	-4.3	0
4990	-4.3	0
4996	-4.3	0
4998	-4.3	0
4999	-4.3	0
5000	-4.3	0
5002	-4.3	0
5005	-4.3	0
5007	-4.3	0
5009	-4.3	0
5011	-4.3	0
5014	-4	0
5015	-4	0
5016	-4.3	0
5018	-4.3	0
5019	-4.3	0
5020	-4.3	0
5027	-4.3	0
5028	-4.3	0
5034	-4.3	0
5036	-4.3	0
5037	-4.3	0
5039	-4.3	0
5040	-4.3	0
5041	-4.3	0
5044	-4.3	0
5045	-4.3	0
5049	-4.3	0
5052	-4.3	0
5062	-4.3	0
5064	-4.3	0
5065	-4.3	0
5067	-4.3	0
5073	-4.3	0
5074	-4.3	0
5075	-4.3	0
5089	-4.3	0
5093	-4.3	0
5101	-4.3	0
5115	-4.3	0
5117	-4.3	0
5119	-4.3	0
5120	-4.3	0
5121	-4.3	0
5125	-4.3	0
5126	-4.3	0
5127	-4.3	0
5132	-4.3	0
5135	-4.3	0
5139	-4.3	0
5141	-4.3	0
5142	-4.3	0
5143	-4.3	0
5144	-4.3	0
5145	-4.3	0
5146	-4.3	0
5148	-4.3	0
5149	-4.3	0
5150	-4.3	0
5154	-4.3	0
5161	-4.3	0
5162	-4.3	0
5163	-4.3	0
5164	-4.3	0
5165	-4.3	0
5167	-4.3	0
5168	-4.3	0
5175	-4.3	0
5177	-4.3	0
5178	-4.3	0
5180	-4.3	0
5182	-4.3	0
5184	-4.3	0
5186	-4.3	0
5189	-4	0
5191	-4.3	0
5193	-4.3	0
5198	-4.3	0
5206	-4.3	0
5208	-4.3	0
5211	-4.3	0
5213	-4.3	0
5217	-4.3	0
5218	-4.3	0
5225	-4.3	0
5226	-4.3	0
5242	-4.3	0
5244	-4.3	0
5247	-4.3	0
5248	-4.3	0
5249	-4.3	0
5258	-4.3	0
5259	-4.3	0
5264	-4.3	0
5278	-4.3	0
5281	-4.3	0
5282	-4.3	0
5285	-4.3	0
5291	-4.3	0
5292	-4.3	0
5295	-4.3	0
5296	-4.3	0
5298	-4.3	0
5299	-4.3	0
5301	-4.3	0
5302	-4.3	0
5306	-4.3	0
5310	-4.3	0
5311	-4.3	0
5315	-4.3	0
5316	-4.3	0
5318	-4.3	0
5319	-4.3	0
5325	-4.3	0
5326	-4.3	0
5328	-4.3	1
5329	-4.3	0
5330	-4.3	0
5333	-4.3	0
5335	-4.3	0
5336	-4.3	0
5338	-4.3	0
5340	-4.3	0
5344	-4.3	0
5357	-4.3	0
5358	-4.3	0
5359	-4.3	0
5364	-4.3	0
5365	-4.3	0
5366	-4.3	0
5370	-4.3	0
5382	-4.3	0
5383	-4.3	0
5384	-4.3	0
5385	-4.3	0
5386	-4.3	0
5387	-4.3	0
5388	-4.3	0
5389	-4.3	0
5390	-4.3	0
5391	-4.3	0
5392	-4.3	0
5393	-4.3	0
5394	-4.3	0
5395	-4.3	0
5396	-4.3	0
5397	-4.3	0
5398	-4.3	0
5401	-4.3	0
5402	-4.3	0
5403	-4.6	0
5404	-4.3	0
5405	-4.3	0
5406	-4.3	0
5412	-4	0
5419	-4.3	0
5421	-4.3	0
5424	-4.3	0
5426	-4.3	0
5430	-4.3	0
5438	-4.3	0
5439	-4.3	0
5455	-4.3	0
5457	-4.3	0
5471	-4.3	0
5472	-4.3	0
5476	-4	0
5494	-4.3	0
5495	-4.3	0
5504	-4.3	0
5505	-4.3	0
5508	-4.3	0
5511	-4.3	0
5512	-4.3	0
5514	-4.3	0
5515	-4.3	0
5519	-4.3	0
5521	-4	0
5528	-4.3	0
5529	-4.3	0
5532	-4.3	0
5538	-4.3	0
5539	-4.3	0
5542	-4.3	0
5544	-4	0
5546	-4.3	0
5548	-4.3	0
5550	-4	0
5570	-4.3	0
5571	-4.3	0
5572	-4.3	0
5577	-4.3	0
5578	-4.3	0
5579	-4.3	0
5583	-4.3	0
5595	-4.3	0
5596	-4.3	0
5597	-4.3	0
5598	-4.3	0
5599	-4.3	0
5600	-4.3	0
5601	-4.3	0
5602	-4.3	0
5603	-4.3	0
5604	-4.3	0
5605	-4.3	0
5606	-4.3	0
5607	-4.3	0
5608	-4.3	0
5609	-4.3	0
5610	-4.3	0
5611	-4.3	0
5614	-4.3	0
5615	-4.3	0
5616	-4.3	0
5619	-4.3	0
5620	-4.3	0
5621	-4.3	0
5622	-4.3	0
5623	-4	0
5624	-4.3	0
5625	-4.3	0
5626	-4.3	0
5627	-4.3	0
5628	-4.3	0
5629	-4.3	0
5630	-4.3	0
5634	-4.3	0
5635	-4.3	0
5637	-4.3	1
5640	-4.3	0
5641	-4.3	0
5645	-4.3	0
5646	-4.3	0
5647	-4.3	0
5648	-4.3	0
5649	-4.3	0
5654	-4.3	0
5655	-4.3	0
5656	-4.3	0
5657	-4.3	0
5658	-4.3	0
5659	-4.3	0
5660	-4.3	0
5661	-4.3	0
5662	-4.3	0
5663	-4.3	0
5664	-4.3	0
5665	-4.3	0
5666	-4.3	0
5668	-4.3	0
5670	-4.3	0
5671	-4.3	0
5674	-4	0
5675	-4.3	0
5676	-4.3	0
5677	-4.3	0
5678	-4.3	0
5679	-4.3	0
5680	-4.3	0
5681	-4.3	0
5682	-4.3	0
5685	-4.3	0
5686	-4.3	0
5687	-4.3	0
5688	-4.3	0
5690	-4.3	0
5691	-4.3	0
5692	-4.3	0
5693	-4.3	0
5694	-4.3	0
5695	-4.3	0
5696	-4.3	0
5697	-4.3	0
5698	-4.3	0
5699	-4.3	0
5700	-4.3	0
5701	-4.3	0
5702	-4.3	0
5704	-4.3	0
5705	-4.3	0
5708	-4.3	0
5709	-4.3	0
5710	-4	0
5711	-4.3	0
5712	-4.3	0
5713	-4.3	0
5714	-4.3	0
5715	-4.3	0
5719	-4.3	0
5722	-4.3	1
5725	-4.3	0
5728	-4.3	0
5729	-4.3	0
5730	-4.3	0
5732	-4.3	1
5733	-4.3	0
5734	-4.3	0
5736	-4	0
5738	-4.3	0
5739	-4.3	0
5742	-4.3	0
5745	-4.3	0
5746	-4.3	0
5747	-4.3	0
5748	-4.3	0
5749	-4.3	0
5755	-4	0
5756	-4.3	1
5761	-4.3	0
5769	-4.3	0
5784	-4.3	0
5785	-4	0
5786	-4	0
5787	-4	0
5790	-4.3	0
5791	-4.3	0
5792	-4.3	0
5793	-4.3	0
5794	-4.3	0
5795	-4.3	0
5799	-4.3	0
5808	-4	0
5809	-4.3	0
5810	-4	0
5811	-4.3	0
5814	-4.3	0
5816	-4.3	0
5817	-4.3	0
5820	-4.3	0
5823	-4	0
5824	-4.3	0
5827	-4	0
5831	-4	0
5832	-4.3	0
5835	-4.3	0
5842	-4.3	0
5845	-4.3	0
5849	-4.3	0
5850	-4.3	0
5851	-4.3	0
5855	-4	0
5856	-4	0
5857	-4.3	0
5858	-4	0
5859	-4	0
5860	-4	0
5861	-4	0
5862	-4	0
5863	-4.3	0
5864	-4	0
5867	-4.3	1
5868	-4.3	0
5869	-4.3	0
5870	-4.3	0
5871	-4.3	0
5872	-4.3	0
5873	-4.3	0
5877	-4	0
5883	-4	0
5884	-4	0
5885	-4	0
5886	-4	0
5887	-4.3	0
5890	-4.3	0
5895	-4.3	0
5896	-4.3	0
5897	-4.3	0
5898	-4.3	0
5899	-4.3	0
5902	-4.3	0
5907	-4.3	0
5908	-4	0
5909	-4	0
5910	-4.3	0
5913	-4.3	0
5914	-4.3	0
5915	-4.3	0
5916	-4.3	0
5919	-4.3	0
5921	-4	0
5922	-4.3	0
5926	-4.3	0
5928	-4	0
5930	-4.3	0
5931	-4.3	0
5933	-4	0
5935	-4.3	0
5936	-4.3	0
5938	-4	0
5940	-4.3	0
5942	-4	0
5944	-4	0
5945	-4	0
5946	-4.3	0
5948	-4	0
5950	-4.3	0
5951	-4.3	0
5952	-4.3	0
5955	-4.3	0
5956	-4.3	0
5959	-4	0
5960	-4	0
5962	-4.3	0
5963	-4	0
5964	-4	0
5965	-4.3	0
5966	-4.3	0
5970	-4.3	0
5971	-4.3	0
5976	-4	0
5979	-4	0
5980	-4.3	0
5981	-4.3	1
5982	-4.3	1
5985	-4.3	0
5986	-4.3	0
5987	-4	0
5988	-4.3	0
5989	-4.3	0
5991	-4.3	0
5992	-4	0
5993	-4.3	0
5994	-4.3	0
5995	-4.3	0
5996	-4.3	0
6000	-4.3	0
6001	-4.3	0
6002	-4.3	0
6003	-4.3	0
6004	-4.3	0
6005	-4	0
6006	-4.3	0
6007	-4.3	0
6008	-4.3	0
6010	-4.3	0
6011	-4.3	0
6012	-4.3	0
6016	-4.3	0
6017	-4.3	0
6019	-4.3	1
6022	-4.3	0
6023	-4.3	0
6027	-4.3	0
6028	-4.3	0
6029	-4.3	0
6030	-4.3	0
6031	-4.3	0
6036	-4.3	0
6037	-4.3	0
6038	-4.3	0
6039	-4.3	0
6040	-4.3	0
6041	-4.3	0
6042	-4.3	0
6043	-4.3	0
6044	-4.3	0
6045	-4.3	0
6046	-4.3	0
6047	-4.3	0
6048	-4.3	0
6050	-4.3	0
6052	-4.3	0
6053	-4.3	0
6056	-4	0
6057	-4.3	0
6058	-4.3	0
6059	-4.3	0
6060	-4.3	0
6061	-4.3	0
6062	-4.3	0
6063	-4.3	0
6064	-4.3	0
6067	-4.3	0
6068	-4.3	0
6069	-4.3	0
6070	-4.3	0
6072	-4.3	0
6073	-4.3	0
6074	-4.3	0
6075	-4.3	0
6076	-4.3	0
6077	-4.3	0
6078	-4.3	0
6079	-4.3	0
6080	-4.3	0
6081	-4.3	0
6082	-4.3	0
6083	-4.3	0
6084	-4.3	0
6086	-4.3	0
6087	-4.3	0
6090	-4.3	0
6091	-4.3	0
6092	-4	0
6093	-4.3	0
6094	-4.3	0
6095	-4.3	0
6096	-4.3	0
6097	-4.3	0
6101	-4.3	0
6104	-4.3	1
6107	-4.3	0
6110	-4.3	0
6111	-4.3	0
6112	-4.3	0
6114	-4.3	1
6115	-4.3	0
6116	-4.3	0
6118	-4	0
6120	-4.3	0
6121	-4.3	0
6124	-4.3	0
6127	-4.3	0
6128	-4.3	0
6129	-4.3	0
6130	-4.3	0
6131	-4.3	0
6137	-4	0
6138	-4.3	1
6143	-4.3	0
6150	-4.6	0
6155	-4	0
6162	-4.3	0
6164	-4.3	0
6167	-4.3	0
6169	-4.3	0
6173	-4.3	0
6175	-4.3	0
6181	-4.3	0
6182	-4.3	0
6198	-4.3	0
6200	-4.3	0
6214	-4.3	0
6215	-4.3	0
6219	-4	0
6237	-4.3	0
6238	-4.3	0
6247	-4.3	0
6248	-4.3	0
6251	-4.3	0
6254	-4.3	0
6255	-4.3	0
6257	-4.3	0
6258	-4.3	0
6262	-4.3	0
6264	-4	0
6271	-4.3	0
6272	-4.3	0
6275	-4.3	0
6281	-4.3	0
6282	-4.3	0
6285	-4.3	0
6287	-4	0
6289	-4.3	0
6291	-4.3	0
6293	-4	0
6295	-4.3	0
6299	-4	0
6304	-4.3	0
6305	-4.3	0
6310	-4	0
6311	-4.3	0
6313	-4.3	0
6314	-4.3	0
6316	-4.3	0
6317	-4.3	0
6318	-4.3	0
6321	-4.3	0
6322	-4.3	0
6326	-4.3	0
6329	-4.3	0
6339	-4.3	0
6341	-4.3	0
6342	-4.3	0
6344	-4.3	0
6350	-4.3	0
6351	-4.3	0
6352	-4.3	0
6366	-4.3	0
6370	-4.3	0
6378	-4.3	0
6392	-4.3	0
6394	-4.3	0
6396	-4.3	0
6397	-4.3	0
6398	-4.3	0
6402	-4.3	0
6403	-4.3	0
6404	-4.3	0
6409	-4.3	0
6412	-4.3	0
6416	-4.3	0
6418	-4.3	0
6419	-4.3	0
6420	-4.3	0
6421	-4.3	0
6422	-4.3	0
6423	-4.3	0
6425	-4.3	0
6426	-4.3	0
6427	-4.3	0
6431	-4.3	0
6438	-4.3	0
6439	-4.3	0
6440	-4.3	0
6441	-4.3	0
6442	-4.3	0
6444	-4.3	0
6445	-4.3	0
6452	-4.3	0
6454	-4.3	0
6455	-4.3	0
6457	-4.3	0
6459	-4.3	0
6461	-4.3	0
6463	-4.3	0
6468	-4.3	0
6470	-4.3	0
6471	-4	0
6472	-4.3	0
6473	-4	0
6475	-4.3	0
6477	-4	0
6481	-4.3	0
6482	-4.3	0
6487	-4.3	0
6488	-4.3	0
6489	-4.3	0
6505	-4.3	0
6506	-4.3	0
6508	-4.3	0
6509	-4.3	0
6512	-4.3	0
6515	-4.3	0
6517	-4.3	0
6518	-4.3	0
6520	-4.3	0
6521	-4.3	0
6522	-4.3	0
6523	-4	0
6525	-4.3	0
6526	-4.3	0
6533	-4.3	0
6559	-4.3	0
6560	-4.3	0
6562	-4.3	0
6563	-4.3	0
6565	-4.3	0
6566	-4.3	0
6570	-4.3	0
6572	-4.3	0
6573	-4.3	0
6574	-4.3	0
6576	-4.3	0
6577	-4.3	0
6580	-4.3	0
6581	-4.3	1
6584	-4.3	0
6587	-4.3	0
6600	-4.3	0
6602	-4.3	0
6603	-4.3	0
6605	-4.3	0
6618	-4.3	0
6622	-4.3	0
6624	-4.3	0
6638	-4.3	0
6639	-4.3	0
6641	-4.3	0
6642	-4.3	0
6643	-4.3	0
6646	-4.3	0
6647	-4.3	0
6651	-4.3	0
6654	-4.3	0
6658	-4.3	0
6659	-4.3	0
6660	-4.3	0
6661	-4.3	0
6663	-4.3	0
6664	-4.3	0
6665	-4.3	0
6669	-4.3	0
6674	-4.3	0
6675	-4.3	0
6676	-4.3	0
6677	-4.3	0
6678	-4.3	0
6680	-4.3	0
6686	-4.3	0
6688	-4.3	0
6691	-4.3	0
6694	-4.3	1
6695	-4.3	0
6698	-4.3	0
6706	-4.3	0
6707	-4	0
6708	-4.3	0
6711	-4.3	0
6713	-4.3	0
6714	-4	0
6717	-4.3	0
6718	-4.3	1
6725	-4.3	0
6726	-4.3	0
6728	-4	0
6742	-4.3	0
6744	-4.3	0
6747	-4.3	0
6748	-4.3	0
6749	-4.3	0
6758	-4.3	0
6759	-4.3	0
6764	-4.3	0
6778	-4.3	0
6781	-4.3	0
6782	-4.3	0
6785	-4.3	0
6791	-4.3	0
6792	-4.3	0
6795	-4.3	0
6796	-4.3	0
6798	-4.3	0
6799	-4.3	0
6801	-4.3	0
6802	-4.3	0
6806	-4.3	0
6810	-4.3	0
6811	-4.3	0
6815	-4.3	0
6816	-4.3	0
6818	-4.3	0
6819	-4.3	0
6825	-4.3	0
6826	-4.3	0
6828	-4.3	1
6829	-4.3	0
6830	-4.3	0
6833	-4.3	0
6835	-4.3	0
6836	-4.3	0
6838	-4.3	1
6840	-4.3	0
6847	-4.3	0
6848	-4.3	0
6849	-4.3	0
6853	-4.3	0
6865	-4.3	0
6866	-4.3	0
6867	-4.3	0
6868	-4.3	0
6869	-4.3	0
6870	-4.3	0
6871	-4.3	0
6872	-4.3	0
6873	-4.3	0
6874	-4.3	0
6875	-4.3	0
6876	-4.3	0
6877	-4.3	0
6878	-4.3	0
6879	-4.3	0
6880	-4.3	0
6881	-4.3	0
6884	-4.3	0
6885	-4.3	0
6887	-4	0
6889	-4	0
6891	-4.3	0
6892	-4.3	0
6893	-4.3	0
6894	-4	0
6903	-4.3	0
6904	-4.3	0
6905	-4.3	0
6906	-4.3	0
6907	-4.3	0
6908	-4.3	0
6909	-4.3	0
6910	-4.3	0
6911	-4.3	0
6912	-4.3	0
6914	-4.3	0
6916	-4.3	0
6919	-4.3	0
6921	-4	0
6922	-4.3	0
6923	-4	0
6924	-4.3	1
6927	-4.3	0
6928	-4.3	0
6930	-4	0
6932	-4.3	0
6934	-4	0
6935	-4	0
6937	-4.3	0
6938	-4.3	0
6939	-4.3	0
6940	-4.3	0
6942	-4	0
6943	-4.3	0
6944	-4	1
6955	-4.3	0
6967	-4.3	0
6968	-4.3	0
6969	-4.3	0
6970	-4.3	0
6971	-4.3	0
6972	-4.3	0
6973	-4.3	0
6974	-4.3	0
6975	-4.3	0
6976	-4.3	0
6977	-4.3	0
6978	-4.3	0
6979	-4.3	0
6982	-4	0
6983	-4	0
6985	-4.3	0
6987	-4.3	0
6991	-4	0
6992	-4	0
6993	-4.3	1
6995	-4.3	0
6998	-4	0
7001	-4	0
7004	-4.3	1
7005	-4.3	0
7006	-4	0
7008	-4	0
7010	-4.3	0
7019	-4.3	0
7021	-4.3	1
7022	-4	0
7023	-4	0
7025	-4.3	0
7026	-4.3	0
7028	-4.3	0
7029	-4.3	0
7039	-4.6	0
7042	-4.3	0
7044	-4.3	0
7050	-4.3	0
7056	-4.3	0
7057	-4.3	0
7058	-4.3	0
7059	-4.3	0
7076	-4.3	0
7077	-4.3	0
7078	-4.3	0
7101	-4.3	0
7116	-4.3	0
7120	-4.3	0
7135	-4	0
7138	-4	0
7139	-4.3	0
7140	-4.3	0
7141	-4.3	0
7144	-4.3	0
7145	-4.3	0
7147	-4	0
7148	-4.3	0
7151	-4	0
7152	-4.3	0
7159	-4	0
7160	-4.3	0
7162	-4.3	0
7163	-4	1
7175	-4.3	0
7176	-4.3	0
7199	-4	0
7200	-4.3	0
7201	-4.3	0
7202	-4	0
7204	-4.3	0
7206	-4	0
7208	-4	0
7209	-4.3	0
7215	-4.3	0
7216	-4.3	0
7217	-4.3	0
7218	-4	0
7219	-4.3	0
7220	-4.3	0
7224	-4.3	0
7225	-4	0
7230	-4.3	0
7231	-4.3	0
7233	-4.3	0
7234	-4.3	0
7235	-4	0
7240	-4.3	0
7245	-4.3	0
7252	-4.6	0
7258	-4.3	0
7260	-4.3	0
7263	-4.3	0
7265	-4.3	0
7269	-4.3	0
7277	-4.3	0
7278	-4.3	0
7294	-4.3	0
7296	-4.3	0
7310	-4.3	0
7311	-4.3	0
7315	-4	0
7333	-4.3	0
7334	-4.3	0
7343	-4.3	0
7344	-4.3	0
7347	-4.3	0
7350	-4.3	0
7351	-4.3	0
7353	-4.3	0
7354	-4.3	0
7358	-4.3	0
7360	-4	0
7367	-4.3	0
7368	-4.3	0
7371	-4.3	0
7377	-4.3	0
7378	-4.3	0
7381	-4.3	0
7383	-4	0
7385	-4.3	0
7387	-4.3	0
7389	-4	0
7395	-4.6	0
7400	-4.3	0
7402	-4.3	0
7406	-4	0
7407	-4.3	0
7411	-4.3	0
7419	-4.3	0
7420	-4.3	0
7421	-4	0
7436	-4.3	0
7438	-4.3	0
7452	-4.3	0
7453	-4.3	0
7455	-4	0
7456	-4	0
7475	-4.3	0
7476	-4.3	0
7485	-4.3	0
7486	-4.3	0
7487	-4	0
7489	-4.3	0
7491	-4	0
7492	-4.3	0
7493	-4.3	0
7495	-4.3	0
7496	-4.3	0
7500	-4.3	0
7501	-4	0
7506	-4	0
7509	-4.3	0
7510	-4.3	0
7513	-4.3	0
7519	-4.3	0
7520	-4.3	0
7521	-4	1
7527	-4.3	0
7553	-4.3	0
7556	-4.3	0
7558	-4.3	0
7560	-4.3	0
7562	-4.3	0
7566	-4.3	0
7573	-4.3	0
7577	-4.3	0
7578	-4.3	0
7595	-4.3	0
7616	-4.3	0
7617	-4.3	0
7653	-4.3	0
7654	-4.3	0
7657	-4.3	0
7669	-4.3	0
7670	-4.3	0
7673	-4.3	0
7674	-4.3	0
7687	-4.3	0
7688	-4.3	0
7690	-4.3	0
7698	-4.3	0
7699	-4.3	0
7705	-4.3	0
7709	-4.3	0
7719	-4.3	1
7720	-4.3	0
7726	-4.3	0
7727	-4.3	0
7734	-4.3	1
7735	-4.6	1
7747	-4	0
7748	-4	0
7751	-4.3	0
7752	-4.3	0
7756	-4.3	0
7758	-4.3	0
7761	-4.3	0
7762	-4.3	0
7768	-4.3	0
7769	-4.3	0
7791	-4.3	0
7796	-4.3	0
7811	-4.3	0
7812	-4.3	0
7815	-4.3	0
7816	-4.3	0
7817	-4.3	0
7820	-4.3	0
7834	-4.3	0
7839	-4.3	0
7840	-4.3	0
7847	-4.3	0
7852	-4.3	0
7853	-4.3	0
7857	-4.3	0
7858	-4.3	0
7859	-4.3	0
7861	-4.3	0
7863	-4.3	0
7864	-4.3	0
7868	-4.3	0
7869	-4.3	0
7873	-4.3	0
7876	-4.3	0
7880	-4.3	0
7882	-4.3	0
7885	-4.3	0
7891	-4.3	0
7893	-4.3	0
7894	-4.3	0
7895	-4.3	0
7897	-4.3	0
7900	-4.3	0
7902	-4.3	0
7904	-4.3	0
7906	-4.3	0
7909	-4	0
7911	-4.3	0
7913	-4.3	0
7916	-4.3	0
7918	-4.3	0
7922	-4.3	0
7923	-4.3	0
7930	-4.3	0
7931	-4.3	0
7947	-4.3	0
7949	-4.3	0
7952	-4.3	0
7953	-4.3	0
7954	-4.3	0
7963	-4.3	0
7964	-4.3	0
7969	-4.3	0
7983	-4.3	0
7986	-4.3	0
7987	-4.3	0
7990	-4.3	0
7996	-4.3	0
7997	-4.3	0
8000	-4.3	0
8001	-4.3	0
8003	-4.3	0
8004	-4.3	0
8006	-4.3	0
8007	-4.3	0
8011	-4.3	0
8015	-4.3	0
8016	-4.3	0
8020	-4.3	0
8021	-4.3	0
8023	-4.3	0
8024	-4.3	0
8030	-4.3	0
8031	-4.3	0
8033	-4.3	1
8034	-4.3	0
8035	-4.3	0
8038	-4.3	0
8040	-4.3	0
8041	-4.3	0
8043	-4.3	0
8045	-4.3	0
8063	-4.3	0
8064	-4.3	0
8065	-4.3	0
8069	-4.3	0
8081	-4.3	0
8082	-4.3	0
8083	-4.3	0
8084	-4.3	0
8085	-4.3	0
8086	-4.3	0
8087	-4.3	0
8088	-4.3	0
8089	-4.3	0
8090	-4.3	0
8091	-4.3	0
8092	-4.3	0
8093	-4.3	0
8094	-4.3	0
8095	-4.3	0
8096	-4.3	0
8097	-4.3	0
8100	-4.3	0
8101	-4.3	0
8102	-4.6	0
8103	-4.3	0
8105	-4.3	0
8108	-4.3	0
8110	-4.3	0
8114	-4.3	0
8122	-4.3	0
8123	-4.3	0
8139	-4.3	0
8141	-4.3	0
8155	-4.3	0
8156	-4.3	0
8160	-4	0
8178	-4.3	0
8179	-4.3	0
8188	-4.3	0
8189	-4.3	0
8192	-4.3	0
8195	-4.3	0
8196	-4.3	0
8198	-4.3	0
8199	-4.3	0
8203	-4.3	0
8205	-4	0
8212	-4.3	0
8213	-4.3	0
8216	-4.3	0
8222	-4.3	0
8223	-4.3	0
8226	-4.3	0
8228	-4	0
8230	-4.3	0
8232	-4.3	0
8234	-4	0
8252	-4.3	0
8255	-4.3	0
8256	-4.3	0
8258	-4.3	1
8261	-4.3	0
8262	-4.3	0
8266	-4.3	0
8267	-4.3	0
8268	-4.3	0
8269	-4.3	0
8270	-4.3	0
8275	-4.3	0
8276	-4.3	0
8277	-4.3	0
8278	-4.3	0
8279	-4.3	0
8280	-4.3	0
8281	-4.3	0
8282	-4.3	0
8283	-4.3	0
8284	-4.3	0
8285	-4.3	0
8286	-4.3	0
8287	-4.3	0
8289	-4.3	0
8291	-4.3	0
8292	-4.3	0
8295	-4	0
8296	-4.3	0
8297	-4.3	0
8298	-4.3	0
8299	-4.3	0
8300	-4.3	0
8301	-4.3	0
8302	-4.3	0
8303	-4.3	0
8306	-4.3	0
8307	-4.3	0
8308	-4.3	0
8309	-4.3	0
8311	-4.3	0
8312	-4.3	0
8313	-4.3	0
8314	-4.3	0
8315	-4.3	0
8316	-4.3	0
8317	-4.3	0
8318	-4.3	0
8319	-4.3	0
8320	-4.3	0
8321	-4.3	0
8322	-4.3	0
8323	-4.3	0
8325	-4.3	0
8326	-4.3	0
8329	-4.3	0
8330	-4.3	0
8331	-4	0
8332	-4.3	0
8333	-4.3	0
8334	-4.3	0
8335	-4.3	0
8336	-4.3	0
8340	-4.3	0
8343	-4.3	1
8346	-4.3	0
8349	-4.3	0
8350	-4.3	0
8351	-4.3	0
8353	-4.3	1
8354	-4.3	0
8355	-4.3	0
8357	-4	0
8359	-4.3	0
8360	-4.3	0
8363	-4.3	0
8366	-4.3	0
8367	-4.3	0
8368	-4.3	0
8369	-4.3	0
8370	-4.3	0
8376	-4	0
8377	-4.3	1
8382	-4.3	0
8395	-4	0
8396	-4.3	0
8397	-4	0
8403	-4.3	0
8410	-4	0
8414	-4	0
8418	-4	0
8432	-4.3	1
8436	-4.3	1
8438	-4.3	1
8439	-4.3	0
8440	-4.3	0
8441	-4.3	0
8442	-4	0
8443	-4	0
8445	-4	0
8446	-4	0
8447	-4	0
8448	-4	0
8449	-4	0
8451	-4	0
8454	-4.3	0
8456	-4.3	1
8457	-4.3	0
8458	-4.3	0
8459	-4.3	0
8460	-4.3	0
8464	-4	0
8470	-4	0
8471	-4	0
8472	-4	0
8473	-4	0
8474	-4.3	0
8477	-4.3	0
8495	-4	0
8496	-4	0
8498	-4.3	0
8508	-4	0
8514	-4.3	1
8515	-4	0
8518	-4.3	0
8520	-4	0
8525	-4	0
8529	-4	0
8531	-4	0
8532	-4	0
8535	-4	0
8537	-4.3	0
8538	-4.3	0
8540	-4.3	1
8541	-4.3	0
8546	-4	0
8547	-4	0
8550	-4	0
8551	-4	0
8553	-4.3	1
8554	-4.3	0
8563	-4	0
8566	-4	0
8568	-4.3	0
8569	-4.3	0
8570	-4.3	1
8571	-4.3	1
8572	-4.3	0
8573	-4.3	0
8574	-4	0
8575	-4.3	0
8576	-4.3	0
8579	-4	0
8581	-4.3	0
8583	-4.3	0
8587	-4.3	0
8588	-4.3	0
8589	-4.3	0
8591	-4.3	1
8594	-4.3	0
8595	-4.3	0
8599	-4.3	0
8600	-4.3	0
8601	-4.3	0
8602	-4.3	0
8603	-4.3	0
8608	-4.3	0
8609	-4.3	0
8610	-4.3	0
8611	-4.3	0
8612	-4.3	0
8613	-4.3	0
8614	-4.3	0
8615	-4.3	0
8616	-4.3	0
8617	-4.3	0
8618	-4.3	0
8619	-4.3	0
8620	-4.3	0
8622	-4.3	0
8624	-4.3	0
8625	-4.3	0
8628	-4	0
8629	-4.3	0
8630	-4.3	0
8631	-4.3	0
8632	-4.3	0
8633	-4.3	0
8634	-4.3	0
8635	-4.3	0
8636	-4.3	0
8639	-4.3	0
8640	-4.3	0
8641	-4.3	0
8642	-4.3	0
8644	-4.3	0
8645	-4.3	0
8646	-4.3	0
8647	-4.3	0
8648	-4.3	0
8649	-4.3	0
8650	-4.3	0
8651	-4.3	0
8652	-4.3	0
8653	-4.3	0
8654	-4.3	0
8655	-4.3	0
8656	-4.3	0
8658	-4.3	0
8659	-4.3	0
8662	-4.3	0
8663	-4.3	0
8664	-4	0
8665	-4.3	0
8666	-4.3	0
8667	-4.3	0
8668	-4.3	0
8669	-4.3	0
8673	-4.3	0
8676	-4.3	1
8679	-4.3	0
8682	-4.3	0
8683	-4.3	0
8684	-4.3	0
8686	-4.3	1
8687	-4.3	0
8688	-4.3	0
8690	-4	0
8692	-4.3	0
8693	-4.3	0
8696	-4.3	0
8699	-4.3	0
8700	-4.3	0
8701	-4.3	0
8702	-4.3	0
8703	-4.3	0
8709	-4	0
8710	-4.3	1
8715	-4.3	0
8723	-4.3	0
8727	-4.3	0
8753	-4.3	0
8754	-4.3	0
8755	-4.3	0
8763	-4.3	0
8765	-4.3	0
8767	-4.3	0
8768	-4.3	0
8769	-4.3	0
8770	-4.3	0
8773	-4.3	0
8777	-4.3	0
8778	-4.3	0
8779	-4.3	0
8782	-4	1
8784	-4.3	0
8787	-4.3	0
8788	-4.3	1
8793	-4.3	0
8794	-4.3	0
8797	-4.3	0
8815	-4.3	0
8820	-4.3	0
8826	-4.3	0
8827	-4.3	0
8829	-4.3	0
8843	-4.3	0
8847	-4.3	0
8848	-4.3	0
8858	-4.3	0
8859	-4.3	0
8862	-4.3	0
8864	-4.3	0
8865	-4.3	0
8869	-4.3	0
8870	-4.3	0
8874	-4.3	0
8877	-4.3	0
8881	-4.3	0
8883	-4.3	0
8885	-4.3	0
8890	-4.3	0
8891	-4.3	0
8892	-4.3	0
8895	-4.3	0
8898	-4.3	1
8899	-4.3	0
8901	-4	1
8902	-4.3	0
8904	-4.3	0
8908	-4.3	0
8909	-4.3	1
8916	-4.3	0
8917	-4.3	0
8933	-4.3	0
8935	-4.3	0
8938	-4.3	1
8939	-4.3	1
8940	-4.3	1
8949	-4.3	0
8950	-4.3	0
8955	-4.3	0
8969	-4.3	0
8972	-4.3	0
8973	-4.3	0
8976	-4.3	1
8982	-4.3	0
8983	-4.3	0
8986	-4.3	0
8987	-4.3	1
8989	-4.3	0
8990	-4.3	0
8992	-4.3	0
8993	-4.3	0
8997	-4.3	0
9001	-4.3	1
9002	-4.3	1
9006	-4.3	0
9007	-4.3	0
9009	-4.3	1
9010	-4.3	0
9016	-4.3	0
9017	-4.3	0
9019	-4.3	1
9020	-4.3	0
9021	-4.3	1
9024	-4.3	0
9026	-4.3	0
9027	-4.3	1
9029	-4.3	1
9031	-4.3	0
9043	-4.3	0
9044	-4.3	0
9049	-4.3	0
9050	-4.3	0
9051	-4.3	0
9053	-4.3	0
9054	-4.3	0
9058	-4.3	0
9061	-4.3	0
9063	-4.3	0
9064	-4.3	0
9067	-4.3	0
9068	-4.3	0
9069	-4.3	0
9070	-4.3	0
9071	-4.3	0
9072	-4.3	0
9073	-4.3	0
9074	-4.3	0
9075	-4.3	0
9076	-4.3	0
9081	-4.3	0
9083	-4.3	0
9086	-4.3	0
9096	-4.3	0
9097	-4.3	0
9098	-4.3	0
9099	-4.3	0
9100	-4.3	0
9101	-4.3	0
9102	-4.3	0
9103	-4.3	0
9104	-4.3	0
9105	-4.3	0
9111	-4.3	0
9122	-4.3	0
9123	-4.3	0
9124	-4.3	0
9125	-4.3	0
9126	-4.3	0
9127	-4.3	0
9128	-4.3	0
9129	-4.3	0
9130	-4.3	0
9131	-4.3	0
9135	-4.3	0
9137	-4.3	0
9148	-4.3	0
9150	-4.3	0
9155	-4.3	0
9156	-4.3	0
9159	-4.3	0
9161	-4.3	0
9166	-4.3	0
9167	-4.3	0
9170	-4.3	0
9172	-4.3	0
9186	-4.3	0
9188	-4.3	0
9191	-4.3	0
9192	-4.3	0
9196	-4.3	0
9206	-4.3	0
9209	-4.3	0
9214	-4.3	0
9217	-4.3	0
9236	-4.3	0
9241	-4.3	0
9244	-4.6	1
9245	-4	0
9247	-4.3	0
9248	-4.3	0
9249	-4.3	0
9250	-4	0
9259	-4.3	0
9260	-4.3	0
9261	-4.3	0
9262	-4.3	0
9263	-4.3	0
9264	-4.3	0
9265	-4.3	0
9266	-4.3	0
9267	-4.3	0
9268	-4.3	0
9270	-4.3	0
9272	-4.3	1
9273	-4.3	0
9276	-4.3	1
9280	-4.3	1
9288	-4.3	1
9290	-4.3	1
9302	-4	0
9303	-4.3	1
9304	-4.3	1
9305	-4	0
9310	-4.3	0
9311	-4.3	0
9328	-4.3	1
9329	-4.3	1
9335	-4	0
9337	-4.3	1
9344	-4.3	1
9345	-4.3	1
9347	-4.3	1
9348	-4.3	1
9349	-4	0
9352	-4.3	1
9357	-4	0
9358	-4.3	1
9359	-4.3	1
9360	-4	0
9362	-4.3	1
9364	-4	0
9368	-4.3	1
9373	-4.3	1
9380	-4.3	0
9381	-4	0
9382	-4.3	0
9383	-4.3	0
9387	-4.3	0
9388	-4.3	0
9389	-4.3	0
9390	-4.3	0
9391	-4.3	0
9395	-4	0
9396	-4.3	0
9397	-4.3	0
9398	-4.3	0
9399	-4.3	0
9400	-4.3	0
9401	-4.3	0
9402	-4.3	0
9403	-4.3	0
9404	-4.3	0
9405	-4.3	0
9406	-4.3	0
9407	-4.3	0
9408	-4.3	0
9410	-4.3	0
9412	-4.3	0
9414	-4	0
9415	-4	0
9417	-4.3	0
9418	-4.3	0
9419	-4.3	0
9420	-4.3	0
9421	-4.3	0
9422	-4.3	0
9423	-4.3	0
9424	-4.3	0
9427	-4.3	0
9428	-4.3	0
9429	-4.3	0
9430	-4.3	0
9432	-4.3	0
9433	-4.3	0
9434	-4.3	0
9435	-4.3	0
9436	-4.3	0
9437	-4.3	0
9438	-4.3	0
9439	-4.3	0
9440	-4.3	0
9441	-4.3	0
9442	-4.3	0
9443	-4.3	0
9444	-4.3	0
9447	-4.3	0
9450	-4.3	0
9451	-4.3	0
9453	-4.3	0
9454	-4.3	0
9455	-4.3	0
9456	-4.3	0
9457	-4.3	0
9461	-4.3	0
9463	-4	0
9464	-4.3	1
9467	-4.3	0
9470	-4.3	0
9471	-4.3	0
9472	-4.3	0
9474	-4.3	1
9475	-4.3	0
9476	-4.3	0
9477	-4	0
9480	-4.3	0
9481	-4.3	0
9484	-4.3	0
9487	-4.3	0
9488	-4.3	0
9489	-4.3	0
9490	-4.3	0
9491	-4.3	0
9498	-4.3	1
9503	-4.3	0
9516	-4.3	0
9523	-4.3	0
9530	-4	0
9534	-4	0
9538	-4	0
9552	-4.3	0
9556	-4.3	0
9558	-4.3	0
9559	-4.3	0
9560	-4.3	0
9561	-4.3	0
9562	-4	0
9563	-4	0
9565	-4	0
9566	-4	0
9567	-4	0
9568	-4	0
9569	-4	0
9571	-4	0
9574	-4.3	1
9576	-4.3	0
9577	-4.3	0
9578	-4.3	0
9579	-4.3	0
9580	-4.3	0
9584	-4	0
9590	-4	0
9591	-4	0
9592	-4	0
9593	-4	0
9594	-4.3	0
9597	-4.3	0
9615	-4	0
9616	-4	0
9618	-4.3	0
9628	-4	0
9634	-4.3	1
9635	-4	0
9638	-4.3	0
9640	-4	0
9645	-4	0
9649	-4	0
9651	-4	0
9652	-4	0
9655	-4	0
9657	-4.3	0
9658	-4.3	0
9660	-4.3	1
9661	-4.3	0
9666	-4	0
9667	-4	0
9670	-4	0
9671	-4	0
9673	-4.3	0
9674	-4.3	0
9683	-4	0
9686	-4	0
9688	-4.3	1
9689	-4.3	1
9690	-4.3	1
9691	-4.3	1
9692	-4.3	0
9693	-4.3	0
9694	-4	0
9695	-4.3	0
9696	-4.3	0
9699	-4	0
9701	-4.3	0
9703	-4.3	0
9707	-4	0
9709	-4.3	0
9710	-4.3	0
9717	-4.3	0
9718	-4.3	0
9734	-4.3	0
9736	-4.3	0
9739	-4.3	0
9740	-4.3	0
9741	-4.3	0
9750	-4.3	0
9751	-4.3	0
9756	-4.3	0
9770	-4.3	0
9773	-4.3	0
9774	-4.3	0
9777	-4.3	0
9783	-4.3	0
9784	-4.3	0
9787	-4.3	0
9788	-4.3	0
9790	-4.3	0
9791	-4.3	0
9793	-4.3	0
9794	-4.3	0
9798	-4.3	0
9802	-4.3	0
9803	-4.3	0
9807	-4.3	0
9808	-4.3	0
9810	-4.3	0
9811	-4.3	0
9817	-4.3	0
9818	-4.3	0
9820	-4.3	1
9821	-4.3	0
9822	-4.3	0
9825	-4.3	0
9827	-4.3	0
9828	-4.3	0
9830	-4.3	0
9832	-4.3	0
9835	-4.6	0
9836	-4.3	0
9844	-4.3	0
9845	-4.3	0
9861	-4.3	0
9863	-4.3	0
9877	-4.3	0
9878	-4.3	0
9882	-4	0
9900	-4.3	0
9901	-4.3	0
9910	-4.3	0
9911	-4.3	0
9914	-4.3	0
9917	-4.3	0
9918	-4.3	0
9920	-4.3	0
9921	-4.3	0
9925	-4.3	0
9927	-4	0
9934	-4.3	0
9935	-4.3	0
9938	-4.3	0
9944	-4.3	0
9945	-4.3	0
9948	-4.3	0
9950	-4	0
9952	-4.3	0
9954	-4.3	0
9956	-4	0
9962	-4.3	0
9965	-4.3	0
9966	-4.3	0
9967	-4.3	0
9968	-4.3	0
9969	-4.3	0
9974	-4.3	0
9975	-4.3	0
9976	-4.3	0
9977	-4.3	0
9978	-4.3	0
9979	-4.3	0
9980	-4.3	0
9981	-4.3	0
9982	-4.3	0
9983	-4.3	0
9984	-4.3	0
9985	-4.3	0
9986	-4.3	0
9988	-4.3	0
9990	-4.3	0
9991	-4.3	0
9994	-4	0
9995	-4.3	0
9996	-4.3	0
9997	-4.3	0
9998	-4.3	0
9999	-4.3	0
10000	-4.3	0
10001	-4.3	0
10002	-4.3	0
10005	-4.3	0
10006	-4.3	0
10007	-4.3	0
10008	-4.3	0
10010	-4.3	0
10011	-4.3	0
10012	-4.3	0
10013	-4.3	0
10014	-4.3	0
10015	-4.3	0
10016	-4.3	0
10017	-4.3	0
10018	-4.3	0
10019	-4.3	0
10020	-4.3	0
10021	-4.3	0
10022	-4.3	0
10024	-4.3	0
10025	-4.3	0
10028	-4.3	0
10029	-4.3	0
10030	-4	0
10031	-4.3	0
10032	-4.3	0
10033	-4.3	0
10034	-4.3	0
10035	-4.3	0
10039	-4.3	0
10042	-4.3	1
10045	-4.3	0
10048	-4.3	0
10049	-4.3	0
10050	-4.3	0
10052	-4.3	1
10053	-4.3	0
10054	-4.3	0
10056	-4	0
10058	-4.3	0
10059	-4.3	0
10062	-4.3	0
10065	-4.3	0
10066	-4.3	0
10067	-4.3	0
10068	-4.3	0
10069	-4.3	0
10075	-4	0
10076	-4.3	1
10081	-4.3	0
10088	-4.3	1
10090	-4.3	0
10091	-4.3	0
10092	-4.3	0
10099	-4.3	1
10100	-4.3	1
10101	-4.3	1
10102	-4.3	1
10103	-4.3	1
10104	-4.3	1
10105	-4.3	0
10106	-4.3	0
10107	-4.3	0
10108	-4.3	0
10110	-4.3	0
10111	-4.3	0
10112	-4.3	1
10114	-4.3	1
10117	-4.3	0
10121	-4.3	0
10122	-4.3	0
10123	-4.3	0
10124	-4.3	0
10125	-4.3	0
10127	-4.3	0
10128	-4.3	0
10136	-4.3	0
10137	-4.3	0
10138	-4.3	0
10139	-4.3	0
10140	-4.3	0
10141	-4.3	0
10142	-4.3	0
10143	-4.3	0
10144	-4.3	1
10145	-4.3	1
10146	-4.3	0
10147	-4.3	0
10148	-4.3	0
10150	-4.3	0
10155	-4.3	1
10165	-4.3	1
10175	-4.3	1
10176	-4.3	1
10184	-4.3	1
10193	-4.3	1
10194	-4.3	1
10195	-4.3	1
10272	-4.3	0
10334	-4.3	0
10337	-4.3	0
10339	-4.3	0
10365	-4.3	0
10371	-4.3	0
10372	-4.3	0
10381	-4.3	0
10384	-4.3	0
10393	-4.3	0
10407	-4.3	1
10408	-4.3	1
10409	-4.6	1
10411	-4.3	0
10414	-4	0
10415	-4	0
10418	-4.3	0
10419	-4.3	0
10441	-4.3	0
10446	-4.3	0
10461	-4.3	0
10462	-4.3	0
10465	-4.3	0
10466	-4.3	0
10467	-4.3	0
10470	-4.3	1
10484	-4.3	0
10489	-4.3	0
10490	-4.3	0
10497	-4.3	0
10502	-4.3	0
10503	-4.3	0
10507	-4.3	0
10508	-4.3	0
10509	-4.3	0
10511	-4.3	0
10513	-4.3	0
10514	-4.3	0
10518	-4.3	0
10519	-4.3	0
10523	-4.3	0
10526	-4.3	0
10530	-4.3	0
10532	-4.3	0
10535	-4.3	0
10541	-4.3	0
10543	-4.3	0
10544	-4.3	0
10545	-4.3	0
10547	-4.3	0
10550	-4.3	0
10552	-4.3	0
10554	-4.3	1
10556	-4.3	0
10559	-4	0
10560	-4	0
10561	-4.3	0
10564	-4.3	0
10574	-4.3	0
10576	-4.3	0
10577	-4.3	0
10579	-4.3	0
10585	-4.3	0
10586	-4.3	0
10587	-4.3	0
10601	-4.3	0
10605	-4.3	0
10613	-4.3	1
10627	-4.3	0
10629	-4.3	0
10631	-4.3	0
10632	-4.3	0
10633	-4.3	0
10637	-4.3	0
10638	-4.3	0
10639	-4.3	0
10644	-4.3	0
10647	-4.3	0
10651	-4.3	0
10653	-4.3	0
10654	-4.3	0
10655	-4.3	0
10656	-4.3	0
10657	-4.3	0
10658	-4.3	0
10660	-4.3	0
10661	-4.3	0
10662	-4.3	0
10666	-4.3	0
10673	-4.3	0
10674	-4.3	0
10675	-4.3	0
10676	-4.3	0
10677	-4.3	0
10679	-4.3	0
10680	-4.3	0
10687	-4.3	0
10689	-4.3	0
10690	-4.3	0
10692	-4.3	0
10694	-4.3	0
10696	-4.3	1
10698	-4.3	0
10701	-4	0
10704	-4.3	0
10705	-4.3	0
10721	-4.3	0
10723	-4.3	0
10726	-4.3	0
10727	-4.3	0
10728	-4.3	0
10737	-4.3	0
10738	-4.3	0
10743	-4.3	1
10757	-4.3	0
10760	-4.3	0
10761	-4.3	0
10764	-4.3	0
10770	-4.3	0
10771	-4.3	0
10774	-4.3	0
10775	-4.3	0
10777	-4.3	0
10778	-4.3	0
10780	-4.3	0
10781	-4.3	0
10785	-4.3	0
10789	-4.3	0
10790	-4.3	0
10794	-4.3	0
10795	-4.3	0
10797	-4.3	0
10798	-4.3	0
10804	-4.3	0
10805	-4.3	0
10807	-4.3	1
10808	-4.3	0
10809	-4.3	0
10812	-4.3	0
10814	-4.3	0
10815	-4.3	0
10817	-4.3	1
10819	-4.3	0
10830	-4.3	0
10831	-4.3	0
10835	-4.3	0
10847	-4.3	0
10848	-4.3	0
10849	-4.3	0
10850	-4.3	0
10851	-4.3	0
10852	-4.3	0
10853	-4.3	0
10854	-4.3	0
10855	-4.3	0
10856	-4.3	0
10857	-4.3	0
10858	-4.3	0
10859	-4.3	0
10860	-4.3	0
10861	-4.3	0
10862	-4.3	0
10863	-4.3	0
10866	-4.3	0
10867	-4.3	0
10868	-4.6	0
10869	-4.6	0
10870	-4.3	0
10880	-4.3	0
10882	-4.3	0
10883	-4.3	0
10885	-4.3	0
10891	-4.3	0
10892	-4.3	0
10893	-4.3	0
10907	-4.3	0
10911	-4.3	0
10935	-4.3	0
10937	-4.3	0
10938	-4.3	0
10939	-4.3	0
10943	-4.3	0
10944	-4.3	0
10945	-4.3	0
10950	-4.3	0
10953	-4.3	0
10957	-4.3	0
10959	-4.3	0
10960	-4.3	0
10961	-4.3	0
10962	-4.3	0
10963	-4.3	0
10964	-4.3	0
10966	-4.3	0
10967	-4.3	0
10968	-4.3	0
10972	-4.3	0
10979	-4.3	0
10980	-4.3	0
10981	-4.3	0
10982	-4.3	0
10983	-4.3	0
10985	-4.3	0
10986	-4.3	0
10993	-4.3	0
10995	-4.3	0
10998	-4.3	0
11000	-4.3	0
11001	-4	0
11007	-4.6	0
11008	-4.3	0
11009	-4.3	0
11025	-4.3	0
11027	-4.3	0
11041	-4.3	0
11042	-4.3	0
11046	-4	0
11064	-4.3	0
11065	-4.3	0
11074	-4.3	0
11075	-4.3	0
11078	-4.3	0
11081	-4.3	0
11082	-4.3	0
11084	-4.3	0
11085	-4.3	0
11089	-4.3	0
11091	-4	0
11098	-4.3	0
11099	-4.3	0
11102	-4.3	0
11108	-4.3	0
11109	-4.3	0
11112	-4.3	0
11114	-4	0
11116	-4.3	0
11118	-4.3	0
11120	-4	0
11134	-4.3	0
11135	-4.3	0
11137	-4.3	0
11138	-4.3	0
11139	-4.3	0
11140	-4.3	0
11141	-4.3	0
11142	-4.3	0
11143	-4.3	0
11144	-4.3	0
11145	-4.3	0
11146	-4.3	0
11147	-4.3	0
11148	-4.3	0
11149	-4.3	0
11150	-4.3	0
11151	-4.3	0
11152	-4.3	0
11153	-4.3	0
11154	-4.3	0
11155	-4.3	0
11156	-4.3	0
11158	-4.3	0
11159	-4.3	0
11160	-4.3	0
11161	-4.3	0
11163	-4.3	0
11164	-4.3	0
11165	-4.3	0
11166	-4.3	0
11167	-4.3	0
11168	-4.3	0
11169	-4.3	0
11170	-4.3	0
11171	-4.3	0
11172	-4.3	0
11173	-4.3	0
11174	-4.3	0
11175	-4.3	0
11176	-4.3	0
11179	-4.3	0
11180	-4.3	0
11184	-4.3	0
11185	-4.3	0
11187	-4.3	0
11188	-4.3	0
11189	-4.3	0
11190	-4.3	0
11191	-4.3	0
11192	-4.3	0
11193	-4.3	0
11194	-4.3	0
11195	-4.3	0
11196	-4.3	0
11197	-4.3	0
11198	-4.3	0
11199	-4.3	0
11201	-4.3	0
11202	-4.3	0
11203	-4.3	0
11204	-4.3	0
11207	-4.3	0
11208	-4.3	0
11209	-4.3	0
11210	-4.3	0
11211	-4.3	0
11212	-4.3	0
11214	-4.3	0
11215	-4.3	0
11216	-4.3	0
11217	-4.3	0
11221	-4.3	0
11222	-4.3	0
11226	-4.3	0
11228	-4.3	0
11231	-4.3	0
11232	-4.3	0
11233	-4.3	0
11236	-4.3	0
11237	-4.3	0
11238	-4.3	0
11240	-4.3	0
11243	-4.3	0
11244	-4.3	0
11245	-4.3	0
11247	-4.3	0
11249	-4.3	0
11250	-4.3	0
11252	-4.3	0
11253	-4.3	0
11254	-4.3	0
11255	-4.3	0
11256	-4.3	0
11258	-4.3	0
11275	-4.3	0
11278	-4.3	0
11279	-4.3	0
11280	-4.3	0
11281	-4.3	0
11282	-4.3	0
11283	-4.3	0
11284	-4.3	0
11285	-4.3	0
11286	-4.3	0
11287	-4.3	0
11288	-4.3	0
11289	-4.3	0
11290	-4.3	0
11292	-4.3	0
11294	-4.3	0
11295	-4.3	0
11298	-4	0
11299	-4.3	0
11300	-4.3	0
11301	-4.3	0
11302	-4.3	0
11303	-4.3	0
11304	-4.3	0
11305	-4.3	0
11306	-4.3	0
11309	-4.3	0
11310	-4.3	0
11311	-4.3	0
11312	-4.3	0
11314	-4.3	0
11315	-4.3	0
11316	-4.3	0
11317	-4.3	0
11318	-4.3	0
11319	-4.3	0
11320	-4.3	0
11321	-4.3	0
11322	-4.3	0
11323	-4.3	0
11324	-4.3	0
11325	-4.3	0
11326	-4.3	0
11328	-4.3	0
11329	-4.3	0
11332	-4.3	0
11333	-4.3	0
11334	-4	1
11335	-4.3	0
11336	-4.3	0
11337	-4.3	0
11338	-4.3	0
11339	-4.3	0
11343	-4.3	0
11346	-4.3	1
11349	-4.3	0
11352	-4.3	0
11353	-4.3	0
11354	-4.3	0
11356	-4.3	1
11357	-4.3	0
11358	-4.3	0
11360	-4	0
11362	-4.3	0
11363	-4.3	0
11366	-4.3	0
11369	-4.3	0
11370	-4.3	0
11371	-4.3	0
11372	-4.3	0
11373	-4.3	0
11379	-4	0
11380	-4.3	1
11385	-4.3	0
11392	-4	0
11393	-4.3	0
11395	-4	0
11396	-4.3	0
11422	-4	0
11428	-4	0
11433	-4	0
11458	-4	1
11461	-4	0
11476	-4	0
11484	-4	0
11487	-4	0
11490	-4	0
11494	-4	0
11503	-4	0
11509	-4	0
11510	-4	0
11527	-4.3	0
11528	-4.3	0
11532	-4	0
11547	-4.3	0
11548	-4.3	0
11549	-4.3	0
11552	-4	0
11553	-4	0
11555	-4	0
11556	-4	0
11557	-4	0
11558	-4	0
11559	-4	0
11562	-4.3	0
11563	-4.3	0
11564	-4.3	0
11567	-4.3	1
11571	-4	0
11577	-4	0
11578	-4	0
11579	-4	0
11580	-4	0
11581	-4.3	0
11591	-4	0
11592	-4	0
11601	-4	0
11609	-4	0
11613	-4	0
11615	-4	0
11619	-4	0
11621	-4	0
11622	-4	0
11625	-4	0
11629	-4.3	0
11632	-4	0
11633	-4	0
11640	-4.3	0
11642	-4.3	0
11643	-4	0
11645	-4	0
11647	-4.3	0
11649	-4.3	1
11650	-4	0
11651	-4.3	0
11652	-4	0
11654	-4.3	1
11655	-4.3	0
11657	-4	0
11673	-4.3	0
11678	-4.3	0
11684	-4.3	0
11685	-4.3	0
11687	-4.3	0
11701	-4.3	0
11705	-4.3	0
11706	-4.3	0
11715	-4.3	0
11716	-4.3	0
11719	-4.3	0
11721	-4.3	0
11722	-4.3	0
11726	-4.3	0
11727	-4.3	0
11731	-4.3	0
11738	-4.3	0
11740	-4.3	0
11742	-4.3	0
11747	-4.3	0
11748	-4.3	0
11749	-4.3	0
11752	-4.3	0
11755	-4.3	1
11756	-4.3	0
11759	-4	0
11774	-4.3	0
11779	-4.3	0
11785	-4.3	0
11786	-4.3	0
11788	-4.3	0
11802	-4.3	0
11806	-4.3	0
11807	-4.3	0
11816	-4.3	0
11817	-4.3	0
11820	-4.3	0
11822	-4.3	0
11823	-4.3	0
11827	-4.3	0
11828	-4.3	0
11832	-4.3	0
11839	-4.3	0
11841	-4.3	0
11843	-4.3	0
11848	-4.3	0
11849	-4.3	0
11850	-4.3	0
11853	-4.3	0
11856	-4.3	1
11857	-4.3	0
11874	-4.3	0
11875	-4.3	0
11877	-4.3	0
11881	-4.3	0
11882	-4.3	0
11890	-4.3	0
11891	-4.3	0
11892	-4.3	0
11894	-4.3	0
11896	-4.3	0
11897	-4.3	0
11908	-4.3	0
11909	-4.3	0
11910	-4.3	0
11915	-4.3	0
11916	-4.3	0
11917	-4.3	0
11931	-4.3	0
11932	-4.3	0
11933	-4.3	0
11935	-4.3	0
11936	-4.3	0
11937	-4.3	0
11949	-4.3	0
11950	-4.3	0
11962	-4.3	0
11966	-4.3	0
11967	-4.3	0
11979	-4	0
11990	-4.3	0
11992	-4.3	0
11995	-4.3	0
11996	-4.3	0
11997	-4.3	0
12006	-4.3	0
12007	-4.3	0
12012	-4.3	0
12026	-4.3	0
12029	-4.3	0
12030	-4.3	0
12033	-4.3	0
12039	-4.3	0
12040	-4.3	0
12043	-4.3	0
12044	-4.3	0
12046	-4.3	0
12047	-4.3	0
12049	-4.3	0
12050	-4.3	0
12054	-4.3	0
12058	-4.3	0
12059	-4.3	0
12063	-4.3	0
12064	-4.3	0
12066	-4.3	0
12067	-4.3	0
12073	-4.3	0
12074	-4.3	0
12076	-4.3	0
12077	-4.3	0
12078	-4.3	0
12081	-4.3	0
12083	-4.3	0
12084	-4.3	0
12086	-4.3	1
12088	-4.3	0
12091	-4	0
12101	-4.3	0
12103	-4.3	0
12106	-4.3	0
12107	-4.3	0
12108	-4.3	0
12117	-4.3	0
12118	-4.3	0
12123	-4.3	0
12137	-4.3	0
12140	-4.3	0
12141	-4.3	0
12144	-4.3	0
12150	-4.3	0
12151	-4.3	0
12154	-4.3	0
12155	-4.3	0
12157	-4.3	0
12158	-4.3	0
12160	-4.3	0
12161	-4.3	0
12165	-4.3	0
12169	-4.3	0
12170	-4.3	0
12174	-4.3	0
12175	-4.3	0
12177	-4.3	0
12178	-4.3	0
12184	-4.3	0
12185	-4.3	0
12187	-4.3	1
12188	-4.3	0
12189	-4.3	0
12192	-4.3	0
12194	-4.3	0
12195	-4.3	0
12197	-4.3	1
12199	-4.3	0
12211	-4.3	0
12213	-4.3	0
12215	-4.3	0
12216	-4.3	0
12217	-4.3	0
12218	-4.3	0
12227	-4.3	0
12228	-4.3	0
12233	-4.3	0
12247	-4.3	0
12248	-4.3	0
12250	-4.3	0
12251	-4.3	0
12254	-4.3	0
12260	-4.3	0
12261	-4.3	0
12264	-4.3	0
12265	-4.3	0
12267	-4.3	0
12268	-4.3	0
12270	-4.3	0
12271	-4.3	0
12275	-4.3	0
12279	-4.3	0
12280	-4.3	0
12284	-4.3	0
12285	-4.3	0
12287	-4.3	0
12288	-4.3	0
12294	-4.3	0
12295	-4.3	0
12297	-4.3	0
12299	-4.3	0
12302	-4.3	0
12305	-4.3	0
12307	-4.3	1
12309	-4.3	0
12316	-4.3	0
12319	-4	0
12321	-4	0
12332	-4.3	0
12337	-4.3	0
12352	-4.3	0
12353	-4.3	0
12356	-4.3	0
12357	-4.3	0
12358	-4.3	0
12361	-4.3	1
12375	-4.3	1
12380	-4.3	0
12381	-4.3	0
12388	-4.3	0
12393	-4.3	0
12394	-4.3	0
12398	-4.3	0
12399	-4.3	0
12400	-4.3	0
12402	-4.3	0
12404	-4.3	0
12405	-4.3	0
12409	-4.3	0
12410	-4.3	0
12414	-4.3	0
12417	-4.3	0
12421	-4.3	0
12423	-4.3	0
12426	-4.3	0
12432	-4.3	0
12434	-4.3	0
12435	-4.3	0
12436	-4.3	0
12438	-4.3	0
12441	-4.3	0
12443	-4.3	0
12445	-4.3	1
12447	-4.3	1
12473	-4.3	0
12474	-4.3	0
12479	-4.3	0
12480	-4.3	0
12481	-4	0
12488	-4.3	0
12490	-4.3	0
12493	-4.3	0
12494	-4.3	0
12495	-4.3	0
12504	-4.3	0
12505	-4.3	0
12510	-4.3	1
12524	-4.3	1
12527	-4.3	0
12528	-4.3	0
12531	-4.3	0
12537	-4.3	0
12538	-4.3	0
12541	-4.3	0
12542	-4.3	0
12544	-4.3	0
12545	-4.3	0
12547	-4.3	0
12548	-4.3	0
12552	-4.3	0
12556	-4.3	0
12557	-4.3	0
12561	-4.3	0
12562	-4.3	0
12564	-4.3	0
12565	-4.3	0
12571	-4.3	0
12572	-4.3	0
12574	-4.3	1
12575	-4.3	0
12576	-4.3	0
12579	-4.3	0
12581	-4.3	0
12582	-4.3	0
12584	-4.3	1
12586	-4.3	1
12589	-4	0
12599	-4.3	0
12604	-4.3	0
12619	-4.3	0
12620	-4.3	0
12623	-4.3	0
12624	-4.3	0
12625	-4.3	0
12628	-4.3	0
12629	-4	0
12642	-4.3	0
12647	-4.3	0
12648	-4.3	0
12655	-4.3	0
12660	-4.3	0
12661	-4.3	0
12665	-4.3	0
12666	-4.3	0
12667	-4.3	0
12669	-4.3	0
12671	-4.3	0
12672	-4.3	0
12676	-4.3	0
12677	-4.3	0
12681	-4.3	0
12684	-4.3	0
12688	-4.3	0
12690	-4.3	0
12693	-4.3	0
12699	-4.3	0
12701	-4.3	0
12702	-4.3	0
12703	-4.3	0
12705	-4.3	0
12708	-4.3	0
12710	-4.3	0
12712	-4.3	0
12714	-4.3	0
12717	-4	0
12726	-4.3	0
12731	-4.3	0
12746	-4.3	0
12747	-4.3	0
12750	-4.3	0
12751	-4.3	0
12752	-4.3	0
12755	-4.3	0
12757	-4	0
12769	-4.3	0
12774	-4.3	0
12775	-4.3	0
12782	-4.3	0
12787	-4.3	0
12788	-4.3	0
12792	-4.3	0
12793	-4.3	0
12794	-4.3	0
12796	-4.3	0
12798	-4.3	0
12799	-4.3	0
12803	-4.3	0
12804	-4.3	0
12808	-4.3	0
12811	-4.3	0
12815	-4.3	0
12817	-4.3	0
12820	-4.3	0
12826	-4.3	0
12828	-4.3	0
12829	-4.3	0
12830	-4.3	0
12832	-4.3	0
12835	-4.3	0
12837	-4.3	0
12839	-4.3	0
12841	-4.3	0
12861	-4.3	0
12862	-4.3	0
12863	-4.3	0
12871	-4.3	0
12873	-4.3	0
12875	-4.3	0
12876	-4.3	0
12877	-4.3	0
12878	-4.3	0
12881	-4.3	0
12885	-4.3	0
12886	-4.3	0
12887	-4.3	0
12910	-4.3	0
12911	-4.3	0
12916	-4.3	0
12917	-4.3	0
12918	-4.3	0
12919	-4.3	0
12920	-4.3	0
12921	-4.3	0
12922	-4.3	0
12923	-4.3	0
12924	-4.3	0
12925	-4.3	0
12926	-4.3	0
12927	-4.3	0
12928	-4.3	0
12929	-4.3	0
12930	-4.3	0
12931	-4.3	0
12932	-4.3	0
12940	-4.3	0
12941	-4.3	0
12944	-4.3	0
12945	-4.3	0
12946	-4.6	0
12950	-4.3	0
12952	-4.3	0
12966	-4.3	0
12967	-4.3	0
12971	-4	1
12989	-4.3	0
12990	-4.3	0
12999	-4.3	0
13000	-4.3	0
13003	-4.3	0
13006	-4.3	0
13007	-4.3	0
13009	-4.3	0
13010	-4.3	0
13014	-4.3	0
13016	-4	0
13023	-4.3	0
13024	-4.3	0
13027	-4.3	0
13033	-4.3	0
13034	-4.3	0
13037	-4.3	0
13039	-4	1
13041	-4.3	0
13043	-4.3	0
13045	-4	1
13051	-4	0
13055	-4.3	0
13060	-4.3	0
13069	-4.3	0
13070	-4.3	0
13075	-4.3	0
13076	-4.3	0
13079	-4.3	0
13080	-4.3	0
13081	-4.3	0
13084	-4.3	0
13090	-4	0
13098	-4.3	0
13103	-4.3	0
13104	-4.3	0
13116	-4.3	0
13117	-4.3	0
13121	-4.3	0
13122	-4.3	0
13125	-4.3	0
13127	-4.3	0
13128	-4.3	0
13132	-4.3	0
13133	-4.3	0
13137	-4.3	0
13140	-4.3	0
13144	-4.3	0
13146	-4.3	0
13149	-4.3	0
13155	-4.3	0
13157	-4.3	0
13158	-4.3	0
13159	-4.3	0
13161	-4.3	0
13164	-4.3	0
13166	-4.3	0
13168	-4.3	0
13170	-4.3	0
13173	-4	0
13176	-4.3	0
13181	-4.3	0
13190	-4.3	0
13191	-4.3	0
13196	-4.3	0
13197	-4.3	0
13200	-4.3	0
13201	-4.3	0
13202	-4.3	0
13205	-4.3	0
13212	-4	0
13219	-4.3	0
13224	-4.3	0
13225	-4.3	0
13237	-4.3	0
13238	-4.3	0
13242	-4.3	0
13243	-4.3	0
13246	-4.3	0
13248	-4.3	0
13249	-4.3	0
13253	-4.3	0
13254	-4.3	0
13258	-4.3	0
13261	-4.3	0
13265	-4.3	0
13267	-4.3	0
13270	-4.3	0
13276	-4.3	0
13278	-4.3	0
13279	-4.3	0
13280	-4.3	0
13282	-4.3	0
13285	-4.3	0
13287	-4.3	0
13289	-4.3	0
13291	-4.3	0
13302	-4.3	0
13303	-4.3	0
13307	-4.3	0
13308	-4.3	0
13309	-4.3	0
13319	-4.3	0
13321	-4.3	0
13322	-4.3	0
13324	-4.3	0
13327	-4.3	0
13331	-4.3	0
13332	-4.3	0
13333	-4.3	0
13336	-4	0
13337	-4.3	0
13341	-4	0
13342	-4.3	0
13351	-4.3	0
13352	-4.3	0
13357	-4.3	0
13358	-4.3	0
13361	-4.3	0
13362	-4.3	0
13363	-4.3	0
13366	-4.3	1
13380	-4.3	0
13385	-4.3	0
13386	-4.3	0
13398	-4.3	0
13399	-4.3	0
13403	-4.3	0
13404	-4.3	0
13407	-4.3	0
13409	-4.3	0
13410	-4.3	0
13414	-4.3	0
13415	-4.3	0
13419	-4.3	0
13422	-4.3	0
13426	-4.3	0
13428	-4.3	0
13431	-4.3	0
13437	-4.3	0
13439	-4.3	0
13440	-4.3	0
13441	-4.3	0
13443	-4.3	0
13446	-4.3	0
13448	-4.3	0
13450	-4.3	1
13452	-4.3	0
13455	-4.3	0
13456	-4.3	0
13457	-4.3	0
13458	-4.3	0
13459	-4.3	0
13460	-4.3	0
13461	-4.3	0
13462	-4.3	0
13463	-4.3	0
13464	-4.3	0
13465	-4.3	0
13466	-4.3	0
13467	-4.3	0
13468	-4.3	0
13469	-4.3	0
13470	-4.3	0
13471	-4.3	0
13473	-4.3	0
13474	-4.3	0
13477	-4	1
13478	-4.3	0
13479	-4.3	0
13480	-4.3	0
13481	-4.3	0
13482	-4.3	0
13483	-4.3	0
13484	-4.3	0
13485	-4.3	0
13488	-4.3	0
13489	-4.3	0
13490	-4.3	0
13491	-4.3	0
13493	-4.3	0
13494	-4.3	0
13495	-4.3	0
13496	-4.3	0
13497	-4.3	0
13498	-4.3	0
13499	-4.3	0
13500	-4.3	0
13501	-4.3	0
13502	-4.3	0
13503	-4.3	0
13504	-4.3	0
13505	-4.3	0
13507	-4.3	0
13508	-4.3	0
13511	-4.3	0
13512	-4.3	0
13513	-4	0
13514	-4.3	0
13515	-4.3	0
13516	-4.3	0
13517	-4.3	0
13518	-4.3	0
13522	-4.3	0
13525	-4.3	1
13528	-4.3	0
13531	-4.3	0
13532	-4.3	0
13533	-4.3	0
13535	-4.3	1
13536	-4.3	0
13537	-4.3	0
13539	-4	0
13541	-4.3	0
13542	-4.3	0
13545	-4.3	0
13548	-4.3	0
13549	-4.3	0
13550	-4.3	0
13551	-4.3	0
13552	-4.3	0
13558	-4	1
13559	-4.3	1
13564	-4.3	0
13571	-4.3	0
13572	-4.3	0
13573	-4.3	0
13574	-4.3	1
13575	-4.3	0
13576	-4.3	0
13577	-4.3	0
13582	-4.3	0
13595	-4.3	0
13597	-4.3	0
13608	-4.3	0
13612	-4.3	0
13613	-4.3	0
13614	-4.3	0
13615	-4.3	1
13616	-4.3	0
13617	-4.3	0
13618	-4.3	0
13623	-4.3	0
13636	-4.3	0
13638	-4.3	0
13649	-4.3	0
13653	-4.3	0
13654	-4.3	0
13655	-4.3	0
13656	-4.3	1
13657	-4.3	0
13658	-4.3	0
13659	-4.3	0
13664	-4.3	0
13677	-4.3	0
13679	-4.3	0
13689	-4.3	0
13692	-4	0
13693	-4.3	0
13696	-4.3	0
13697	-4.3	0
13698	-4.3	0
13707	-4.3	0
13708	-4.3	0
13713	-4.3	1
13727	-4.3	0
13730	-4.3	0
13731	-4.3	0
13734	-4.3	0
13740	-4.3	0
13741	-4.3	0
13744	-4.3	0
13745	-4.3	0
13747	-4.3	0
13748	-4.3	0
13750	-4.3	0
13751	-4.3	0
13755	-4.3	0
13759	-4.3	0
13760	-4.3	0
13764	-4.3	0
13765	-4.3	0
13767	-4.3	0
13768	-4.3	0
13774	-4.3	0
13775	-4.3	0
13777	-4.3	1
13778	-4.3	0
13779	-4.3	0
13782	-4.3	0
13784	-4.3	0
13785	-4.3	0
13787	-4.3	1
13789	-4.3	0
13792	-4.3	0
13793	-4.3	0
13794	-4.3	0
13797	-4	0
13798	-4.3	0
13799	-4.3	0
13800	-4.3	0
13801	-4.3	0
13802	-4.3	0
13803	-4.3	0
13804	-4.3	0
13805	-4.3	0
13808	-4.3	0
13809	-4.3	0
13810	-4.3	0
13811	-4.3	0
13813	-4.3	0
13814	-4.3	0
13815	-4.3	0
13816	-4.3	0
13817	-4.3	0
13818	-4.3	0
13819	-4.3	0
13820	-4.3	0
13821	-4.3	0
13822	-4.3	0
13823	-4.3	0
13824	-4.3	0
13825	-4.3	0
13827	-4.3	0
13828	-4.3	0
13831	-4.3	0
13832	-4.3	0
13833	-4	0
13834	-4.3	0
13835	-4.3	0
13836	-4.3	0
13837	-4.3	0
13838	-4.3	0
13842	-4.3	0
13845	-4.3	1
13848	-4.3	0
13851	-4.3	0
13852	-4.3	0
13853	-4.3	0
13855	-4.3	1
13856	-4.3	0
13857	-4.3	0
13859	-4	1
13861	-4.3	0
13862	-4.3	0
13865	-4.3	0
13868	-4.3	0
13869	-4.3	0
13870	-4.3	0
13871	-4.3	0
13872	-4.3	0
13878	-4	0
13879	-4.3	1
13884	-4.3	0
13891	-4.6	0
13904	-4.3	0
13905	-4.3	0
13909	-4	0
13927	-4.3	0
13928	-4.3	0
13937	-4.3	0
13938	-4.3	0
13941	-4.3	0
13944	-4.3	0
13945	-4.3	0
13947	-4.3	0
13948	-4.3	0
13952	-4.3	0
13954	-4	1
13961	-4.3	0
13962	-4.3	0
13965	-4.3	0
13971	-4.3	0
13972	-4.3	0
13975	-4.3	0
13977	-4	0
13979	-4.3	0
13981	-4.3	0
13983	-4	0
13985	-4.3	0
13993	-4.3	0
13994	-4.3	0
13995	-4.3	0
14009	-4.3	0
14010	-4.3	0
14011	-4.3	0
14013	-4.3	0
14014	-4.3	0
14015	-4.3	0
14027	-4.3	0
14028	-4.3	0
14040	-4.3	0
14044	-4.3	0
14045	-4.3	0
14060	-4.3	0
14061	-4.3	0
14062	-4.3	0
14076	-4.3	0
14077	-4.3	0
14078	-4.3	0
14080	-4.3	0
14081	-4.3	0
14082	-4.3	0
14094	-4.3	0
14095	-4.3	0
14107	-4.3	0
14111	-4.3	0
14112	-4.3	0
14126	-4.3	0
14127	-4.3	0
14128	-4.3	0
14144	-4.3	0
14145	-4.3	0
14146	-4.3	0
14147	-4.3	0
14148	-4.3	0
14151	-4.3	0
14152	-4.3	0
14153	-4.3	0
14159	-4.3	0
14170	-4.3	0
14171	-4.3	0
14172	-4.3	0
14176	-4.3	0
14177	-4.3	0
14178	-4.3	0
14179	-4.3	0
14188	-4.3	0
14189	-4.3	0
14202	-4.3	0
14203	-4.3	0
14206	-4.3	0
14213	-4.3	0
14219	-4.3	0
14224	-4.3	0
14235	-4.3	0
14236	-4.3	0
14238	-4.3	0
14239	-4.3	0
14243	-4.3	0
14249	-4.3	0
14250	-4.3	0
14251	-4.3	0
14252	-4.3	0
14253	-4.3	0
14257	-4.3	0
14263	-4.3	0
14265	-4.3	0
14267	-4.3	1
14275	-4.6	1
14277	-4.3	0
14278	-4.3	0
14279	-4.3	0
14293	-4.3	0
14294	-4.3	0
14295	-4.3	0
14297	-4.3	0
14298	-4.3	0
14299	-4.3	0
14311	-4.3	0
14312	-4.3	0
14324	-4.3	0
14328	-4.3	0
14329	-4.3	0
14341	-4.3	0
14344	-4.3	0
14345	-4.3	0
14349	-4.3	0
14350	-4.3	0
14351	-4.3	0
14352	-4.3	0
14353	-4.3	0
14354	-4.3	0
14355	-4.3	0
14356	-4.3	0
14360	-4.3	0
14369	-4.3	0
14372	-4.3	0
14374	-4.3	0
14375	-4.3	0
14376	-4.3	0
14393	-4.3	0
14397	-4.3	0
14405	-4.3	0
14407	-4.3	0
14408	-4.3	0
14412	-4.3	0
14413	-4.3	0
14414	-4.3	0
14415	-4.3	0
14416	-4.3	0
14417	-4.3	0
14418	-4.3	0
14419	-4.3	0
14423	-4.3	0
14432	-4.3	0
14435	-4.3	0
14437	-4.3	0
14438	-4.3	0
14439	-4.3	0
14456	-4.3	0
14460	-4.3	0
14468	-4.3	0
14469	-4.3	0
14470	-4.3	0
14474	-4.3	0
14475	-4.3	0
14476	-4.3	0
14477	-4.3	0
14478	-4.3	0
14479	-4.3	0
14480	-4.3	0
14481	-4.3	0
14485	-4.3	0
14494	-4.3	0
14497	-4.3	0
14499	-4.3	0
14500	-4.3	0
14501	-4.3	0
14518	-4.3	0
14522	-4.3	0
14526	-4.3	1
14530	-4.6	0
14561	-4.3	0
14565	-4.3	0
14571	-4.3	0
14584	-4.3	0
14591	-4.6	0
14621	-4.3	0
14625	-4.3	0
14631	-4.3	0
14644	-4.3	0
14647	-4.3	1
14651	-4.3	0
14653	-4	0
14654	-4	0
14663	-4.3	0
14664	-4.3	0
14665	-4.3	0
14666	-4.3	0
14667	-4.3	0
14668	-4.3	0
14669	-4.3	0
14670	-4.3	0
14671	-4.3	0
14672	-4.3	0
14673	-4.3	0
14674	-4.3	0
14675	-4.3	0
14681	-4.3	0
14683	-4.3	0
14689	-4.3	1
14691	-4.3	0
14695	-4	0
14698	-4	0
14700	-4.3	1
14701	-4.3	0
14706	-4.3	0
14708	-4	0
14709	-4	0
14715	-4.3	0
14717	-4.3	1
14721	-4.3	0
14722	-4.3	0
14723	-4	0
14724	-4.3	0
14725	-4.3	0
14726	-4	0
14730	-4.3	0
14732	-4	0
14733	-4	0
14742	-4.3	0
14743	-4.3	0
14744	-4.3	0
14745	-4.3	0
14746	-4.3	0
14747	-4.3	0
14748	-4.3	0
14749	-4.3	0
14750	-4.3	0
14751	-4.3	0
14752	-4.3	0
14753	-4.3	0
14754	-4.3	0
14760	-4.3	0
14762	-4.3	0
14768	-4.3	1
14770	-4.3	0
14774	-4	0
14777	-4	0
14779	-4.3	1
14780	-4.3	0
14785	-4.3	0
14787	-4	0
14788	-4	0
14794	-4.3	0
14796	-4.3	1
14800	-4.3	0
14801	-4.3	0
14802	-4	0
14803	-4.3	0
14804	-4.3	0
14805	-4	0
14809	-4.3	0
14821	-4.3	0
14822	-4.3	0
14823	-4.3	0
14824	-4.3	0
14825	-4.3	0
14826	-4.3	0
14827	-4.3	0
14828	-4.3	0
14829	-4.3	0
14830	-4.3	0
14831	-4.3	0
14832	-4.3	0
14833	-4.3	0
14836	-4	0
14837	-4	0
14839	-4.3	0
14841	-4.3	0
14845	-4	0
14846	-4	0
14847	-4.3	1
14849	-4.3	0
14852	-4	0
14855	-4	0
14858	-4.3	1
14859	-4.3	0
14860	-4	0
14862	-4	0
14864	-4.3	0
14873	-4.3	0
14875	-4.3	1
14876	-4	1
14877	-4	1
14879	-4.3	0
14880	-4.3	0
14882	-4.3	0
14883	-4.3	0
14899	-4.3	0
14903	-4.3	0
14911	-4.3	1
14925	-4.3	0
14927	-4.3	0
14929	-4.3	0
14930	-4.3	0
14931	-4.3	0
14935	-4.3	0
14936	-4.3	0
14937	-4.3	0
14942	-4.3	0
14945	-4.3	0
14949	-4.3	0
14951	-4.3	0
14952	-4.3	0
14953	-4.3	0
14954	-4.3	0
14955	-4.3	0
14956	-4.3	0
14958	-4.3	0
14959	-4.3	0
14960	-4.3	0
14964	-4.3	0
14971	-4.3	0
14972	-4.3	0
14973	-4.3	0
14974	-4.3	0
14975	-4.3	0
14977	-4.3	0
14978	-4.3	0
14985	-4.3	0
14987	-4.3	0
14988	-4.3	0
14990	-4.3	0
14992	-4.3	0
14994	-4.3	1
14996	-4.3	0
15006	-4.3	0
15007	-4.3	0
15012	-4.3	1
15026	-4.3	0
15029	-4.3	0
15030	-4.3	0
15033	-4.3	0
15039	-4.3	0
15040	-4.3	0
15043	-4.3	0
15044	-4.3	0
15046	-4.3	0
15047	-4.3	0
15049	-4.3	0
15050	-4.3	0
15054	-4.3	0
15058	-4.3	0
15059	-4.3	0
15063	-4.3	0
15064	-4.3	0
15066	-4.3	0
15067	-4.3	0
15073	-4.3	0
15074	-4.3	0
15076	-4.3	1
15077	-4.3	0
15078	-4.3	0
15081	-4.3	0
15083	-4.3	0
15084	-4.3	0
15086	-4.3	1
15088	-4.3	0
15091	-4	0
15100	-4.3	0
15104	-4.3	0
15112	-4.3	0
15113	-4	0
15126	-4.3	0
15128	-4.3	0
15130	-4.3	0
15131	-4.3	0
15132	-4.3	0
15136	-4.3	0
15137	-4.3	0
15138	-4.3	0
15143	-4.3	0
15146	-4.3	0
15150	-4.3	0
15152	-4.3	0
15153	-4.3	0
15154	-4.3	0
15155	-4.3	0
15156	-4.3	0
15157	-4.3	0
15159	-4.3	0
15160	-4.3	0
15161	-4.3	0
15165	-4.3	0
15172	-4.3	0
15173	-4.3	0
15174	-4.3	0
15175	-4.3	0
15176	-4.3	0
15178	-4.3	0
15179	-4.3	0
15186	-4.3	0
15188	-4.3	0
15189	-4.3	0
15191	-4.3	0
15193	-4.3	0
15195	-4.3	0
15197	-4.3	0
15200	-4	0
15208	-4.3	0
15212	-4.3	0
15220	-4.3	0
15222	-4	0
15234	-4.3	0
15236	-4.3	0
15238	-4.3	0
15239	-4.3	0
15240	-4.3	0
15244	-4.3	0
15245	-4.3	0
15246	-4.3	0
15251	-4.3	0
15254	-4.3	0
15258	-4.3	0
15260	-4.3	0
15261	-4.3	0
15262	-4.3	0
15263	-4.3	0
15264	-4.3	0
15265	-4.3	0
15267	-4.3	0
15268	-4.3	0
15269	-4.3	0
15273	-4.3	0
15280	-4.3	0
15281	-4.3	0
15282	-4.3	0
15283	-4.3	0
15284	-4.3	0
15286	-4.3	0
15287	-4.3	0
15294	-4.3	0
15296	-4.3	0
15297	-4.3	0
15299	-4.3	0
15301	-4.3	0
15303	-4.3	0
15305	-4.3	0
15318	-4.3	0
15319	-4.3	0
15321	-4.3	0
15322	-4.3	0
15325	-4.3	0
15328	-4.3	0
15330	-4.3	0
15331	-4.3	0
15333	-4.3	0
15334	-4.3	0
15335	-4.3	0
15336	-4	0
15338	-4.3	0
15339	-4.3	0
15347	-4.3	0
15351	-4.3	0
15359	-4.3	1
15373	-4.3	0
15375	-4.3	0
15377	-4.3	0
15378	-4.3	0
15379	-4.3	0
15383	-4.3	0
15384	-4.3	0
15385	-4.3	0
15390	-4.3	0
15393	-4.3	0
15397	-4.3	0
15399	-4.3	0
15400	-4.3	0
15401	-4.3	0
15402	-4.3	0
15403	-4.3	0
15404	-4.3	0
15406	-4.3	0
15407	-4.3	0
15408	-4.3	0
15412	-4.3	0
15419	-4.3	0
15420	-4.3	0
15421	-4.3	0
15422	-4.3	0
15423	-4.3	0
15425	-4.3	0
15426	-4.3	0
15433	-4.3	0
15435	-4.3	0
15436	-4.3	0
15438	-4.3	0
15440	-4.3	0
15442	-4.3	1
15444	-4.3	0
15447	-4.3	0
15448	-4.3	0
15451	-4.3	0
15452	-4.3	0
15453	-4.6	0
15456	-4.3	0
15457	-4.3	0
15459	-4	1
15460	-4	1
15479	-4.3	0
15480	-4.3	0
15489	-4.3	0
15490	-4.3	0
15491	-4	0
15493	-4.3	0
15495	-4	0
15496	-4.3	0
15497	-4.3	0
15499	-4.3	0
15500	-4.3	0
15504	-4.3	0
15505	-4	0
15510	-4	1
15513	-4.3	0
15514	-4.3	0
15517	-4.3	0
15523	-4.3	0
15524	-4.3	0
15525	-4	0
15527	-4.3	0
15531	-4.3	0
15533	-4.3	0
15541	-4	0
15545	-4.3	0
15549	-4.3	0
15555	-4.3	0
15556	-4.3	0
15557	-4.3	0
15563	-4	0
15571	-4.3	0
15573	-4.3	0
15575	-4.3	0
15576	-4.3	0
15577	-4.3	0
15581	-4.3	0
15582	-4.3	0
15588	-4.3	0
15591	-4.3	0
15595	-4.3	0
15597	-4.3	0
15598	-4.3	0
15600	-4.3	0
15601	-4.3	0
15602	-4.3	0
15604	-4.3	0
15605	-4.3	0
15606	-4.3	0
15610	-4.3	0
15617	-4.3	0
15618	-4.3	0
15619	-4.3	0
15620	-4.3	0
15621	-4.3	0
15624	-4.3	0
15631	-4.3	0
15633	-4.3	0
15634	-4.3	0
15636	-4.3	0
15638	-4.3	0
15640	-4.3	0
15642	-4.3	0
15645	-4	0
15648	-4.3	0
15652	-4.3	0
15658	-4.3	0
15659	-4.3	0
15660	-4.3	0
15667	-4	0
15674	-4.3	0
15676	-4.3	0
15678	-4.3	0
15679	-4.3	0
15680	-4.3	0
15684	-4.3	0
15685	-4.3	0
15691	-4.3	0
15694	-4.3	0
15698	-4.3	0
15700	-4.3	0
15701	-4.3	0
15703	-4.3	0
15704	-4.3	0
15705	-4.3	0
15707	-4.3	0
15708	-4.3	0
15709	-4.3	0
15713	-4.3	0
15720	-4.3	0
15721	-4.3	0
15722	-4.3	0
15723	-4.3	0
15724	-4.3	0
15727	-4.3	0
15734	-4.3	0
15736	-4.3	0
15737	-4.3	0
15739	-4.3	0
15741	-4.3	0
15743	-4.3	0
15745	-4.3	0
15753	-4.3	0
15754	-4.3	0
15755	-4.3	0
15756	-4.3	0
15758	-4.3	0
15762	-4.3	0
15765	-4.3	0
15767	-4.3	0
15770	-4.3	0
15771	-4.3	0
15773	-4	0
15775	-4.3	0
15776	-4.3	0
15785	-4.3	0
15786	-4.3	0
15789	-4.3	0
15790	-4.3	0
15791	-4.3	0
15793	-4.3	0
15794	-4.3	0
15795	-4.3	0
15796	-4.3	0
15798	-4.3	0
15799	-4.3	0
15800	-4.3	0
15801	-4.3	0
15802	-4.3	0
15803	-4.3	0
15804	-4.3	0
15805	-4.3	0
15806	-4.3	0
15807	-4.3	0
15808	-4.3	0
15809	-4.3	0
15810	-4.3	0
15812	-4.3	0
15813	-4.3	0
15816	-4.3	0
15817	-4.3	0
15819	-4.3	0
15820	-4.3	0
15821	-4.3	0
15822	-4.3	0
15823	-4.3	0
15827	-4.3	0
15829	-4	0
15830	-4.3	1
15833	-4.3	0
15836	-4.3	0
15837	-4.3	0
15838	-4.3	0
15840	-4.3	1
15841	-4.3	0
15842	-4.3	0
15843	-4	0
15846	-4.3	0
15847	-4.3	0
15850	-4.3	0
15853	-4.3	0
15854	-4.3	0
15855	-4.3	0
15856	-4.3	0
15857	-4.3	0
15864	-4.3	1
15869	-4.3	0
15876	-4.3	0
15877	-4.3	0
15878	-4.3	0
15879	-4.3	0
15882	-4.3	0
15883	-4.3	0
15885	-4.3	0
15889	-4.3	0
15896	-4.3	0
15897	-4.3	0
15898	-4.3	0
15900	-4	0
15901	-4.3	0
15905	-4.3	0
15906	-4.3	0
15907	-4.3	0
15908	-4.3	0
15911	-4.3	0
15912	-4.3	0
15914	-4.3	0
15918	-4.3	0
15925	-4.3	0
15926	-4.3	0
15927	-4.3	0
15929	-4	0
15930	-4.3	0
15934	-4.3	0
15935	-4.3	0
15936	-4.3	0
15937	-4.3	0
15940	-4.3	0
15941	-4.3	0
15943	-4.3	0
15947	-4.3	0
15954	-4.3	0
15955	-4.3	0
15956	-4.3	0
15958	-4.3	0
15961	-4.3	0
15962	-4.3	0
15963	-4.3	0
15964	-4.3	0
15965	-4.3	0
15967	-4.3	0
15968	-4.3	0
15969	-4.3	0
15970	-4.3	0
15971	-4.3	0
15972	-4.3	0
15973	-4.3	0
15974	-4.3	0
15975	-4.3	0
15976	-4.3	0
15977	-4.3	0
15978	-4.3	0
15979	-4.3	0
15981	-4.3	0
15982	-4.3	0
15985	-4.3	0
15986	-4.3	0
15988	-4.3	0
15989	-4.3	0
15990	-4.3	0
15991	-4.3	0
15992	-4.3	0
15996	-4.3	0
15998	-4	0
15999	-4.3	1
16002	-4.3	0
16005	-4.3	0
16006	-4.3	0
16007	-4.3	0
16009	-4.3	1
16010	-4.3	0
16011	-4.3	0
16012	-4	0
16015	-4.3	0
16016	-4.3	0
16019	-4.3	0
16022	-4.3	0
16023	-4.3	0
16024	-4.3	0
16025	-4.3	0
16026	-4.3	0
16033	-4.3	1
16038	-4.3	0
16045	-4.6	0
16046	-4	0
16047	-4	0
16066	-4.3	0
16067	-4.3	0
16076	-4.3	0
16077	-4.3	0
16078	-4	0
16080	-4.3	0
16082	-4	0
16083	-4.3	0
16084	-4.3	0
16086	-4.3	0
16087	-4.3	0
16091	-4.3	0
16092	-4	0
16097	-4	0
16100	-4.3	0
16101	-4.3	0
16104	-4.3	0
16110	-4.3	0
16111	-4.3	0
16112	-4	1
16114	-4.3	0
16118	-4.3	0
16120	-4.3	0
16129	-4.3	0
16130	-4.3	0
16131	-4.3	0
16143	-4.3	0
16144	-4.3	0
16156	-4.3	0
16160	-4.3	0
16161	-4.3	0
16173	-4.3	0
16176	-4.3	0
16177	-4.3	0
16181	-4.3	0
16217	-4.3	0
16219	-4.3	0
16220	-4.3	0
16224	-4.3	0
16260	-4.3	0
16261	-4.3	0
16262	-4.3	0
16266	-4.3	0
16298	-4.3	0
16302	-4.6	0
16313	-4.3	0
16314	-4.3	0
16320	-4.3	0
16321	-4.3	0
16326	-4.3	0
16330	-4.3	0
16331	-4.3	0
16337	-4.3	0
16343	-4.6	0
16353	-4.3	0
16354	-4.3	0
16360	-4.3	0
16361	-4.3	0
16366	-4.3	0
16370	-4.3	0
16371	-4.3	0
16377	-4.3	0
16379	-4.3	1
16399	-4.3	0
16400	-4.3	0
16403	-4.3	0
16406	-4	0
16408	-4.3	0
16414	-4.3	0
16415	-4.3	0
16416	-4.3	0
16418	-4.3	0
16419	-4.3	0
16420	-4	0
16423	-4.3	0
16428	-4	0
16429	-4.3	0
16430	-4.3	0
16431	-4	1
16432	-4.3	0
16433	-4.3	0
16435	-4	0
16439	-4.3	0
16444	-4.3	0
16467	-4.3	0
16468	-4.3	0
16471	-4.3	0
16474	-4	0
16476	-4.3	0
16482	-4.3	0
16483	-4.3	0
16484	-4.3	0
16486	-4.3	0
16487	-4.3	0
16488	-4	0
16491	-4.3	0
16496	-4	0
16497	-4.3	0
16498	-4.3	0
16499	-4	1
16500	-4.3	0
16501	-4.3	0
16503	-4	0
16507	-4.3	0
16512	-4.3	0
16534	-4	0
16535	-4.3	0
16536	-4.3	0
16537	-4	0
16539	-4.3	0
16541	-4	0
16543	-4	0
16544	-4.3	0
16550	-4.3	0
16551	-4.3	0
16552	-4.3	0
16553	-4	0
16554	-4.3	0
16555	-4.3	0
16559	-4.3	0
16560	-4	0
16565	-4.3	0
16566	-4.3	0
16568	-4.3	0
16569	-4.3	0
16570	-4	1
16575	-4.3	0
16580	-4.3	0
16587	-4.3	1
16588	-4.3	0
16589	-4.3	0
16590	-4.3	0
16591	-4.3	1
16592	-4.3	1
16593	-4.3	0
16594	-4.3	0
16595	-4.3	0
16596	-4.3	1
16597	-4.3	1
16598	-4.3	0
16599	-4.3	0
16600	-4.3	0
16602	-4.3	0
16607	-4.3	0
16617	-4.3	0
16627	-4.3	0
16628	-4.3	0
16636	-4.3	0
16645	-4.3	1
16646	-4.3	1
16647	-4.3	0
16666	-4	0
16679	-4.3	0
16682	-4.3	0
16683	-4.3	0
16686	-4.3	0
16692	-4.3	0
16693	-4.3	0
16696	-4.3	0
16697	-4.3	0
16699	-4.3	0
16700	-4.3	0
16702	-4.3	0
16703	-4.3	0
16707	-4.3	0
16711	-4.3	0
16712	-4.3	0
16716	-4.3	0
16717	-4.3	0
16719	-4.3	0
16720	-4.3	0
16726	-4.3	0
16727	-4.3	0
16729	-4.3	0
16730	-4.3	0
16731	-4.3	0
16734	-4.3	0
16736	-4.3	0
16737	-4.3	0
16739	-4.3	0
16741	-4.3	0
16744	-4	0
16756	-4.3	0
16759	-4.3	0
16760	-4.3	0
16763	-4.3	0
16769	-4.3	0
16770	-4.3	0
16773	-4.3	0
16774	-4.3	0
16776	-4.3	0
16777	-4.3	0
16779	-4.3	0
16780	-4.3	0
16784	-4.3	0
16788	-4.3	0
16789	-4.3	0
16793	-4.3	0
16794	-4.3	0
16796	-4.3	0
16797	-4.3	0
16803	-4.3	0
16804	-4.3	0
16806	-4.3	0
16807	-4.3	0
16808	-4.3	0
16811	-4.3	0
16813	-4.3	0
16814	-4.3	0
16816	-4.3	0
16818	-4.3	0
16821	-4	0
16832	-4.3	0
16835	-4.3	0
16836	-4.3	0
16839	-4.3	0
16845	-4.3	0
16846	-4.3	0
16849	-4.3	0
16850	-4.3	0
16852	-4.3	0
16853	-4.3	0
16855	-4.3	0
16856	-4.3	0
16860	-4.3	0
16864	-4.3	0
16865	-4.3	0
16869	-4.3	0
16870	-4.3	0
16872	-4.3	0
16873	-4.3	0
16879	-4.3	0
16880	-4.3	0
16882	-4.3	0
16883	-4.3	0
16884	-4.3	0
16887	-4.3	0
16889	-4.3	0
16890	-4.3	0
16892	-4.3	0
16894	-4.3	0
16907	-4.3	1
16910	-4.3	0
16911	-4.3	0
16914	-4.3	0
16920	-4.3	0
16921	-4.3	0
16924	-4.3	0
16925	-4.3	0
16927	-4.3	0
16928	-4.3	0
16930	-4.3	0
16931	-4.3	0
16935	-4.3	0
16939	-4.3	0
16940	-4.3	0
16944	-4.3	0
16945	-4.3	0
16947	-4.3	0
16948	-4.3	0
16954	-4.3	0
16955	-4.3	0
16957	-4.3	1
16958	-4.3	0
16959	-4.3	0
16962	-4.3	0
16964	-4.3	0
16965	-4.3	0
16967	-4.3	1
16969	-4.3	1
16981	-4.3	0
16984	-4.3	0
16985	-4.3	0
16988	-4.3	0
16994	-4.3	0
16995	-4.3	0
16998	-4.3	0
16999	-4.3	0
17001	-4.3	0
17002	-4.3	0
17004	-4.3	0
17005	-4.3	0
17009	-4.3	0
17013	-4.3	0
17014	-4.3	0
17018	-4.3	0
17019	-4.3	0
17021	-4.3	0
17022	-4.3	0
17028	-4.3	0
17029	-4.3	0
17031	-4.3	1
17032	-4.3	0
17033	-4.3	0
17036	-4.3	0
17038	-4.3	0
17039	-4.3	0
17041	-4.3	1
17043	-4.3	0
17046	-4	0
17054	-4.3	0
17057	-4.3	0
17058	-4.3	0
17061	-4.3	0
17067	-4.3	0
17068	-4.3	0
17071	-4.3	0
17072	-4.3	0
17074	-4.3	0
17075	-4.3	0
17077	-4.3	0
17078	-4.3	0
17082	-4.3	0
17086	-4.3	0
17087	-4.3	0
17091	-4.3	0
17092	-4.3	0
17094	-4.3	0
17095	-4.3	0
17101	-4.3	0
17102	-4.3	0
17104	-4.3	1
17105	-4.3	0
17106	-4.3	0
17109	-4.3	0
17111	-4.3	0
17112	-4.3	0
17114	-4.3	0
17116	-4.3	0
17119	-4	0
17126	-4.3	0
17129	-4.3	0
17130	-4.3	0
17133	-4.3	0
17139	-4.3	0
17140	-4.3	0
17143	-4.3	0
17144	-4.3	0
17146	-4.3	0
17147	-4.3	0
17149	-4.3	0
17150	-4.3	0
17154	-4.3	0
17158	-4.3	0
17159	-4.3	0
17163	-4.3	0
17164	-4.3	0
17166	-4.3	0
17167	-4.3	0
17173	-4.3	0
17174	-4.3	0
17176	-4.3	1
17177	-4.3	0
17178	-4.3	0
17181	-4.3	0
17183	-4.3	0
17184	-4.3	0
17186	-4.3	0
17188	-4.3	0
17191	-4	0
17197	-4.3	0
17200	-4.3	0
17201	-4.3	0
17204	-4.3	0
17210	-4.3	0
17211	-4.3	0
17214	-4.3	0
17215	-4.3	0
17217	-4.3	0
17218	-4.3	0
17220	-4.3	0
17221	-4.3	0
17225	-4.3	0
17229	-4.3	0
17230	-4.3	0
17234	-4.3	0
17235	-4.3	0
17237	-4.3	0
17238	-4.3	0
17244	-4.3	0
17245	-4.3	0
17247	-4.3	1
17248	-4.3	0
17249	-4.3	0
17252	-4.3	0
17254	-4.3	0
17255	-4.3	0
17257	-4.3	0
17259	-4.3	0
17262	-4	0
17267	-4.3	1
17270	-4.3	0
17271	-4.3	0
17274	-4.3	0
17280	-4.3	0
17281	-4.3	0
17284	-4.3	0
17285	-4.3	0
17287	-4.3	0
17288	-4.3	0
17290	-4.3	0
17291	-4.3	0
17295	-4.3	0
17299	-4.3	0
17300	-4.3	0
17304	-4.3	0
17305	-4.3	0
17307	-4.3	0
17308	-4.3	0
17314	-4.3	0
17315	-4.3	0
17317	-4.3	1
17318	-4.3	0
17319	-4.3	0
17322	-4.3	0
17324	-4.3	0
17325	-4.3	0
17327	-4.3	1
17329	-4.3	1
17336	-4.3	0
17339	-4.3	0
17340	-4.3	0
17343	-4.3	0
17349	-4.3	0
17350	-4.3	0
17353	-4.3	0
17354	-4.3	0
17356	-4.3	0
17357	-4.3	0
17359	-4.3	0
17360	-4.3	0
17364	-4.3	0
17368	-4.3	0
17369	-4.3	0
17373	-4.3	0
17374	-4.3	0
17376	-4.3	0
17377	-4.3	0
17383	-4.3	0
17384	-4.3	0
17386	-4.3	1
17387	-4.3	0
17388	-4.3	0
17391	-4.3	0
17393	-4.3	0
17394	-4.3	0
17396	-4.3	1
17398	-4.3	0
17404	-4.3	0
17405	-4.3	0
17407	-4.3	0
17408	-4.3	0
17411	-4.3	0
17417	-4.3	0
17418	-4.3	0
17421	-4.3	0
17422	-4.3	0
17424	-4.3	0
17425	-4.3	0
17427	-4.3	0
17428	-4.3	0
17432	-4.3	0
17436	-4.3	0
17437	-4.3	0
17441	-4.3	0
17442	-4.3	0
17444	-4.3	0
17445	-4.3	0
17451	-4.3	0
17452	-4.3	0
17454	-4.3	0
17456	-4.3	0
17459	-4.3	0
17462	-4.3	0
17464	-4.3	0
17466	-4.3	0
17471	-4.3	0
17472	-4.3	0
17474	-4.3	0
17475	-4.3	0
17478	-4.3	0
17484	-4.3	0
17485	-4.3	0
17488	-4.3	0
17489	-4.3	0
17491	-4.3	0
17492	-4.3	0
17494	-4.3	0
17495	-4.3	0
17499	-4.3	0
17503	-4.3	0
17504	-4.3	0
17508	-4.3	0
17509	-4.3	0
17511	-4.3	0
17512	-4.3	0
17518	-4.3	0
17519	-4.3	0
17521	-4.3	0
17523	-4.3	0
17526	-4.3	0
17529	-4.3	0
17531	-4.3	0
17533	-4.3	0
17537	-4.3	0
17538	-4.3	0
17540	-4.3	0
17541	-4.3	0
17544	-4.3	0
17550	-4.3	0
17551	-4.3	0
17554	-4.3	0
17555	-4.3	0
17557	-4.3	0
17558	-4.3	0
17560	-4.3	0
17561	-4.3	0
17565	-4.3	0
17569	-4.3	0
17570	-4.3	0
17574	-4.3	0
17575	-4.3	0
17577	-4.3	0
17578	-4.3	0
17584	-4.3	0
17585	-4.3	0
17587	-4.3	0
17589	-4.3	0
17592	-4.3	0
17595	-4.3	0
17597	-4.3	0
17599	-4.3	0
17602	-4.3	0
17608	-4.3	0
17618	-4.3	0
17628	-4.3	0
17629	-4.3	0
17637	-4.3	0
17646	-4.3	0
17647	-4.3	0
17648	-4.3	0
17653	-4.3	0
17659	-4.3	0
17674	-4.3	0
17675	-4.3	0
17676	-4.3	0
17677	-4.3	0
17689	-4.3	0
17691	-4.3	0
17705	-4.3	0
17706	-4.3	0
17707	-4.3	0
17710	-4.3	0
17715	-4.3	0
17722	-4.3	0
17723	-4.3	0
17728	-4.3	0
17734	-4.3	0
17735	-4.3	0
17737	-4.3	0
17738	-4.3	0
17741	-4.3	0
17746	-4.3	0
17747	-4.3	0
17748	-4.3	0
17749	-4.3	0
17750	-4.3	0
17752	-4.3	0
17756	-4.3	0
17758	-4.3	0
17760	-4.3	0
17767	-4.6	1
17805	-4.3	0
17810	-4.3	0
17815	-4.3	0
17818	-4.3	0
17819	-4.3	0
17832	-4.3	0
17833	-4.3	0
17834	-4.3	0
17835	-4.3	0
17836	-4.3	0
17837	-4.3	0
17840	-4.3	0
17841	-4.3	0
17842	-4.6	0
17843	-4.3	0
17844	-4.3	0
17853	-4.3	0
17854	-4.3	0
17857	-4.3	0
17860	-4.3	0
17861	-4.3	0
17863	-4.3	0
17864	-4.3	0
17868	-4.3	0
17870	-4	0
17877	-4.3	0
17878	-4.3	0
17881	-4.3	0
17887	-4.3	0
17888	-4.3	0
17891	-4.3	0
17893	-4	0
17895	-4.3	0
17897	-4.3	0
17899	-4	0
17911	-4.3	0
17912	-4.3	0
17913	-4.3	0
17914	-4.3	0
17915	-4.3	0
17916	-4.3	0
17919	-4.3	0
17920	-4.3	0
17921	-4.3	0
17923	-4.3	0
17924	-4.3	0
17925	-4	0
17926	-4.3	0
17927	-4.3	0
17928	-4.3	0
17929	-4.3	0
17930	-4.3	0
17934	-4.3	0
17937	-4.3	1
17940	-4.3	0
17943	-4.3	0
17944	-4.3	0
17945	-4.3	0
17947	-4.3	1
17948	-4.3	0
17949	-4.3	0
17951	-4	0
17953	-4.3	0
17954	-4.3	0
17957	-4.3	0
17960	-4.3	0
17961	-4.3	0
17962	-4.3	0
17963	-4.3	0
17964	-4.3	0
17970	-4	0
17971	-4.3	1
17976	-4.3	0
17989	-4.3	0
17990	-4.3	0
17991	-4.3	0
17992	-4	0
17993	-4.3	0
17994	-4.3	0
17995	-4.3	0
17996	-4.3	0
17997	-4.3	0
18001	-4.3	0
18004	-4.3	1
18007	-4.3	0
18010	-4.3	0
18011	-4.3	0
18012	-4.3	0
18014	-4.3	1
18015	-4.3	0
18016	-4.3	0
18018	-4	0
18020	-4.3	0
18021	-4.3	0
18024	-4.3	0
18027	-4.3	0
18028	-4.3	0
18029	-4.3	0
18030	-4.3	0
18031	-4.3	0
18037	-4	0
18038	-4.3	1
18043	-4.3	0
18050	-4.6	0
18058	-4.3	0
18059	-4.3	0
18062	-4.3	0
18065	-4.3	0
18066	-4.3	0
18068	-4.3	0
18069	-4.3	0
18073	-4.3	0
18075	-4	0
18082	-4.3	0
18083	-4.3	0
18086	-4.3	0
18092	-4.3	0
18093	-4.3	0
18096	-4.3	0
18098	-4	0
18100	-4.3	0
18102	-4.3	0
18104	-4	0
18106	-4.3	0
18112	-4.3	0
18113	-4.3	0
18115	-4.3	0
18116	-4.3	0
18119	-4.3	0
18125	-4.3	0
18126	-4.3	0
18129	-4.3	0
18130	-4.3	0
18132	-4.3	0
18133	-4.3	0
18135	-4.3	0
18136	-4.3	0
18140	-4.3	0
18144	-4.3	0
18145	-4.3	0
18149	-4.3	0
18150	-4.3	0
18152	-4.3	0
18153	-4.3	0
18159	-4.3	0
18160	-4.3	0
18162	-4.3	1
18163	-4.3	0
18164	-4.3	0
18167	-4.3	0
18169	-4.3	0
18170	-4.3	0
18172	-4.3	1
18174	-4.3	0
18177	-4.3	0
18178	-4.3	0
18179	-4.3	0
18180	-4.3	0
18181	-4.3	0
18182	-4.3	0
18185	-4.3	0
18186	-4.3	0
18187	-4.3	0
18188	-4.3	0
18189	-4.3	0
18190	-4.3	0
18192	-4.3	0
18194	-4.6	0
18198	-4.3	0
18199	-4.3	0
18200	-4.3	0
18208	-4.3	0
18217	-4.3	0
18221	-4.3	0
18229	-4.3	0
18233	-4	0
18234	-4	0
18235	-4.3	1
18237	-4.3	0
18240	-4	0
18243	-4	0
18246	-4.3	1
18247	-4.3	0
18248	-4	0
18250	-4	0
18252	-4.3	0
18261	-4.3	0
18263	-4.3	1
18264	-4	0
18265	-4	0
18267	-4.3	0
18268	-4.3	0
18270	-4.3	0
18271	-4.3	0
18276	-4.6	0
18278	-4.6	0
18280	-4.3	0
18283	-4.3	0
18287	-4.3	0
18289	-4.3	0
18290	-4.3	0
18292	-4.3	0
18293	-4.3	0
18294	-4.3	0
18296	-4.3	0
18297	-4.3	0
18298	-4.3	0
18302	-4.3	0
18309	-4.3	0
18310	-4.3	0
18311	-4.3	0
18312	-4.3	0
18313	-4.3	0
18316	-4.3	0
18323	-4.3	0
18325	-4.3	0
18328	-4.3	0
18330	-4.3	0
18331	-4	0
18333	-4.3	0
18339	-4.6	0
18352	-4.3	0
18356	-4.3	0
18371	-4.6	0
18375	-4.3	0
18376	-4.3	0
18379	-4.3	0
18382	-4.3	0
18383	-4.3	0
18385	-4.3	0
18386	-4.3	0
18390	-4.3	0
18392	-4	0
18399	-4.3	0
18400	-4.3	0
18403	-4.3	0
18409	-4.3	0
18410	-4.3	0
18413	-4.3	0
18415	-4	0
18417	-4.3	0
18419	-4.3	0
18421	-4	0
18423	-4.3	0
18427	-4.6	0
18430	-4.3	0
18431	-4.3	0
18432	-4	0
18434	-4.3	0
18436	-4	0
18437	-4.3	0
18438	-4.3	0
18440	-4.3	0
18441	-4.3	0
18445	-4.3	0
18446	-4	0
18451	-4	0
18454	-4.3	0
18455	-4.3	0
18458	-4.3	0
18464	-4.3	0
18465	-4.3	0
18466	-4	1
18472	-4.3	0
18501	-4.3	0
18502	-4.3	0
18503	-4.3	0
18504	-4.3	0
18505	-4.3	0
18508	-4.3	0
18509	-4.3	0
18510	-4.6	0
18511	-4.6	0
18512	-4.3	0
18516	-4.3	0
18518	-4.3	0
18519	-4.3	0
18520	-4.3	0
18521	-4.3	0
18522	-4.3	0
18523	-4.3	0
18525	-4.3	0
18526	-4.3	0
18527	-4.3	0
18531	-4.3	0
18538	-4.3	0
18539	-4.3	0
18540	-4.3	0
18541	-4.3	0
18542	-4.3	0
18544	-4.3	0
18545	-4.3	0
18552	-4.3	0
18554	-4.3	0
18557	-4.3	0
18559	-4.3	0
18560	-4	0
18566	-4.6	0
18567	-4.3	0
18568	-4.3	0
18571	-4.3	0
18574	-4.3	0
18575	-4.3	0
18577	-4.3	0
18578	-4.3	0
18582	-4.3	0
18584	-4	0
18591	-4.3	0
18592	-4.3	0
18595	-4.3	0
18601	-4.3	0
18602	-4.3	0
18605	-4.3	0
18607	-4	0
18609	-4.3	0
18611	-4.3	0
18613	-4	0
18619	-4.3	0
18620	-4.3	0
18622	-4.3	0
18623	-4.3	0
18627	-4.3	0
18629	-4.3	0
18632	-4.3	0
18633	-4.3	0
18634	-4.3	0
18637	-4.3	0
18638	-4.3	0
18639	-4.3	0
18641	-4.3	0
18644	-4.3	0
18645	-4.3	0
18646	-4.3	0
18648	-4.3	0
18650	-4.3	0
18651	-4.3	0
18653	-4.3	0
18654	-4.3	0
18655	-4.3	0
18656	-4.3	0
18657	-4.3	0
18659	-4.3	0
18676	-4.3	0
18678	-4.3	0
18681	-4.3	1
18684	-4.3	0
18687	-4.3	0
18688	-4.3	0
18689	-4.3	0
18691	-4.3	1
18692	-4.3	0
18693	-4.3	0
18695	-4	0
18697	-4.3	0
18698	-4.3	0
18701	-4.3	0
18704	-4.3	0
18705	-4.3	0
18706	-4.3	0
18707	-4.3	0
18708	-4.3	0
18714	-4	0
18715	-4.3	1
18720	-4.3	0
18728	-4	0
18729	-4.3	0
18743	-4	0
18751	-4	0
18754	-4	0
18757	-4	0
18761	-4	0
18770	-4	0
18776	-4	0
18777	-4	0
18784	-4.3	0
18786	-4.3	0
18787	-4.3	0
18788	-4	1
18789	-4.3	0
18790	-4.3	1
18792	-4.3	0
18793	-4.3	0
18795	-4.3	0
18796	-4.3	0
18800	-4.3	0
18804	-4.3	1
18805	-4.3	1
18809	-4.3	0
18810	-4.3	0
18812	-4.3	1
18813	-4.3	0
18819	-4.3	0
18820	-4.3	0
18822	-4.3	0
18823	-4.3	0
18824	-4.3	1
18827	-4.3	0
18829	-4.3	0
18830	-4.3	1
18832	-4.3	1
18834	-4.3	0
18837	-4.3	0
18840	-4.3	0
18842	-4.3	0
18843	-4.3	0
18845	-4.3	0
18846	-4.3	0
18847	-4.3	0
18850	-4.3	0
18851	-4.3	0
18852	-4.3	0
18854	-4.3	0
18857	-4.3	0
18858	-4.3	0
18859	-4.3	0
18861	-4.3	0
18863	-4.3	0
18864	-4.3	0
18866	-4.3	0
18867	-4.3	0
18868	-4.3	0
18869	-4.3	0
18870	-4.3	0
18872	-4.3	0
18919	-4.6	0
18927	-4.3	0
18931	-4.3	0
18949	-4	0
18952	-4	0
18954	-4.3	1
18955	-4.3	0
18960	-4.3	0
18962	-4	0
18963	-4	0
18969	-4.3	0
18971	-4.3	1
18976	-4.3	0
18977	-4	0
18978	-4.3	0
18979	-4.3	0
18980	-4	0
18985	-4.3	0
19012	-4.6	0
19015	-4.3	0
19024	-4.3	0
19028	-4.3	0
19036	-4.3	1
19037	-4.3	1
19039	-4.3	1
19040	-4.3	1
19041	-4	0
19044	-4.3	1
19049	-4	0
19050	-4.3	1
19051	-4.3	1
19052	-4	0
19054	-4.3	1
19056	-4	0
19060	-4.3	1
19065	-4.3	1
19072	-4.3	0
19074	-4.3	0
19077	-4.3	0
19078	-4.3	0
19079	-4.3	0
19081	-4.3	1
19082	-4.3	0
19083	-4.3	0
19085	-4	0
19087	-4.3	0
19088	-4.3	0
19091	-4.3	0
19094	-4.3	0
19095	-4.3	0
19096	-4.3	0
19097	-4.3	0
19098	-4.3	0
19104	-4	0
19105	-4.3	1
19110	-4.3	0
19117	-4.3	0
19118	-4.3	0
19121	-4.3	0
19122	-4.3	0
19123	-4.3	0
19125	-4.3	1
19126	-4.3	0
19127	-4.3	0
19128	-4	0
19131	-4.3	0
19132	-4.3	0
19135	-4.3	0
19138	-4.3	0
19139	-4.3	0
19140	-4.3	0
19141	-4.3	0
19142	-4.3	0
19149	-4.3	1
19154	-4.3	0
19173	-4.3	0
19183	-4.3	0
19187	-4.6	0
19188	-4.3	0
19189	-4.3	0
19193	-4.3	0
19195	-4	0
19202	-4.3	0
19203	-4.3	0
19206	-4.3	0
19212	-4.3	0
19213	-4.3	0
19216	-4.3	0
19218	-4	0
19220	-4.3	0
19222	-4.3	0
19224	-4	0
19233	-4.3	0
19235	-4.3	0
19237	-4.3	0
19238	-4.3	0
19239	-4.3	0
19241	-4.3	1
19242	-4.3	0
19243	-4.3	0
19245	-4	0
19247	-4.3	0
19248	-4.3	0
19251	-4.3	0
19254	-4.3	0
19255	-4.3	0
19256	-4.3	0
19257	-4.3	0
19258	-4.3	0
19264	-4	0
19265	-4.3	1
19270	-4.3	0
19278	-4	0
19279	-4.3	0
19281	-4.3	0
19283	-4.3	0
19284	-4.3	0
19285	-4.3	0
19286	-4.3	0
19288	-4.3	1
19289	-4.3	0
19290	-4.3	0
19291	-4	0
19294	-4.3	0
19295	-4.3	0
19298	-4.3	0
19301	-4.3	0
19302	-4.3	0
19303	-4.3	0
19304	-4.3	0
19305	-4.3	0
19312	-4.3	1
19317	-4.3	0
19324	-4.6	0
19327	-4.3	0
19328	-4	0
19333	-4	0
19336	-4.3	0
19337	-4.3	0
19340	-4.3	0
19346	-4.3	0
19347	-4.3	0
19348	-4	1
19354	-4.3	0
19364	-4	1
19366	-4.3	0
19370	-4.3	1
19371	-4.3	1
19375	-4.3	0
19376	-4.3	0
19378	-4.3	1
19379	-4.3	0
19385	-4.3	0
19386	-4.3	0
19388	-4.3	1
19389	-4.3	0
19390	-4.3	1
19393	-4.3	0
19395	-4.3	0
19396	-4.3	1
19398	-4.3	1
19400	-4.3	0
19404	-4.3	0
19408	-4.3	0
19409	-4.3	0
19413	-4.3	0
19414	-4.3	0
19416	-4.3	0
19417	-4.3	0
19423	-4.3	0
19424	-4.3	0
19426	-4.3	1
19427	-4.3	0
19428	-4.3	0
19431	-4.3	0
19433	-4.3	0
19434	-4.3	0
19436	-4.3	1
19438	-4.3	0
19441	-4.3	0
19442	-4.3	1
19443	-4.3	0
19444	-4.3	0
19446	-4	0
19448	-4.3	0
19449	-4.3	0
19452	-4.3	0
19455	-4.3	0
19456	-4.3	0
19457	-4.3	0
19458	-4.3	0
19459	-4.3	0
19465	-4	0
19466	-4.3	1
19471	-4.3	0
19482	-4	0
19483	-4.3	1
19484	-4.3	1
19485	-4	0
19487	-4.3	1
19489	-4	0
19493	-4.3	1
19498	-4.3	1
19505	-4	0
19510	-4.3	0
19511	-4.3	0
19513	-4.3	0
19514	-4.3	0
19515	-4	0
19520	-4.3	0
19525	-4.3	0
19532	-4.6	0
19538	-4.3	0
19539	-4.3	0
19542	-4.3	0
19548	-4.3	0
19549	-4.3	0
19552	-4.3	0
19554	-4	0
19556	-4.3	0
19558	-4.3	0
19560	-4	0
19562	-4.3	0
19568	-4.3	0
19570	-4	0
19571	-4	0
19577	-4.3	0
19579	-4.3	1
19584	-4.3	0
19585	-4	0
19586	-4.3	0
19587	-4.3	0
19588	-4	0
19592	-4	0
19594	-4.3	0
19603	-4.3	0
19605	-4.3	1
19606	-4	0
19607	-4	0
19609	-4.3	0
19610	-4.3	0
19612	-4.3	0
19613	-4.3	0
19625	-4	0
19628	-4	1
19632	-4	0
19641	-4	0
19647	-4	0
19648	-4	0
19650	-4.3	0
19656	-4.3	0
19669	-4.3	0
19670	-4.3	0
19674	-4.3	0
19693	-4.3	0
19694	-4.3	0
19696	-4.3	0
19697	-4.3	0
19703	-4.3	0
19704	-4.3	0
19706	-4.3	1
19708	-4.3	0
19711	-4.3	0
19714	-4.3	0
19716	-4.3	1
19718	-4.3	0
19721	-4.6	0
19722	-4.3	0
19723	-4.3	0
19726	-4.3	0
19732	-4.3	0
19733	-4.3	0
19734	-4	1
19736	-4.3	0
19740	-4.3	0
19742	-4.3	0
19750	-4.3	0
19751	-4.3	0
19754	-4.3	0
19755	-4.3	0
19756	-4.3	0
19758	-4.3	0
19761	-4.3	0
19762	-4.3	0
19763	-4.3	0
19764	-4.3	0
19765	-4.3	0
19772	-4.3	1
19777	-4.3	0
19785	-4.3	0
19786	-4.3	0
19787	-4.3	0
19790	-4.3	0
19791	-4.3	0
19792	-4.3	0
19793	-4.3	0
19794	-4.3	0
19801	-4.3	1
19806	-4.3	0
19813	-4.6	0
19815	-4.3	0
19821	-4.3	0
19822	-4.3	0
19823	-4	0
19825	-4.3	0
19829	-4.3	0
19831	-4.3	0
19835	-4.3	0
19839	-4.6	0
19843	-4.3	0
19847	-4.3	0
19851	-4.3	1
19858	-4.3	0
19860	-4.3	1
19864	-4.3	0
19865	-4.3	0
19867	-4.3	0
19868	-4.3	0
19873	-4.3	0
19874	-4.3	0
19875	-4.3	0
19876	-4.3	0
19877	-4.3	0
19878	-4.3	0
19885	-4.3	1
19890	-4.3	0
19902	-4.6	0
19907	-4.3	0
19908	-4.3	0
19911	-4.3	0
19913	-4	1
19915	-4.3	0
19917	-4.3	0
19919	-4	1
19921	-4.3	0
19925	-4.6	0
19929	-4.3	0
19930	-4.3	0
19931	-4	1
19937	-4.3	0
19952	-4	0
19954	-4.3	0
19955	-4.3	0
19956	-4.3	0
19959	-4.3	0
19962	-4.3	1
19963	-4.3	0
19965	-4	0
19967	-4.3	0
19968	-4.3	0
19970	-4.3	1
19971	-4.3	0
19972	-4.3	0
19975	-4.3	0
19977	-4.3	0
19978	-4.3	0
19980	-4.3	1
19982	-4.3	0
19985	-4.3	0
19986	-4	0
19987	-4.3	0
20001	-4.3	0
20002	-4.3	0
20004	-4.3	0
20006	-4.3	1
20009	-4.3	0
20012	-4.3	1
20014	-4.3	1
20016	-4.3	0
20024	-4.3	0
20025	-4.3	0
20040	-4.3	0
20044	-4	1
20045	-4.3	1
20050	-4.3	0
20063	-4	1
20069	-4	1
20070	-4	1
20072	-4.3	0
20096	-4.3	0
20101	-4.3	0
20104	-4.6	1
20105	-4.6	1
20113	-4.3	0
20115	-4.3	0
20116	-4.3	0
20122	-4.3	1
20140	-4.3	0
20143	-4.3	0
20165	-4.3	0
20169	-4.3	0
20172	-4.6	1
20173	-4.3	0
20184	-4	0
20190	-4.3	1
20197	-4.3	1
20198	-4.3	1
20199	-4.6	1
20200	-4.3	0
