11	-2.9	0
16	-6	1
36	-2.9	1
45	-4.3	0
49	-4.3	0
53	-6	0
54	-4.3	0
56	-6	0
59	-4.3	0
74	-4.3	0
77	-6	0
80	-6	0
93	-4.3	0
98	-6	1
101	-2.9	0
112	-4.3	0
114	-4.3	0
122	-4.3	0
123	-4.3	0
125	-4.3	0
127	-4.3	0
128	-4.3	0
129	-4.3	0
134	-6	0
138	-6	1
140	-6	0
141	-6	0
142	-6	0
143	-6	0
144	-4.3	0
145	-4.3	0
147	-4.3	0
149	-4.3	0
150	-4.3	0
156	-6	0
158	-6	0
159	-6	0
160	-6	0
161	-6	0
173	-4.3	0
174	-4.3	0
175	-4.3	0
178	-2.9	0
183	-6	1
200	-6	0
210	-4.3	0
216	-6	0
220	-6	1
233	-4.3	0
239	-6	1
240	-6	0
242	-6	0
243	-6	0
255	-6	1
256	-6	0
270	-6	0
271	-6	1
272	-6	0
273	-6	0
274	-6	1
281	-4.3	0
282	-4.3	0
284	-2.9	1
293	-6	0
296	-4.3	0
297	-4.3	0
300	-6	0
301	-6	0
311	-6	0
321	-6	0
322	-6	0
324	-4.3	0
325	-4.3	0
327	-4.3	0
328	-6	0
330	-4.3	0
336	-6	0
337	-6	0
339	-4.3	0
340	-4.3	0
341	-6	0
343	-6	0
346	-6	0
353	-6	0
354	-6	0
358	-4.3	0
362	-4.3	0
371	-4.3	0
376	-6	0
381	-6	0
382	-4.3	0
393	-4.3	0
394	-4.3	0
395	-4.3	0
396	-6	0
397	-6	0
398	-4.3	0
399	-4.3	0
400	-6	0
401	-6	0
402	-6	0
424	-6	0
425	-6	0
427	-4.3	0
428	-4.3	0
430	-4.3	0
432	-6	0
434	-4.3	0
437	-6	0
438	-6	0
440	-4.3	0
441	-4.3	0
442	-6	0
443	-6	0
444	-6	0
446	-6	0
448	-6	0
449	-6	0
452	-4.3	0
453	-6	0
454	-6	0
455	-4.3	0
456	-4.3	0
457	-4.3	0
458	-6	0
461	-6	0
465	-6	0
466	-4.3	0
467	-6	0
470	-6	0
472	-4.3	0
476	-6	0
478	-6	0
479	-6	0
480	-6	0
482	-6	0
484	-6	0
485	-6	0
486	-6	0
487	-6	0
494	-4.3	0
495	-4.3	0
496	-6	0
499	-6	0
504	-6	0
516	-6	0
518	-6	0
519	-6	0
520	-6	0
524	-4.3	0
525	-4.3	0
526	-4.3	0
527	-6	0
528	-6	0
531	-4.3	0
534	-6	0
536	-6	0
537	-6	0
538	-4.3	0
539	-6	0
540	-6	0
541	-6	0
544	-6	0
549	-6	0
552	-6	0
554	-4.3	0
558	-4.3	0
562	-6	0
563	-4.3	0
564	-6	0
565	-6	0
567	-6	0
568	-4.3	0
572	-4.3	0
573	-6	0
574	-6	0
575	-6	0
584	-4.3	0
589	-6	0
593	-6	0
594	-4.3	0
617	-6	0
619	-6	0
620	-6	0
621	-6	0
623	-4.3	0
624	-4.3	0
625	-6	0
626	-6	0
627	-6	0
631	-4.3	0
632	-6	0
635	-6	0
637	-4.3	0
638	-4.3	0
639	-6	0
641	-6	0
642	-6	0
643	-6	0
644	-6	0
645	-6	0
646	-6	0
648	-6	0
649	-6	0
650	-6	0
651	-4.3	0
652	-4.3	0
653	-4.3	0
654	-6	0
661	-6	0
662	-6	0
663	-6	0
664	-6	0
665	-6	0
667	-6	0
668	-6	0
669	-4.3	0
671	-4.3	0
675	-6	0
677	-6	0
678	-6	0
679	-6	0
680	-6	0
681	-6	0
682	-6	0
689	-4.3	0
692	-6	0
693	-6	0
701	-6	0
713	-6	0
715	-6	0
718	-4.3	0
719	-4.3	0
720	-6	0
723	-4.3	0
728	-6	0
730	-6	0
731	-4.3	0
732	-4.3	0
733	-6	0
735	-6	0
739	-6	0
747	-6	0
748	-6	0
755	-4.3	0
760	-4.3	0
764	-6	0
766	-6	0
767	-4.3	0
769	-6	0
770	-6	0
771	-6	0
777	-4.3	0
780	-6	0
781	-6	0
782	-4.3	0
803	-6	0
804	-6	0
806	-4.3	0
807	-6	0
810	-4.3	0
813	-6	0
814	-6	0
816	-4.3	0
817	-6	0
818	-6	0
820	-6	0
821	-6	0
823	-6	0
824	-6	0
825	-4.3	0
826	-4.3	0
827	-4.3	0
828	-6	0
832	-6	0
833	-6	0
837	-6	0
838	-6	0
840	-6	0
841	-6	0
843	-4.3	0
847	-6	0
848	-6	0
850	-6	0
851	-6	0
852	-6	0
854	-6	0
855	-6	0
856	-6	0
857	-6	0
858	-6	0
866	-6	0
867	-6	0
870	-6	0
875	-6	0
879	-6	0
886	-6	0
888	-6	0
889	-6	0
891	-6	0
894	-4.3	0
895	-6	0
896	-6	0
897	-6	0
899	-6	0
900	-6	0
901	-6	0
902	-6	0
905	-4.3	0
907	-6	0
908	-6	0
909	-6	0
912	-4.3	0
913	-6	0
914	-4.3	0
921	-4.3	0
922	-4.3	0
923	-4.3	0
924	-4.3	0
925	-6	0
926	-6	0
927	-6	0
928	-6	0
929	-6	0
930	-6	0
931	-6	0
932	-6	0
933	-6	0
934	-6	0
935	-6	0
936	-6	0
937	-6	0
938	-6	0
939	-6	0
940	-6	0
941	-6	0
944	-6	0
945	-6	0
946	-6.3	0
947	-6.3	0
948	-6	0
953	-6	0
957	-4.3	0
961	-4.3	0
965	-6	0
967	-6	0
968	-6	0
969	-6	0
973	-4.3	0
974	-4.3	0
975	-4.3	0
976	-6	0
977	-6	0
983	-6	0
985	-6	0
986	-6	0
987	-4.3	0
988	-6	0
989	-6	0
990	-6	0
993	-6	0
998	-6	0
1001	-6	0
1003	-4.3	0
1007	-4.3	0
1008	-4.3	0
1009	-4.3	0
1010	-4.3	0
1011	-6	0
1013	-6	0
1014	-6	0
1015	-4.3	0
1016	-6	0
1021	-4.3	0
1022	-6	0
1023	-6	0
1024	-6	0
1027	-4.3	0
1028	-4.3	0
1032	-4.3	0
1038	-6	0
1039	-4.3	0
1040	-4.3	0
1041	-4.3	0
1042	-6	0
1061	-4.3	0
1062	-4.3	0
1063	-4.3	0
1066	-6	0
1068	-6	0
1069	-6	0
1070	-6	0
1072	-4.3	0
1073	-4.3	0
1074	-6	0
1075	-6	0
1076	-6	0
1081	-6	0
1084	-6	0
1086	-4.3	0
1087	-4.3	0
1088	-6	0
1090	-6	0
1091	-6	0
1092	-6	0
1093	-6	0
1094	-6	0
1095	-6	0
1097	-6	0
1098	-6	0
1099	-6	0
1101	-4.3	0
1102	-4.3	0
1103	-6	0
1110	-6	0
1111	-6	0
1112	-6	0
1113	-6	0
1114	-6	0
1116	-6	0
1117	-6	0
1124	-6	0
1126	-6	0
1128	-6	0
1129	-6	0
1130	-6	0
1131	-6	0
1132	-4.3	0
1138	-6.3	0
1139	-6	0
1140	-6	0
1154	-4.3	0
1160	-6	0
1161	-6	0
1162	-6	0
1165	-4.3	0
1166	-4.3	0
1175	-6	0
1177	-6	0
1178	-4.3	0
1179	-4.3	0
1180	-6	0
1182	-6	0
1186	-6	0
1194	-6	0
1195	-6	0
1202	-4.3	0
1203	-4.3	0
1204	-4.3	0
1210	-4.3	0
1211	-6	0
1212	-4.3	0
1213	-6	0
1219	-4.3	0
1220	-4.3	0
1223	-4.3	0
1227	-6	0
1228	-6	0
1244	-4.3	0
1245	-4.3	0
1246	-4.3	0
1250	-6	0
1251	-6	0
1253	-4.3	0
1260	-6	0
1261	-6	0
1263	-4.3	0
1264	-6	0
1267	-6	0
1268	-6	0
1270	-6	0
1271	-6	0
1273	-4.3	0
1274	-4.3	0
1275	-6	0
1284	-6	0
1285	-6	0
1288	-6	0
1294	-6	0
1295	-6	0
1297	-6	0
1298	-6	0
1301	-6	0
1302	-6	0
1303	-6	0
1304	-6	0
1306	-4.3	0
1335	-6	0
1336	-6	0
1338	-6	0
1339	-6	0
1340	-6	0
1341	-6	0
1342	-6	0
1343	-6	0
1344	-6	0
1345	-6	0
1347	-6	0
1348	-6	0
1349	-6	0
1350	-6	0
1351	-6	0
1352	-6	0
1353	-6	0
1354	-6	0
1355	-6	0
1358	-6	0
1359	-6	0
1360	-6	0
1361	-6	0
1362	-6	0
1364	-6	0
1365	-6	0
1366	-6	0
1367	-6	0
1368	-6	0
1369	-6	0
1370	-6	0
1373	-6	0
1374	-6	1
1375	-6	1
1377	-6	0
1379	-6	0
1380	-6	0
1382	-6	1
1384	-6	0
1385	-6	0
1386	-6	0
1387	-6	0
1391	-6	0
1392	-6	0
1393	-6	0
1394	-6	0
1395	-6	0
1396	-6	0
1397	-6	0
1398	-6	0
1399	-6	0
1400	-6	0
1401	-6	0
1402	-6	0
1403	-6	0
1404	-6	0
1405	-6	0
1406	-6	0
1407	-6	0
1408	-6	0
1409	-6	0
1410	-6	0
1412	-6	0
1413	-6	0
1414	-6	0
1415	-6	0
1417	-6	0
1418	-6	0
1419	-6	0
1420	-6	0
1421	-6	0
1422	-6	0
1423	-6	0
1424	-6	0
1425	-6	0
1426	-6	0
1427	-6	0
1428	-6	0
1429	-6	0
1430	-6	0
1433	-6	0
1434	-6	0
1438	-6	0
1439	-6	0
1440	-6	1
1441	-6	0
1442	-6	0
1443	-6	0
1444	-6	0
1445	-6	0
1446	-6	0
1447	-6	0
1448	-6	0
1449	-6	0
1450	-6	0
1451	-6	0
1452	-6	0
1453	-6	0
1454	-6	0
1455	-6	0
1456	-6	0
1457	-6	0
1458	-6	0
1461	-6	0
1462	-6	0
1463	-6	0
1464	-6	0
1465	-6	0
1466	-6	0
1468	-6	0
1469	-6	0
1470	-6	0
1471	-6	0
1475	-6	0
1476	-6	1
1480	-6	0
1482	-6	0
1485	-6	0
1486	-6	0
1487	-6	0
1490	-6	0
1491	-6	1
1492	-6	0
1494	-6	0
1497	-6	0
1498	-6	0
1499	-6	0
1501	-6	0
1503	-6	0
1504	-6	0
1506	-6	0
1507	-6	0
1508	-6	0
1509	-6	0
1510	-6	1
1512	-6	1
1524	-6	1
1526	-6	0
1529	-6	0
1531	-6	0
1532	-6	0
1533	-6	0
1534	-6	0
1535	-6	0
1536	-6	0
1538	-6	0
1539	-6	0
1540	-6	0
1541	-6	0
1542	-6	0
1543	-6	0
1544	-6	0
1545	-6	0
1546	-6	0
1547	-6	0
1548	-6	0
1552	-6	0
1553	-6	0
1554	-6	0
1555	-6	0
1557	-6	0
1558	-6	0
1559	-6	0
1560	-6	0
1561	-6	0
1562	-6	0
1563	-6	0
1567	-6	1
1568	-6	1
1570	-6	0
1573	-6	0
1574	-6	0
1576	-6	1
1578	-6	0
1579	-6	0
1580	-6	0
1581	-6	0
1582	-6	0
1587	-6	0
1588	-6	0
1589	-6	0
1590	-6	0
1591	-6	0
1592	-6	0
1593	-6	0
1594	-6	0
1595	-6	0
1596	-6	0
1597	-6	0
1598	-6	0
1599	-6	0
1601	-6	0
1603	-6	0
1604	-6	0
1608	-6	0
1609	-6	0
1610	-6	0
1611	-6	0
1612	-6	0
1613	-6	0
1614	-6	0
1615	-6	0
1618	-6	0
1619	-6	0
1620	-6	0
1621	-6	0
1622	-6	1
1623	-6	0
1624	-6	0
1625	-6	0
1626	-6	0
1627	-6	0
1628	-6	0
1629	-6	0
1630	-6	0
1631	-6	0
1632	-6	0
1633	-6	0
1634	-6	0
1635	-6	0
1636	-6	0
1637	-6	0
1638	-6	0
1641	-6	0
1642	-6	0
1644	-6	0
1645	-6	0
1646	-6	0
1647	-6	0
1648	-6	0
1652	-6	1
1655	-6	0
1658	-6	0
1661	-6	0
1662	-6	1
1663	-6	0
1665	-6	0
1666	-6	0
1667	-6	0
1671	-6	0
1672	-6	0
1675	-6	0
1678	-6	0
1679	-6	0
1680	-6	0
1681	-6	0
1682	-6	1
1689	-6	0
1694	-6	0
1696	-6	1
1698	-6	0
1701	-6	0
1702	-6	0
1703	-4.3	0
1705	-4.3	0
1706	-6	0
1707	-4.3	0
1710	-6	0
1713	-6	0
1714	-4.3	0
1737	-6	0
1743	-4.3	0
1746	-4.3	0
1783	-4.3	1
1790	-4.3	0
1794	-4.3	0
1800	-4.3	0
1805	-4.3	0
1830	-4.3	0
1833	-4.3	0
1841	-4.3	0
1848	-4.3	0
1855	-4.3	0
1856	-4.3	0
1866	-4.3	0
1882	-4.3	0
1907	-4.3	0
1910	-4.3	0
1916	-6	0
1917	-6	0
1919	-6	0
1920	-4.3	0
1922	-4.3	0
1924	-4.3	0
1929	-6	0
1930	-6	0
1932	-4.3	1
1934	-6	0
1937	-6	0
1943	-6	0
1944	-6	0
1946	-6	0
1949	-4.3	0
1950	-4.3	0
1951	-4.3	0
1952	-4.3	0
1956	-4.3	0
1958	-4.3	0
1962	-4.3	0
1963	-6	0
1964	-4.3	0
1965	-4.3	0
1966	-4.3	0
1967	-4.3	0
1968	-6	0
1969	-4.3	0
1970	-4.3	0
1971	-4.3	0
1972	-4.3	0
1973	-4.3	0
1974	-6	0
1975	-6	0
1976	-4.3	0
1988	-4.3	0
1989	-4.3	0
1990	-4.3	0
1995	-6	0
1996	-6	0
1998	-4.3	0
2000	-4.3	0
2002	-4.3	0
2005	-6	0
2006	-6	0
2008	-4.3	1
2009	-6	0
2011	-6	0
2012	-6	0
2015	-4.3	0
2016	-6	0
2017	-6	0
2018	-4.3	0
2019	-4.3	1
2020	-4.3	0
2021	-6	0
2024	-6	0
2028	-6	0
2029	-4.3	0
2030	-6	0
2032	-6	0
2034	-4.3	0
2037	-6	0
2038	-6	0
2039	-6	0
2041	-6	0
2042	-6	0
2043	-6	0
2051	-4.3	0
2054	-4.3	0
2057	-6	0
2059	-6	0
2060	-6	0
2061	-6	0
2065	-4.3	0
2066	-6	0
2067	-6	0
2069	-4.3	0
2071	-6	0
2073	-6	0
2074	-6	0
2076	-4.3	1
2077	-6	0
2078	-6	0
2081	-6	0
2085	-6	0
2088	-6	0
2093	-4.3	0
2094	-4.3	0
2095	-4.3	0
2096	-4.3	0
2097	-6	0
2098	-4.3	0
2099	-6	0
2100	-6	0
2101	-4.3	0
2102	-6	0
2103	-4.3	0
2104	-4.3	0
2105	-4.3	0
2109	-4.3	0
2110	-4.3	0
2115	-6	0
2116	-4.3	0
2117	-4.3	0
2118	-4.3	0
2119	-6	0
2120	-4.3	0
2132	-4.3	0
2133	-4.3	0
2134	-4.3	0
2136	-6	0
2138	-6	0
2139	-6	0
2140	-6	0
2142	-4.3	0
2143	-6	0
2144	-6	0
2147	-4.3	0
2148	-6	0
2151	-6	0
2153	-4.3	1
2154	-6	0
2155	-6	0
2156	-6	0
2157	-6	0
2159	-6	0
2160	-6	0
2161	-6	0
2162	-4.3	0
2163	-4.3	1
2164	-4.3	0
2165	-6	0
2170	-6	0
2171	-6	0
2172	-6	0
2173	-6	0
2174	-6	0
2176	-6	0
2177	-4.3	0
2179	-4.3	0
2183	-6	0
2185	-6	0
2186	-6	0
2187	-6	0
2196	-6	0
2202	-4.3	0
2208	-6	0
2210	-6	0
2213	-4.3	0
2214	-4.3	0
2215	-6	0
2218	-4.3	0
2223	-6	0
2225	-6	0
2226	-4.3	1
2227	-4.3	1
2228	-6	0
2230	-6	0
2234	-6	0
2242	-6	0
2243	-6	0
2250	-4.3	0
2251	-4.3	0
2252	-4.3	0
2255	-4.3	0
2258	-4.3	0
2259	-6	0
2260	-4.3	0
2261	-6	0
2262	-4.3	0
2264	-6	0
2265	-6	0
2266	-6	0
2267	-4.3	0
2268	-4.3	0
2271	-4.3	0
2272	-4.3	0
2275	-6	0
2276	-6	0
2277	-4.3	0
2292	-4.3	0
2293	-4.3	0
2294	-4.3	0
2298	-6	0
2299	-6	0
2301	-4.3	0
2302	-6	0
2305	-4.3	0
2308	-6	0
2309	-6	0
2311	-4.3	1
2312	-6	0
2313	-6	0
2315	-6	0
2316	-6	0
2318	-6	0
2319	-6	0
2320	-4.3	0
2321	-4.3	1
2322	-4.3	0
2323	-6	0
2327	-6	0
2328	-6	0
2332	-6	0
2333	-6	0
2335	-6	0
2336	-6	0
2338	-4.3	0
2342	-6	0
2343	-6	0
2345	-6	0
2346	-6	0
2347	-6	0
2349	-6	0
2350	-6	0
2351	-6	0
2352	-6	0
2353	-6	0
2360	-4.3	0
2366	-6	0
2367	-4.3	0
2376	-6	0
2377	-6	0
2379	-4.3	0
2380	-4.3	0
2382	-4.3	0
2383	-6	0
2385	-4.3	0
2391	-6	0
2392	-6	0
2394	-4.3	0
2395	-4.3	0
2396	-6	0
2398	-6	0
2401	-6	0
2408	-6	0
2409	-6	0
2413	-4.3	0
2417	-4.3	0
2426	-4.3	0
2431	-6	0
2436	-6	0
2437	-4.3	0
2448	-4.3	1
2449	-4.3	1
2450	-4.3	0
2451	-6	0
2452	-6	0
2453	-4.3	0
2455	-6	0
2456	-6	0
2457	-6	0
2479	-6	0
2480	-6	0
2482	-4.3	0
2483	-4.3	0
2485	-4.3	0
2487	-6	0
2489	-4.3	0
2492	-6	0
2493	-6	0
2495	-4.3	0
2496	-4.3	0
2497	-6	0
2498	-6	0
2499	-6	0
2501	-6	0
2503	-6	0
2504	-6	0
2507	-4.3	0
2508	-6	0
2509	-6	0
2510	-4.3	0
2511	-4.3	0
2512	-4.3	0
2513	-6	0
2516	-6	0
2520	-6	0
2521	-4.3	0
2522	-6	0
2525	-6	0
2527	-4.3	0
2531	-6	0
2533	-6	0
2534	-6	0
2535	-6	0
2537	-6	0
2539	-6	0
2540	-6	0
2541	-6	0
2542	-6	0
2553	-6	0
2554	-6	0
2564	-6	0
2565	-6	0
2567	-4.3	0
2568	-4.3	0
2570	-4.3	0
2573	-4.3	0
2574	-6	0
2579	-6	0
2580	-6	0
2582	-4.3	0
2583	-4.3	0
2584	-6	0
2586	-6	0
2589	-6	0
2596	-6	0
2597	-6	0
2601	-4.3	0
2605	-4.3	0
2614	-4.3	0
2619	-6	0
2624	-6	0
2625	-4.3	0
2633	-6	0
2634	-6	0
2636	-4.3	0
2637	-4.3	0
2638	-4.3	0
2639	-6	0
2640	-6	0
2641	-4.3	0
2643	-6	0
2644	-6	0
2645	-6	0
2667	-6	0
2668	-6	0
2670	-4.3	0
2671	-4.3	0
2673	-4.3	0
2677	-4.3	0
2680	-6	0
2681	-6	0
2684	-4.3	0
2685	-6	0
2686	-6	0
2689	-6	0
2691	-6	0
2692	-6	0
2695	-4.3	0
2696	-6	0
2697	-6	0
2698	-4.3	0
2701	-6	0
2704	-6	0
2708	-6	0
2709	-4.3	0
2710	-6	0
2713	-6	0
2715	-4.3	0
2719	-6	0
2721	-6	0
2722	-6	0
2723	-6	0
2725	-6	0
2727	-6	0
2728	-6	0
2729	-6	0
2730	-6	0
2737	-6	0
2738	-6	0
2742	-4.3	0
2743	-4.3	0
2744	-4.3	0
2746	-4.3	0
2749	-4.3	0
2750	-4.3	0
2753	-4.3	0
2755	-4.3	0
2756	-6	0
2758	-4.3	0
2759	-4.3	0
2760	-6	0
2770	-6	0
2771	-6	0
2772	-6	0
2773	-6	0
2774	-6	0
2775	-6	0
2776	-6	0
2781	-6	0
2785	-6	0
2786	-6	0
2787	-4.3	0
2788	-4.3	0
2790	-4.3	0
2791	-6	0
2793	-4.3	0
2794	-6	0
2796	-6	0
2800	-6	0
2804	-6	0
2807	-6	0
2812	-6	0
2817	-6	0
2818	-6	0
2822	-6	0
2824	-6	0
2834	-6	0
2837	-6	0
2841	-4.3	0
2843	-6	0
2846	-6	0
2847	-6	0
2855	-6	0
2857	-6	0
2859	-4.3	0
2860	-6	0
2864	-2.9	0
2867	-6	0
2878	-6	0
2879	-6	0
2880	-6	0
2887	-6	0
2894	-4.3	0
2899	-6	0
2900	-6	0
2901	-6	0
2902	-6	0
2904	-6	0
2905	-4.3	0
2910	-6	0
2911	-6	0
2912	-6	0
2924	-4.3	0
2928	-6	0
2929	-6	0
2930	-6	0
2931	-6	0
2932	-6	0
2933	-4.3	0
2935	-6	0
2936	-6	0
2937	-6	0
2954	-6	0
2955	-6	0
2956	-6	0
2957	-6	0
2961	-6	0
2962	-6	0
2963	-6	0
2974	-6	0
2976	-6	0
2979	-6	0
2982	-6	0
2984	-6	0
2985	-6	0
2990	-6	0
2991	-6	0
2992	-6	0
2995	-6	0
2997	-6	0
3000	-6	0
3002	-6	0
3005	-6	0
3009	-6	0
3010	-6	0
3012	-6	0
3015	-6	0
3026	-6	0
3027	-6	0
3029	-6	0
3030	-6	0
3032	-6	0
3034	-6	0
3035	-6	0
3037	-6	0
3040	-6	0
3041	-6	0
3042	-6	0
3043	-6	0
3044	-6	0
3047	-6	0
3048	-6	0
3052	-6	0
3055	-6	0
3056	-6	0
3058	-6	0
3060	-6	1
3063	-6	0
3066	-6.3	1
3067	-6	0
3068	-6	0
3070	-6	0
3071	-6	0
3075	-6	0
3077	-6	0
3079	-6	0
3080	-6	0
3084	-6	0
3094	-6	0
3095	-6	0
3096	-6	0
3097	-6	0
3098	-6	0
3107	-6	0
3108	-6	0
3109	-6	0
3110	-6	0
3111	-6	0
3112	-6	0
3113	-6	1
3117	-6	0
3118	-6	0
3122	-6	0
3123	-6	0
3124	-6	0
3125	-6	0
3126	-6	0
3127	-6	0
3128	-6	0
3129	-6	0
3133	-6	0
3137	-6	0
3138	-6	0
3142	-6	0
3145	-6	0
3147	-6	0
3148	-6	0
3149	-6	0
3166	-6	0
3178	-6.3	0
3182	-6	0
3183	-6	0
3188	-6	0
3206	-6	0
3213	-6	0
3214	-6	0
3215	-6	0
3216	-6	0
3224	-6	0
3225	-6	0
3226	-6	0
3232	-4.3	0
3236	-4.3	0
3240	-6	0
3241	-6	0
3242	-6	0
3243	-4.3	0
3244	-6	0
3245	-6	0
3246	-6	0
3253	-6	0
3258	-6	0
3262	-6	0
3264	-6	0
3268	-6	0
3271	-6	0
3272	-6	0
3275	-6	0
3278	-6	0
3281	-6	0
3289	-6	0
3290	-6	0
3291	-6	0
3292	-6	0
3298	-6	0
3299	-6	0
3302	-6	0
3305	-6	0
3307	-6	1
3310	-6	0
3311	-6	0
3314	-6	1
3315	-6	0
3320	-6	0
3321	-6	0
3322	-6	0
3323	-6	0
3326	-6	0
3338	-6	0
3349	-6	1
3350	-6	0
3351	-6	0
3352	-6	0
3353	-6	0
3354	-6	0
3355	-6	0
3356	-6	0
3357	-6	0
3358	-6	0
3359	-6	0
3360	-6	0
3361	-6	0
3362	-6	0
3363	-6	0
3368	-6	0
3370	-6	0
3376	-6	1
3378	-6	0
3387	-6	1
3388	-6	0
3393	-6	0
3402	-6	0
3404	-6	1
3408	-6	0
3412	-6	0
3413	-4.3	0
3414	-6	1
3415	-6	0
3417	-4.3	0
3421	-4.3	0
3427	-6	0
3429	-6	0
3430	-6	0
3431	-6	0
3435	-4.3	0
3436	-4.3	0
3437	-4.3	0
3438	-6	0
3439	-6	0
3442	-4.3	0
3445	-6	0
3447	-6	0
3448	-6	0
3449	-4.3	0
3450	-6	0
3451	-6	0
3452	-6	0
3455	-6	0
3460	-6	0
3463	-6	0
3465	-4.3	0
3469	-4.3	0
3473	-6	0
3474	-4.3	0
3475	-6	0
3476	-6	0
3478	-6	0
3479	-4.3	0
3484	-6	0
3485	-6	0
3486	-6	0
3495	-4.3	1
3500	-6	0
3504	-6	0
3505	-4.3	0
3528	-6	0
3530	-6	0
3531	-6	0
3532	-6	0
3534	-4.3	0
3535	-4.3	0
3536	-6	0
3537	-6	0
3538	-6	0
3542	-4.3	0
3543	-6	0
3546	-6	0
3548	-4.3	0
3549	-4.3	0
3550	-6	0
3552	-6	0
3553	-6	0
3554	-6	0
3555	-6	0
3556	-6	0
3557	-6	0
3559	-6	0
3560	-6	0
3561	-6	0
3562	-4.3	0
3563	-4.3	0
3564	-4.3	0
3565	-6	0
3569	-4.3	0
3572	-6	0
3573	-6	0
3574	-6	0
3575	-6	0
3576	-6	0
3578	-6	0
3579	-6	0
3580	-4.3	0
3582	-4.3	0
3584	-4.3	0
3586	-6	0
3588	-6	0
3589	-6	0
3590	-6	0
3591	-6	0
3592	-6	0
3593	-6	0
3609	-6	0
3611	-6	0
3612	-6	0
3613	-6	0
3617	-4.3	0
3618	-4.3	0
3619	-4.3	0
3620	-6	0
3621	-6	0
3624	-4.3	0
3625	-6	0
3627	-6	0
3629	-6	0
3630	-6	0
3631	-4.3	0
3632	-6	0
3633	-6	0
3634	-6	0
3637	-6	0
3642	-6	0
3645	-6	0
3647	-4.3	0
3651	-4.3	0
3655	-6	0
3656	-4.3	0
3657	-6	0
3658	-6	0
3660	-6	0
3661	-4.3	0
3666	-6	0
3667	-6	0
3668	-6	0
3677	-4.3	0
3682	-6	0
3686	-6	0
3687	-4.3	0
3692	-6	0
3693	-6	0
3710	-6	0
3712	-6	0
3713	-6	0
3714	-6	0
3717	-4.3	0
3718	-6	0
3719	-6	0
3724	-4.3	0
3725	-6	0
3728	-6	0
3730	-4.3	0
3731	-4.3	0
3732	-6	0
3734	-6	0
3735	-6	0
3737	-6	0
3738	-6	0
3739	-6	0
3741	-6	0
3742	-6	0
3743	-6	0
3744	-4.3	0
3747	-6	0
3751	-4.3	0
3754	-6	0
3755	-6	0
3756	-6	0
3757	-6	0
3758	-6	0
3761	-6	0
3762	-4.3	0
3764	-4.3	0
3766	-4.3	0
3768	-6	0
3770	-6	0
3771	-6	0
3772	-6	0
3773	-6	0
3774	-6	0
3775	-6	0
3782	-6	0
3784	-6	0
3785	-6	0
3786	-4.3	0
3790	-6	0
3791	-6	0
3792	-6	0
3793	-4.3	0
3795	-4.3	0
3797	-6	0
3798	-4.3	0
3800	-6	0
3803	-6	0
3804	-6	0
3805	-6	0
3806	-6	0
3807	-6	0
3808	-6	0
3812	-6	0
3813	-6	0
3821	-6	0
3822	-6	0
3823	-6	0
3824	-6	0
3827	-6	0
3828	-6	0
3830	-6	0
3832	-4.3	0
3833	-6	0
3834	-6	0
3835	-4.3	0
3838	-6	0
3841	-6	0
3842	-6	0
3843	-6	0
3846	-6	0
3850	-6	0
3852	-6	0
3853	-6	0
3861	-6	0
3862	-6	0
3864	-6	0
3870	-6	0
3874	-6	0
3875	-6	0
3876	-6	0
3877	-6	0
3878	-6	0
3879	-6	0
3880	-6	0
3881	-6	0
3882	-6	0
3883	-6	0
3887	-6	0
3888	-6	0
3889	-6	0
3890	-6	0
3894	-6	0
3895	-6	0
3907	-6	0
3908	-6	0
3909	-6	0
3910	-6	0
3914	-6	0
3915	-6	0
3919	-6	0
3941	-6	0
3960	-6	0
3961	-6	0
3962	-6	0
3970	-6	0
3971	-6	0
3972	-6	0
3975	-6	0
3976	-6	0
3979	-6	0
3983	-6	0
3991	-6	0
3993	-6	0
4006	-6	0
4007	-6	0
4031	-6	0
4032	-6	0
4035	-6	0
4040	-6	0
4046	-6	0
4047	-6	0
4048	-6	0
4050	-6	0
4051	-6	0
4055	-6	0
4061	-6	0
4062	-6	0
4064	-6	0
4065	-6	0
4071	-6	0
4075	-6	1
4076	-6	0
4077	-6	0
4083	-4.3	0
4091	-6	0
4093	-6	0
4096	-4.3	0
4097	-4.3	0
4098	-6	0
4101	-4.3	0
4106	-6	0
4108	-6	0
4109	-4.3	0
4110	-4.3	0
4111	-6	0
4113	-6	0
4117	-6	0
4125	-6	0
4126	-6	0
4133	-4.3	0
4138	-4.3	0
4142	-6	0
4144	-6	0
4145	-4.3	0
4147	-6	0
4148	-6	0
4149	-6	0
4155	-4.3	1
4158	-6	0
4159	-6	0
4160	-4.3	0
4181	-6	0
4182	-6	0
4184	-4.3	0
4185	-6	0
4188	-4.3	0
4191	-6	0
4192	-6	0
4194	-4.3	0
4195	-6	0
4196	-6	0
4198	-6	0
4199	-6	0
4201	-6	0
4202	-6	0
4203	-4.3	0
4204	-4.3	0
4205	-4.3	0
4206	-6	0
4210	-6	0
4211	-6	0
4215	-6	0
4216	-6	0
4218	-6	0
4219	-6	0
4221	-4.3	0
4225	-6	0
4226	-6	0
4228	-6	0
4229	-6	0
4230	-6	0
4232	-6	0
4233	-6	0
4234	-6	0
4235	-6	0
4236	-6	0
4250	-6	0
4252	-6	0
4255	-4.3	0
4256	-4.3	0
4257	-6	0
4260	-4.3	0
4261	-6	0
4265	-6	0
4267	-6	0
4268	-4.3	0
4269	-4.3	0
4270	-6	0
4272	-6	0
4276	-6	0
4284	-6	0
4285	-6	0
4292	-4.3	0
4297	-4.3	0
4301	-6	0
4303	-6	0
4304	-4.3	0
4306	-6	0
4307	-6	0
4308	-6	0
4314	-4.3	0
4317	-6	0
4318	-6	0
4319	-4.3	0
4340	-6	0
4341	-6	0
4343	-4.3	0
4344	-6	0
4347	-4.3	0
4350	-6	0
4351	-6	0
4353	-4.3	0
4354	-6	0
4355	-6	0
4357	-6	0
4358	-6	0
4360	-6	0
4361	-6	0
4362	-4.3	0
4365	-6	0
4369	-6	0
4370	-6	0
4374	-6	0
4375	-6	0
4377	-6	0
4378	-6	0
4380	-4.3	0
4384	-6	0
4385	-6	0
4387	-6	0
4388	-6	0
4389	-6	0
4391	-6	0
4392	-6	0
4393	-6	0
4394	-6	0
4395	-6	0
4402	-4.3	0
4403	-6	0
4407	-4.3	0
4408	-6	0
4410	-6	0
4411	-4.3	0
4415	-6	0
4417	-4.3	0
4422	-4.3	0
4423	-6	0
4425	-6	0
4430	-6	0
4431	-4.3	0
4433	-4.3	0
4434	-6	0
4440	-4.3	0
4441	-4.3	0
4442	-6	0
4443	-6	0
4446	-4.3	0
4447	-4.3	0
4448	-4.3	0
4449	-4.3	0
4459	-6	0
4461	-6	0
4462	-4.3	0
4463	-6	0
4464	-6	0
4465	-6	0
4466	-6	0
4475	-6	0
4476	-6	0
4496	-6	0
4497	-4.3	0
4498	-6	0
4499	-6	0
4500	-4.3	0
4502	-6	0
4503	-4.3	0
4504	-4.3	0
4506	-4.3	0
4507	-4.3	0
4508	-6	0
4509	-6	0
4512	-6	0
4513	-6	0
4515	-6	0
4516	-6	0
4517	-4.3	0
4518	-6	0
4519	-6	0
4523	-6	0
4526	-4.3	0
4527	-6	0
4528	-6	0
4530	-4.3	0
4532	-6	0
4533	-6	0
4535	-6	0
4536	-6	0
4541	-4.3	0
4542	-6	0
4543	-6	0
4545	-6	0
4547	-6	0
4549	-6	0
4550	-6	0
4551	-6	0
4553	-6	0
4561	-6	0
4573	-6	0
4576	-6	0
4579	-4.3	0
4580	-6	0
4582	-6	0
4583	-6	0
4591	-6	0
4593	-6	0
4594	-4.3	0
4595	-6	0
4598	-2.9	0
4601	-6	0
4612	-6	0
4613	-6	0
4614	-6	0
4620	-6	0
4626	-4.3	0
4630	-6	0
4632	-6	0
4633	-4.3	0
4638	-6	0
4639	-6	0
4640	-6	0
4648	-4.3	0
4651	-6	0
4652	-6	0
4653	-4.3	0
4655	-6	0
4656	-6	0
4657	-6	0
4671	-6	0
4672	-6	0
4673	-6	0
4674	-6	0
4678	-6	0
4679	-6	0
4680	-6	0
4692	-6	0
4694	-6	0
4697	-6	0
4699	-6	0
4701	-6	0
4702	-6	0
4708	-6	0
4709	-6	0
4710	-6	0
4713	-6	0
4715	-6	0
4717	-6	0
4718	-6	0
4721	-6	0
4725	-6	0
4726	-6	0
4728	-6	0
4731	-6	0
4737	-6	0
4738	-6	0
4740	-6	0
4741	-6	0
4743	-6	0
4744	-6	0
4746	-6	0
4749	-6	0
4750	-6	0
4751	-6	0
4752	-6	0
4753	-6	0
4755	-6	0
4757	-6	0
4760	-6	0
4761	-6	0
4763	-6	0
4765	-6	1
4767	-6	0
4770	-6.3	1
4772	-6	0
4777	-6	0
4778	-6	0
4784	-6	0
4797	-6	0
4836	-4.3	0
4837	-4.3	0
4841	-6	0
4842	-6	0
4844	-4.3	0
4845	-4.3	0
4847	-4.3	0
4848	-6	0
4850	-4.3	0
4856	-6	0
4857	-6	0
4859	-4.3	0
4860	-4.3	0
4861	-6	0
4863	-6	0
4866	-6	0
4873	-6	0
4874	-6	0
4878	-4.3	0
4882	-4.3	0
4891	-4.3	0
4896	-6	0
4901	-6	0
4902	-4.3	0
4913	-4.3	0
4914	-4.3	0
4915	-4.3	0
4916	-6	0
4917	-6	0
4918	-4.3	0
4919	-4.3	0
4920	-6	0
4921	-6	0
4922	-6	0
4944	-6	0
4945	-6	0
4947	-4.3	0
4948	-4.3	0
4950	-4.3	0
4952	-6	0
4954	-4.3	0
4957	-6	0
4958	-6	0
4960	-4.3	0
4961	-4.3	0
4962	-6	0
4963	-6	0
4964	-6	0
4966	-6	0
4968	-6	0
4969	-6	0
4972	-4.3	0
4973	-6	0
4974	-6	0
4975	-4.3	0
4976	-4.3	0
4977	-4.3	0
4978	-6	0
4981	-6	0
4985	-6	0
4986	-4.3	0
4987	-6	0
4990	-6	0
4992	-4.3	0
4996	-6	0
4998	-6	0
4999	-6	0
5000	-6	0
5002	-6	0
5004	-6	0
5005	-6	0
5006	-6	0
5007	-6	0
5014	-4.3	0
5015	-4.3	0
5016	-6	0
5018	-6	0
5019	-6	0
5020	-6	0
5024	-4.3	0
5025	-4.3	0
5026	-4.3	0
5027	-6	0
5028	-6	0
5031	-4.3	0
5034	-6	0
5036	-6	0
5037	-6	0
5038	-4.3	0
5039	-6	0
5040	-6	0
5041	-6	0
5044	-6	0
5049	-6	0
5052	-6	0
5054	-4.3	0
5058	-4.3	0
5062	-6	0
5063	-4.3	0
5064	-6	0
5065	-6	0
5067	-6	0
5068	-4.3	0
5072	-4.3	0
5073	-6	0
5074	-6	0
5075	-6	0
5084	-4.3	0
5089	-6	0
5093	-6	0
5094	-4.3	0
5117	-6	0
5119	-6	0
5120	-6	0
5121	-6	0
5123	-4.3	0
5124	-4.3	0
5125	-6	0
5126	-6	0
5127	-6	0
5131	-4.3	0
5132	-6	0
5135	-6	0
5137	-4.3	0
5138	-4.3	0
5139	-6	0
5141	-6	0
5142	-6	0
5143	-6	0
5144	-6	0
5145	-6	0
5146	-6	0
5148	-6	0
5149	-6	0
5150	-6	0
5151	-4.3	0
5152	-4.3	0
5153	-4.3	0
5154	-6	0
5161	-6	0
5162	-6	0
5163	-6	0
5164	-6	0
5165	-6	0
5167	-6	0
5168	-6	0
5169	-4.3	0
5171	-4.3	0
5175	-6	0
5177	-6	0
5178	-6	0
5179	-6	0
5180	-6	0
5181	-6	0
5182	-6	0
5189	-4.3	0
5191	-6	0
5193	-6	0
5196	-4.3	0
5197	-4.3	0
5198	-6	0
5201	-4.3	0
5206	-6	0
5208	-6	0
5209	-4.3	0
5210	-4.3	0
5211	-6	0
5213	-6	0
5217	-6	0
5225	-6	0
5226	-6	0
5233	-4.3	0
5238	-4.3	0
5242	-6	0
5244	-6	0
5245	-4.3	0
5247	-6	0
5248	-6	0
5249	-6	0
5255	-4.3	0
5258	-6	0
5259	-6	0
5260	-4.3	0
5281	-6	0
5282	-6	0
5284	-4.3	0
5285	-6	0
5288	-4.3	0
5291	-6	0
5292	-6	0
5294	-4.3	0
5295	-6	0
5296	-6	0
5298	-6	0
5299	-6	0
5301	-6	0
5302	-6	0
5303	-4.3	0
5304	-4.3	0
5305	-4.3	0
5306	-6	0
5310	-6	0
5311	-6	0
5315	-6	0
5316	-6	0
5318	-6	0
5319	-6	0
5321	-4.3	0
5325	-6	0
5326	-6	0
5328	-6	0
5329	-6	0
5330	-6	0
5332	-6	0
5333	-6	0
5334	-6	0
5335	-6	0
5336	-6	0
5344	-6	0
5348	-6	0
5355	-6	0
5357	-6	0
5358	-6	0
5359	-6	0
5362	-4.3	0
5364	-6	0
5365	-6	0
5366	-6	0
5369	-4.3	0
5370	-6	0
5371	-4.3	0
5378	-4.3	0
5379	-4.3	0
5380	-4.3	0
5381	-4.3	0
5382	-6	0
5383	-6	0
5384	-6	0
5385	-6	0
5386	-6	0
5387	-6	0
5388	-6	0
5389	-6	0
5390	-6	0
5391	-6	0
5392	-6	0
5393	-6	0
5394	-6	0
5395	-6	0
5396	-6	0
5397	-6	0
5398	-6	0
5401	-6	0
5402	-6	0
5403	-6.3	0
5404	-6	0
5405	-6	0
5406	-6	0
5409	-4.3	0
5410	-4.3	0
5419	-6	0
5421	-6	0
5422	-4.3	0
5423	-4.3	0
5424	-6	0
5426	-6	0
5430	-6	0
5438	-6	0
5439	-6	0
5446	-4.3	0
5447	-4.3	0
5448	-4.3	0
5454	-4.3	0
5455	-6	0
5456	-4.3	0
5457	-6	0
5463	-4.3	0
5464	-4.3	0
5467	-4.3	0
5471	-6	0
5472	-6	0
5488	-4.3	0
5489	-4.3	0
5490	-4.3	0
5494	-6	0
5495	-6	0
5497	-4.3	0
5504	-6	0
5505	-6	0
5507	-4.3	0
5508	-6	0
5511	-6	0
5512	-6	0
5514	-6	0
5515	-6	0
5517	-4.3	0
5518	-4.3	0
5519	-6	0
5528	-6	0
5529	-6	0
5532	-6	0
5538	-6	0
5539	-6	0
5541	-6	0
5542	-6	0
5545	-6	0
5546	-6	0
5547	-6	0
5548	-6	0
5550	-4.3	0
5570	-6	0
5571	-6	0
5572	-6	0
5575	-4.3	0
5577	-6	0
5578	-6	0
5579	-6	0
5582	-4.3	0
5583	-6	0
5584	-4.3	0
5591	-4.3	0
5592	-4.3	0
5593	-4.3	0
5594	-4.3	0
5595	-6	0
5596	-6	0
5597	-6	0
5598	-6	0
5599	-6	0
5600	-6	0
5601	-6	0
5602	-6	0
5603	-6	0
5604	-6	0
5605	-6	0
5606	-6	0
5607	-6	0
5608	-6	0
5609	-6	0
5610	-6	0
5611	-6	0
5614	-6	0
5615	-6	0
5616	-6	0
5619	-6	0
5620	-6	0
5621	-6	0
5622	-6	0
5624	-6	0
5625	-6	0
5626	-6	0
5627	-6	0
5628	-6	0
5629	-6	0
5630	-6	0
5634	-6	1
5635	-6	1
5637	-6	0
5640	-6	0
5641	-6	0
5643	-6	1
5645	-6	0
5646	-6	0
5647	-6	0
5648	-6	0
5649	-6	0
5654	-6	0
5655	-6	0
5656	-6	0
5657	-6	0
5658	-6	0
5659	-6	0
5660	-6	0
5661	-6	0
5662	-6	0
5663	-6	0
5664	-6	0
5665	-6	0
5666	-6	0
5668	-6	0
5670	-6	0
5671	-6	0
5675	-6	0
5676	-6	0
5677	-6	0
5678	-6	0
5679	-6	0
5680	-6	0
5681	-6	0
5682	-6	0
5685	-6	0
5686	-6	0
5687	-6	0
5688	-6	0
5689	-6	1
5690	-6	0
5691	-6	0
5692	-6	0
5693	-6	0
5694	-6	0
5695	-6	0
5696	-6	0
5697	-6	0
5698	-6	0
5699	-6	0
5700	-6	0
5701	-6	0
5702	-6	0
5703	-6	0
5704	-6	0
5705	-6	0
5708	-6	0
5709	-6	0
5711	-6	0
5712	-6	0
5713	-6	0
5714	-6	0
5715	-6	0
5719	-6	1
5722	-6	0
5725	-6	0
5728	-6	0
5729	-6	1
5730	-6	0
5732	-6	0
5733	-6	0
5734	-6	0
5738	-6	0
5739	-6	0
5742	-6	0
5745	-6	0
5746	-6	0
5747	-6	0
5748	-6	0
5749	-6	1
5756	-6	0
5761	-6	0
5763	-6	1
5765	-6	0
5769	-6	0
5773	-6	0
5780	-6	0
5784	-6	0
5785	-4.3	0
5786	-4.3	0
5790	-6	0
5791	-6	0
5792	-6	0
5793	-6	0
5794	-6	0
5795	-6	0
5799	-6	0
5804	-4.3	0
5805	-4.3	0
5809	-6	1
5810	-4.3	0
5811	-6	0
5812	-2.9	0
5814	-6	0
5817	-6	0
5820	-6	0
5823	-4.3	0
5824	-6	0
5825	-4.3	0
5831	-4.3	0
5832	-6	0
5835	-6	0
5836	-4.3	0
5837	-4.3	0
5838	-4.3	0
5841	-4.3	0
5842	-6	0
5845	-6	0
5849	-6	1
5850	-6	0
5851	-6	0
5857	-6	0
5858	-4.3	0
5859	-4.3	0
5860	-4.3	0
5862	-4.3	0
5863	-6	0
5867	-6	0
5868	-6	0
5869	-6	0
5870	-6	0
5871	-6	0
5872	-6	0
5894	-6	1
5895	-6	0
5896	-6	0
5897	-6	0
5898	-6	0
5899	-6	0
5902	-6	0
5907	-6	0
5908	-4.3	0
5910	-6	0
5913	-6	0
5914	-6	0
5915	-6	0
5916	-6	0
5919	-6	0
5921	-4.3	0
5922	-6	0
5923	-4.3	0
5926	-6	0
5930	-6	0
5931	-6	1
5933	-4.3	0
5935	-6	0
5936	-6	0
5940	-6	0
5945	-4.3	0
5946	-6	0
5950	-6	1
5951	-6	0
5952	-6	0
5955	-6	0
5956	-6	0
5960	-4.3	0
5962	-6	0
5965	-6	0
5966	-6	1
5970	-6	0
5971	-6	0
5975	-4.3	0
5977	-4.3	0
5980	-6	0
5981	-6	0
5982	-6	1
5985	-6	1
5987	-4.3	0
5990	-2.9	0
5991	-6	0
5992	-4.3	0
5993	-6	0
5995	-6	0
5997	-6	1
6000	-6	0
6001	-6	0
6002	-6	0
6003	-6	0
6004	-6	0
6006	-6	0
6007	-6	0
6008	-6	0
6010	-6	0
6011	-6	0
6012	-6	0
6016	-6	1
6017	-6	1
6019	-6	0
6022	-6	0
6023	-6	0
6025	-6	1
6027	-6	0
6028	-6	0
6029	-6	0
6030	-6	0
6031	-6	0
6036	-6	0
6037	-6	0
6038	-6	0
6039	-6	0
6040	-6	0
6041	-6	0
6042	-6	0
6043	-6	0
6044	-6	0
6045	-6	0
6046	-6	0
6047	-6	0
6048	-6	0
6050	-6	0
6052	-6	0
6053	-6	0
6057	-6	0
6058	-6	0
6059	-6	0
6060	-6	0
6061	-6	0
6062	-6	0
6063	-6	0
6064	-6	0
6067	-6	0
6068	-6	0
6069	-6	0
6070	-6	0
6071	-6	1
6072	-6	0
6073	-6	0
6074	-6	0
6075	-6	0
6076	-6	0
6077	-6	0
6078	-6	0
6079	-6	0
6080	-6	0
6081	-6	0
6082	-6	0
6083	-6	0
6084	-6	0
6085	-6	0
6086	-6	0
6087	-6	0
6090	-6	0
6091	-6	0
6093	-6	0
6094	-6	0
6095	-6	0
6096	-6	0
6097	-6	0
6101	-6	1
6104	-6	0
6107	-6	0
6110	-6	0
6111	-6	1
6112	-6	0
6114	-6	0
6115	-6	0
6116	-6	0
6120	-6	0
6121	-6	0
6124	-6	0
6127	-6	0
6128	-6	0
6129	-6	0
6130	-6	0
6131	-6	1
6138	-6	0
6143	-6	0
6145	-6	1
6147	-6	0
6150	-6.3	0
6152	-4.3	0
6153	-4.3	0
6162	-6	0
6164	-6	0
6165	-4.3	0
6166	-4.3	0
6167	-6	0
6169	-6	0
6173	-6	0
6175	-6	0
6181	-6	0
6182	-6	0
6189	-4.3	0
6190	-4.3	0
6191	-4.3	0
6197	-4.3	0
6198	-6	0
6199	-4.3	0
6200	-6	0
6206	-4.3	0
6207	-4.3	0
6210	-4.3	0
6214	-6	0
6215	-6	0
6231	-4.3	0
6232	-4.3	0
6233	-4.3	0
6237	-6	0
6238	-6	0
6240	-4.3	0
6247	-6	0
6248	-6	0
6250	-4.3	0
6251	-6	0
6254	-6	0
6255	-6	0
6257	-6	0
6258	-6	0
6262	-6	0
6271	-6	0
6272	-6	0
6275	-6	0
6281	-6	0
6282	-6	0
6284	-6	0
6285	-6	0
6288	-6	0
6289	-6	0
6290	-6	0
6291	-6	0
6293	-4.3	0
6295	-6	0
6299	-4.3	0
6301	-4.3	0
6302	-4.3	0
6303	-4.3	0
6304	-6	0
6305	-6	0
6308	-4.3	0
6310	-4.3	0
6311	-6	0
6313	-6	0
6314	-6	0
6315	-4.3	0
6316	-6	0
6317	-6	0
6318	-6	0
6321	-6	0
6326	-6	0
6329	-6	0
6331	-4.3	0
6335	-4.3	0
6339	-6	0
6340	-4.3	0
6341	-6	0
6342	-6	0
6344	-6	0
6345	-4.3	0
6349	-4.3	0
6350	-6	0
6351	-6	0
6352	-6	0
6361	-4.3	0
6366	-6	0
6370	-6	0
6371	-4.3	0
6394	-6	0
6396	-6	0
6397	-6	0
6398	-6	0
6400	-4.3	0
6401	-4.3	0
6402	-6	0
6403	-6	0
6404	-6	0
6408	-4.3	0
6409	-6	0
6412	-6	0
6414	-4.3	0
6415	-4.3	0
6416	-6	0
6418	-6	0
6419	-6	0
6420	-6	0
6421	-6	0
6422	-6	0
6423	-6	0
6425	-6	0
6426	-6	0
6427	-6	0
6428	-4.3	0
6429	-4.3	0
6430	-4.3	0
6431	-6	0
6438	-6	0
6439	-6	0
6440	-6	0
6441	-6	0
6442	-6	0
6444	-6	0
6445	-6	0
6446	-4.3	0
6448	-4.3	0
6452	-6	0
6454	-6	0
6455	-6	0
6456	-6	0
6457	-6	0
6458	-6	0
6459	-6	0
6466	-4.3	1
6467	-4.3	0
6468	-6	0
6470	-6	0
6471	-4.3	1
6472	-6	0
6473	-4.3	0
6475	-6	0
6481	-6	0
6482	-6	0
6486	-4.3	1
6487	-6	0
6488	-6	0
6489	-6	0
6505	-6	0
6506	-6	0
6507	-4.3	1
6508	-6	0
6509	-6	0
6512	-6	0
6514	-4.3	1
6515	-6	0
6517	-6	0
6518	-6	0
6520	-6	0
6521	-6	0
6522	-6	0
6525	-6	0
6526	-6	0
6528	-4.3	0
6529	-4.3	0
6530	-4.3	0
6531	-4.3	0
6532	-4.3	0
6533	-6	0
6534	-6	0
6536	-4.3	0
6537	-4.3	0
6538	-4.3	0
6539	-4.3	0
6540	-4.3	0
6541	-4.3	0
6547	-4.3	0
6548	-4.3	0
6549	-4.3	1
6551	-4.3	0
6552	-4.3	0
6553	-4.3	1
6557	-4.3	0
6558	-4.3	0
6559	-6	0
6560	-6	0
6562	-6	0
6563	-6	0
6564	-4.3	0
6565	-6	0
6566	-6	0
6567	-4.3	0
6569	-4.3	0
6570	-6	0
6571	-4.3	0
6572	-6	0
6573	-6	0
6574	-6	0
6576	-6	0
6577	-6	0
6578	-4.3	0
6579	-4.3	0
6580	-6	0
6582	-4.3	0
6583	-4.3	0
6584	-6	0
6585	-4.3	0
6586	-4.3	0
6587	-6	0
6590	-2.9	0
6591	-6	0
6592	-6	0
6593	-6	0
6594	-4.3	0
6595	-4.3	0
6600	-6	0
6602	-6	0
6603	-6	0
6605	-6	0
6609	-4.3	0
6610	-4.3	0
6611	-4.3	0
6614	-4.3	0
6615	-4.3	0
6616	-4.3	0
6618	-6	0
6622	-6	0
6625	-4.3	0
6626	-4.3	0
6627	-4.3	0
6630	-4.3	0
6631	-4.3	0
6632	-4.3	0
6639	-6	0
6640	-4.3	0
6641	-6	0
6642	-6	0
6643	-6	0
6644	-4.3	0
6646	-6	0
6647	-6	0
6648	-4.3	0
6649	-4.3	0
6651	-6	0
6652	-4.3	0
6653	-4.3	0
6654	-6	0
6658	-6	0
6659	-6	0
6660	-6	0
6661	-6	0
6662	-4.3	0
6663	-6	0
6664	-6	0
6665	-6	0
6669	-6	0
6670	-4.3	0
6674	-6	0
6675	-6	0
6676	-6	0
6677	-6	0
6678	-6	0
6680	-6	0
6684	-6	0
6686	-6	0
6688	-6	0
6690	-6	0
6691	-6	0
6692	-6	0
6697	-4.3	0
6698	-6	0
6700	-4.3	0
6703	-4.3	0
6704	-4.3	0
6705	-4.3	0
6706	-6	0
6707	-4.3	1
6708	-6	0
6711	-6	0
6713	-6	0
6715	-4.3	0
6716	-4.3	0
6717	-6	0
6720	-4.3	0
6721	-4.3	0
6722	-4.3	0
6723	-4.3	0
6724	-4.3	0
6725	-6	0
6726	-6	0
6729	-4.3	0
6730	-4.3	0
6731	-4.3	0
6732	-4.3	0
6736	-4.3	0
6737	-4.3	0
6739	-4.3	0
6740	-4.3	0
6742	-6	0
6744	-6	0
6746	-4.3	0
6747	-6	0
6748	-6	0
6749	-6	0
6752	-4.3	0
6753	-4.3	0
6756	-4.3	0
6757	-4.3	0
6758	-6	0
6759	-6	0
6765	-4.3	0
6766	-4.3	0
6767	-4.3	0
6770	-4.3	0
6771	-4.3	0
6772	-4.3	0
6779	-4.3	0
6780	-4.3	0
6781	-6	0
6782	-6	0
6783	-4.3	0
6785	-6	0
6786	-4.3	0
6787	-4.3	0
6789	-4.3	0
6790	-4.3	0
6791	-6	0
6792	-6	0
6795	-6	0
6796	-6	0
6798	-6	0
6799	-6	0
6800	-4.3	0
6801	-6	0
6802	-6	0
6806	-6	0
6809	-4.3	0
6810	-6	0
6811	-6	0
6815	-6	0
6816	-6	0
6818	-6	0
6819	-6	0
6825	-6	0
6826	-6	0
6828	-6	0
6829	-6	0
6830	-6	0
6832	-6	0
6833	-6	0
6834	-6	0
6835	-6	0
6836	-6	0
6845	-4.3	0
6847	-6	0
6848	-6	0
6849	-6	0
6852	-4.3	0
6853	-6	0
6854	-4.3	0
6861	-4.3	0
6862	-4.3	0
6863	-4.3	0
6864	-4.3	0
6865	-6	0
6866	-6	0
6867	-6	0
6868	-6	0
6869	-6	0
6870	-6	0
6871	-6	0
6872	-6	0
6873	-6	0
6874	-6	0
6875	-6	0
6876	-6	0
6877	-6	0
6878	-6	0
6879	-6	0
6880	-6	0
6881	-6	0
6884	-6	0
6885	-6	0
6886	-4.3	0
6890	-4.3	0
6891	-6	0
6892	-6	0
6893	-6	0
6895	-4.3	0
6896	-4.3	0
6898	-4.3	0
6899	-4.3	0
6900	-4.3	0
6901	-4.3	0
6902	-4.3	0
6903	-6	0
6904	-6	0
6905	-6	0
6906	-6	0
6907	-6	0
6908	-6	0
6909	-6	0
6910	-6	0
6911	-6	0
6912	-6	0
6914	-6	0
6916	-6	0
6919	-6	0
6922	-6	0
6924	-6	1
6927	-6	0
6928	-6	0
6931	-6	1
6932	-6	0
6935	-4.3	0
6937	-6	0
6938	-6	0
6939	-6	0
6940	-6	0
6943	-6	0
6955	-6	0
6966	-6	1
6967	-6	0
6968	-6	0
6969	-6	0
6970	-6	0
6971	-6	0
6972	-6	0
6973	-6	0
6974	-6	0
6975	-6	0
6976	-6	0
6977	-6	0
6978	-6	0
6979	-6	0
6980	-6	0
6985	-6	0
6987	-6	0
6992	-4.3	0
6993	-6	1
6995	-6	0
7004	-6	1
7005	-6	0
7008	-4.3	0
7010	-6	0
7019	-6	0
7021	-6	1
7025	-6	0
7029	-6	0
7031	-6	1
7032	-6	0
7039	-6.3	0
7042	-6	0
7044	-6	0
7050	-6	0
7054	-6	0
7055	-6	0
7056	-6	0
7057	-6	0
7058	-6	0
7059	-6	0
7067	-6	0
7068	-6	0
7069	-6	0
7070	-6	0
7076	-6	0
7077	-6	0
7078	-6	0
7087	-6	0
7088	-6	0
7089	-6	0
7090	-6	0
7094	-6	0
7095	-6	0
7099	-6	0
7101	-6	0
7116	-6	0
7120	-6	0
7139	-6	0
7140	-6	0
7141	-6	0
7144	-6	0
7145	-6	0
7148	-6	0
7152	-6	0
7160	-6	0
7162	-6	0
7175	-6	0
7176	-6	0
7200	-6	0
7201	-6	0
7204	-6	0
7209	-6	0
7215	-6	0
7216	-6	0
7217	-6	0
7219	-6	0
7220	-6	0
7224	-6	0
7230	-6	0
7231	-6	0
7233	-6	0
7234	-6	0
7240	-6	0
7244	-6	1
7245	-6	0
7246	-6	0
7252	-6.3	0
7258	-6	0
7260	-6	0
7261	-4.3	0
7262	-4.3	0
7263	-6	0
7265	-6	0
7269	-6	0
7277	-6	0
7278	-6	0
7285	-4.3	0
7286	-4.3	0
7287	-4.3	0
7293	-4.3	0
7294	-6	0
7295	-4.3	0
7296	-6	0
7302	-4.3	1
7303	-4.3	1
7306	-4.3	0
7310	-6	0
7311	-6	0
7327	-4.3	0
7328	-4.3	0
7329	-4.3	0
7333	-6	0
7334	-6	0
7336	-4.3	0
7343	-6	0
7344	-6	0
7346	-4.3	0
7347	-6	0
7350	-6	0
7351	-6	0
7353	-6	0
7354	-6	0
7356	-4.3	0
7357	-4.3	0
7358	-6	0
7367	-6	0
7368	-6	0
7371	-6	0
7377	-6	0
7378	-6	0
7380	-6	0
7381	-6	0
7384	-6	0
7385	-6	0
7386	-6	0
7387	-6	0
7389	-4.3	0
7395	-6.3	0
7397	-4.3	0
7398	-4.3	0
7400	-6	0
7401	-4.3	0
7402	-6	0
7407	-6	0
7409	-4.3	0
7411	-6	0
7414	-4.3	0
7415	-4.3	0
7416	-4.3	0
7419	-6	0
7420	-6	0
7421	-4.3	0
7423	-4.3	0
7424	-4.3	0
7425	-4.3	0
7426	-4.3	0
7430	-4.3	0
7431	-4.3	0
7433	-4.3	0
7434	-4.3	0
7435	-4.3	0
7436	-6	0
7437	-4.3	0
7438	-6	0
7440	-6	0
7446	-4.3	0
7447	-4.3	0
7450	-4.3	0
7451	-4.3	0
7452	-6	0
7453	-6	0
7459	-4.3	0
7460	-4.3	0
7461	-4.3	0
7464	-4.3	0
7465	-4.3	0
7466	-4.3	0
7473	-6	0
7475	-6	0
7476	-6	0
7485	-6	0
7486	-6	0
7487	-4.3	0
7489	-6	0
7492	-6	0
7493	-6	0
7495	-6	0
7496	-6	0
7500	-6	0
7506	-4.3	0
7507	-4.3	0
7509	-6	0
7510	-6	0
7513	-6	0
7518	-4.3	0
7519	-6	0
7520	-6	0
7522	-6	0
7526	-6	0
7527	-6	0
7528	-6	0
7542	-6	0
7543	-6	0
7553	-6	0
7556	-6	0
7558	-6	0
7560	-6	0
7562	-6	0
7566	-6	0
7573	-6	0
7577	-6	0
7578	-6	0
7584	-6	0
7592	-6	0
7593	-6	0
7594	-6	0
7595	-6	0
7596	-6	0
7601	-2.9	0
7602	-4.3	0
7603	-6	0
7604	-6	0
7605	-6	0
7614	-6	0
7615	-6	0
7616	-6	0
7617	-6	0
7619	-4.3	0
7620	-6	0
7621	-6	0
7622	-6	0
7629	-4.3	0
7630	-4.3	0
7631	-6	0
7632	-6	0
7633	-6	0
7634	-6	0
7635	-6	0
7641	-2.9	0
7643	-6	0
7644	-6	0
7645	-6	0
7653	-6	0
7654	-6	0
7657	-6	0
7661	-4.3	0
7669	-6	0
7670	-6	0
7673	-6	0
7674	-6	0
7677	-4.3	0
7687	-6	0
7688	-6	0
7690	-6	0
7694	-6	0
7695	-6	0
7698	-6	0
7699	-6	0
7702	-6	0
7705	-6	0
7709	-6	0
7713	-6	0
7714	-6	0
7716	-6	0
7719	-6	0
7720	-6	0
7725	-6	0
7726	-6	0
7727	-6	0
7731	-2.9	1
7735	-6.3	1
7747	-4.3	0
7748	-4.3	0
7751	-6	0
7752	-6	0
7754	-4.3	0
7755	-4.3	0
7756	-6	0
7758	-6	0
7761	-6	0
7768	-6	0
7769	-6	0
7773	-4.3	0
7777	-4.3	0
7786	-4.3	0
7791	-6	0
7796	-6	0
7797	-4.3	0
7808	-4.3	0
7809	-4.3	0
7810	-4.3	0
7811	-6	0
7812	-6	0
7813	-4.3	0
7814	-4.3	0
7815	-6	0
7816	-6	0
7817	-6	0
7839	-6	0
7840	-6	0
7842	-4.3	0
7843	-4.3	0
7845	-4.3	0
7847	-6	0
7849	-4.3	0
7852	-6	0
7853	-6	0
7855	-4.3	0
7856	-4.3	0
7857	-6	0
7858	-6	0
7859	-6	0
7861	-6	0
7863	-6	0
7864	-6	0
7867	-4.3	0
7868	-6	0
7869	-6	0
7870	-4.3	0
7871	-4.3	0
7872	-4.3	0
7873	-6	0
7876	-6	0
7880	-6	0
7881	-4.3	0
7882	-6	0
7885	-6	0
7887	-4.3	0
7891	-6	0
7893	-6	0
7894	-6	0
7895	-6	0
7897	-6	0
7899	-6	0
7900	-6	0
7901	-6	0
7902	-6	0
7909	-4.3	0
7911	-6	0
7913	-6	0
7914	-4.3	0
7915	-4.3	0
7916	-6	0
7918	-6	0
7922	-6	0
7930	-6	0
7931	-6	0
7938	-4.3	0
7943	-4.3	0
7947	-6	0
7949	-6	0
7950	-4.3	0
7952	-6	0
7953	-6	0
7954	-6	0
7960	-4.3	0
7963	-6	0
7964	-6	0
7965	-4.3	0
7986	-6	0
7987	-6	0
7989	-4.3	0
7990	-6	0
7993	-4.3	0
7996	-6	0
7997	-6	0
7999	-4.3	0
8000	-6	0
8001	-6	0
8003	-6	0
8004	-6	0
8006	-6	0
8007	-6	0
8008	-4.3	0
8009	-4.3	0
8010	-4.3	0
8011	-6	0
8015	-6	0
8016	-6	0
8020	-6	0
8021	-6	0
8023	-6	0
8024	-6	0
8026	-4.3	0
8030	-6	0
8031	-6	0
8033	-6	0
8034	-6	0
8035	-6	0
8037	-6	0
8038	-6	0
8039	-6	0
8040	-6	0
8041	-6	0
8051	-6	0
8058	-6	0
8061	-4.3	0
8063	-6	0
8064	-6	0
8065	-6	0
8068	-4.3	0
8069	-6	0
8070	-4.3	0
8077	-4.3	0
8078	-4.3	0
8079	-4.3	0
8080	-4.3	0
8081	-6	0
8082	-6	0
8083	-6	0
8084	-6	0
8085	-6	0
8086	-6	0
8087	-6	0
8088	-6	0
8089	-6	0
8090	-6	0
8091	-6	0
8092	-6	0
8093	-6	0
8094	-6	0
8095	-6	0
8096	-6	0
8097	-6	0
8100	-6	0
8101	-6	0
8102	-6.3	0
8103	-6	0
8105	-6	0
8106	-4.3	0
8107	-4.3	0
8108	-6	0
8110	-6	0
8114	-6	0
8122	-6	0
8123	-6	0
8130	-4.3	0
8131	-4.3	0
8132	-4.3	0
8138	-4.3	0
8139	-6	0
8140	-4.3	0
8141	-6	0
8147	-4.3	0
8148	-4.3	0
8151	-4.3	0
8155	-6	0
8156	-6	0
8172	-4.3	0
8173	-4.3	0
8174	-4.3	0
8178	-6	0
8179	-6	0
8181	-4.3	0
8188	-6	0
8189	-6	0
8191	-4.3	0
8192	-6	0
8195	-6	0
8196	-6	0
8198	-6	0
8199	-6	0
8201	-4.3	0
8202	-4.3	0
8203	-6	0
8212	-6	0
8213	-6	0
8216	-6	0
8222	-6	0
8223	-6	0
8225	-6	0
8226	-6	0
8229	-6	0
8230	-6	0
8231	-6	0
8232	-6	0
8234	-4.3	0
8252	-6	0
8255	-6	1
8256	-6	1
8258	-6	0
8261	-6	0
8262	-6	0
8264	-6	1
8266	-6	0
8267	-6	0
8268	-6	0
8269	-6	0
8270	-6	0
8275	-6	0
8276	-6	0
8277	-6	0
8278	-6	0
8279	-6	0
8280	-6	0
8281	-6	0
8282	-6	0
8283	-6	0
8284	-6	0
8285	-6	0
8286	-6	0
8287	-6	0
8289	-6	0
8291	-6	0
8292	-6	0
8296	-6	0
8297	-6	0
8298	-6	0
8299	-6	0
8300	-6	0
8301	-6	0
8302	-6	0
8303	-6	0
8306	-6	0
8307	-6	0
8308	-6	0
8309	-6	0
8310	-6	1
8311	-6	0
8312	-6	0
8313	-6	0
8314	-6	0
8315	-6	0
8316	-6	0
8317	-6	0
8318	-6	0
8319	-6	0
8320	-6	0
8321	-6	0
8322	-6	0
8323	-6	0
8324	-6	0
8325	-6	0
8326	-6	0
8329	-6	0
8330	-6	0
8332	-6	0
8333	-6	0
8334	-6	0
8335	-6	0
8336	-6	0
8340	-6	1
8343	-6	0
8346	-6	0
8349	-6	0
8350	-6	1
8351	-6	0
8353	-6	0
8354	-6	0
8355	-6	0
8359	-6	0
8360	-6	0
8363	-6	0
8366	-6	0
8367	-6	0
8368	-6	0
8369	-6	0
8370	-6	1
8377	-6	0
8382	-6	0
8384	-6	1
8386	-6	0
8391	-4.3	0
8392	-4.3	0
8396	-6	1
8397	-4.3	0
8399	-2.9	0
8410	-4.3	0
8412	-4.3	1
8418	-4.3	0
8421	-4.3	0
8422	-4.3	0
8423	-4.3	0
8424	-4.3	0
8425	-4.3	0
8426	-4.3	0
8428	-4.3	0
8429	-4.3	0
8432	-6	1
8436	-6	0
8438	-6	1
8439	-6	0
8440	-6	0
8441	-6	0
8443	-4.3	1
8444	-4.3	1
8445	-4.3	1
8446	-4.3	1
8447	-4.3	0
8448	-4.3	0
8449	-4.3	0
8450	-4.3	0
8454	-6	1
8456	-6	1
8457	-6	0
8458	-6	0
8459	-6	0
8481	-6	1
8495	-4.3	1
8498	-6	0
8502	-4.3	0
8508	-4.3	0
8510	-4.3	0
8514	-6	0
8518	-6	1
8520	-4.3	0
8531	-4.3	0
8532	-4.3	0
8533	-4.3	0
8534	-4.3	0
8535	-4.3	1
8537	-6	1
8538	-6	0
8540	-6	0
8541	-6	0
8547	-4.3	1
8553	-6	0
8554	-6	0
8558	-4.3	0
8562	-4.3	0
8564	-4.3	0
8568	-6	1
8569	-6	0
8570	-6	0
8571	-6	0
8572	-6	1
8574	-4.3	0
8577	-2.9	0
8579	-4.3	0
8580	-4.3	0
8582	-2.9	1
8587	-6	0
8588	-6	1
8589	-6	1
8591	-6	0
8594	-6	0
8595	-6	0
8597	-6	1
8599	-6	0
8600	-6	0
8601	-6	0
8602	-6	0
8603	-6	0
8608	-6	0
8609	-6	0
8610	-6	0
8611	-6	0
8612	-6	0
8613	-6	0
8614	-6	0
8615	-6	0
8616	-6	0
8617	-6	0
8618	-6	0
8619	-6	0
8620	-6	0
8622	-6	0
8624	-6	0
8625	-6	0
8629	-6	0
8630	-6	0
8631	-6	0
8632	-6	0
8633	-6	0
8634	-6	0
8635	-6	0
8636	-6	0
8639	-6	0
8640	-6	0
8641	-6	0
8642	-6	0
8643	-6	1
8644	-6	0
8645	-6	0
8646	-6	0
8647	-6	0
8648	-6	0
8649	-6	0
8650	-6	0
8651	-6	0
8652	-6	0
8653	-6	0
8654	-6	0
8655	-6	0
8656	-6	0
8657	-6	0
8658	-6	0
8659	-6	0
8662	-6	0
8663	-6	0
8665	-6	0
8666	-6	0
8667	-6	0
8668	-6	0
8669	-6	0
8673	-6	1
8676	-6	0
8679	-6	0
8682	-6	0
8683	-6	1
8684	-6	0
8686	-6	0
8687	-6	0
8688	-6	0
8692	-6	0
8693	-6	0
8696	-6	0
8699	-6	0
8700	-6	0
8701	-6	0
8702	-6	0
8703	-6	1
8710	-6	0
8715	-6	0
8717	-6	1
8719	-6	0
8722	-4.3	1
8723	-6	0
8724	-4.3	1
8727	-6	0
8750	-4.3	0
8751	-4.3	0
8752	-4.3	0
8753	-6	0
8754	-6	0
8755	-6	0
8760	-4.3	0
8763	-6	0
8765	-6	0
8766	-4.3	0
8767	-6	0
8768	-6	0
8769	-6	0
8770	-6	0
8773	-6	0
8777	-6	0
8778	-6	0
8779	-6	0
8782	-4.3	1
8783	-4.3	1
8784	-6	1
8785	-4.3	1
8786	-4.3	1
8787	-6	1
8789	-4.3	0
8790	-4.3	0
8791	-4.3	0
8792	-4.3	0
8793	-6	1
8794	-6	1
8797	-6	0
8799	-4.3	1
8800	-4.3	1
8805	-4.3	0
8806	-4.3	0
8807	-4.3	1
8811	-4.3	0
8812	-4.3	0
8813	-4.3	1
8815	-6	1
8820	-6	1
8826	-6	1
8827	-6	1
8830	-4.3	0
8831	-4.3	0
8832	-4.3	1
8835	-4.3	0
8836	-4.3	0
8837	-4.3	1
8844	-4.3	0
8845	-4.3	0
8846	-4.3	0
8847	-6	1
8848	-6	1
8849	-4.3	0
8852	-4.3	0
8854	-4.3	0
8856	-4.3	0
8857	-4.3	0
8858	-6	1
8859	-6	1
8862	-6	1
8863	-4.3	1
8864	-6	1
8865	-6	1
8866	-4.3	1
8867	-4.3	1
8869	-6	1
8870	-6	1
8874	-6	1
8875	-4.3	1
8877	-6	0
8881	-6	1
8883	-6	1
8885	-6	1
8890	-6	1
8891	-6	1
8892	-6	1
8894	-6	1
8895	-6	1
8896	-6	1
8901	-4.3	1
8902	-6	1
8904	-6	1
8906	-4.3	1
8907	-4.3	1
8908	-6	1
8911	-4.3	0
8912	-4.3	0
8913	-4.3	0
8914	-4.3	0
8915	-4.3	0
8916	-6	1
8917	-6	1
8920	-4.3	1
8921	-4.3	1
8922	-4.3	1
8923	-4.3	1
8927	-4.3	0
8928	-4.3	0
8930	-4.3	0
8931	-4.3	0
8933	-6	1
8935	-6	1
8937	-4.3	1
8938	-6	1
8939	-6	1
8940	-6	1
8943	-4.3	0
8944	-4.3	0
8947	-4.3	0
8948	-4.3	0
8949	-6	1
8950	-6	1
8956	-4.3	0
8957	-4.3	0
8958	-4.3	1
8961	-4.3	0
8962	-4.3	0
8963	-4.3	1
8970	-4.3	1
8971	-4.3	0
8972	-6	1
8973	-6	1
8974	-4.3	0
8976	-6	1
8977	-4.3	0
8978	-4.3	0
8980	-4.3	0
8981	-4.3	0
8982	-6	1
8983	-6	1
8986	-6	1
8987	-6	1
8989	-6	1
8990	-6	1
8991	-4.3	1
8992	-6	1
8993	-6	1
8997	-6	1
9000	-4.3	1
9001	-6	1
9002	-6	1
9006	-6	1
9007	-6	1
9009	-6	1
9010	-6	1
9016	-6	1
9017	-6	1
9019	-6	0
9020	-6	1
9021	-6	1
9023	-6	1
9024	-6	1
9025	-6	1
9026	-6	1
9027	-6	0
9043	-6	0
9044	-6	0
9046	-6	1
9049	-6	0
9050	-6	0
9051	-6	0
9053	-6	0
9054	-6	0
9058	-6	0
9061	-6	0
9063	-6	0
9064	-6	0
9067	-6	0
9068	-6	0
9069	-6	0
9070	-6	0
9071	-6	0
9072	-6	0
9073	-6	0
9074	-6	0
9075	-6	0
9076	-6	0
9081	-6	0
9083	-6	0
9086	-6	0
9096	-6	0
9097	-6	0
9098	-6	0
9099	-6	0
9100	-6	0
9101	-6	0
9102	-6	0
9103	-6	0
9104	-6	0
9105	-6	0
9111	-6	0
9121	-6	1
9122	-6	0
9123	-6	0
9124	-6	0
9125	-6	0
9126	-6	0
9127	-6	0
9128	-6	0
9129	-6	0
9130	-6	0
9131	-6	0
9137	-6	0
9148	-6	0
9150	-6	0
9155	-6	0
9156	-6	0
9159	-6	0
9161	-6	0
9166	-6	0
9167	-6	0
9170	-6	0
9172	-6	1
9186	-6	0
9188	-6	0
9191	-6	1
9192	-6	0
9196	-6	0
9206	-6	0
9209	-6	0
9214	-6	0
9217	-6	0
9236	-6	0
9244	-6.3	1
9247	-6	0
9248	-6	0
9249	-6	0
9253	-4.3	1
9258	-4.3	0
9259	-6	0
9260	-6	0
9261	-6	0
9262	-6	0
9263	-6	0
9264	-6	0
9265	-6	0
9266	-6	0
9267	-6	0
9268	-6	0
9270	-6	0
9272	-6	0
9273	-6	1
9276	-6	0
9280	-6	0
9288	-6	0
9290	-6	0
9303	-6	0
9304	-6	0
9310	-6	0
9311	-6	0
9328	-6	0
9329	-6	0
9337	-6	0
9344	-6	0
9345	-6	0
9347	-6	0
9348	-6	0
9352	-6	0
9358	-6	0
9359	-6	0
9362	-6	0
9368	-6	0
9372	-6	1
9373	-6	0
9374	-6	0
9380	-6	0
9382	-6	0
9383	-6	0
9385	-6	1
9387	-6	0
9388	-6	0
9389	-6	0
9390	-6	0
9391	-6	0
9396	-6	0
9397	-6	0
9398	-6	0
9399	-6	0
9400	-6	0
9401	-6	0
9402	-6	0
9403	-6	0
9404	-6	0
9405	-6	0
9406	-6	0
9407	-6	0
9408	-6	0
9410	-6	0
9412	-6	0
9417	-6	0
9418	-6	0
9419	-6	0
9420	-6	0
9421	-6	0
9422	-6	0
9423	-6	0
9424	-6	0
9427	-6	0
9428	-6	0
9429	-6	0
9430	-6	0
9431	-6	1
9432	-6	0
9433	-6	0
9434	-6	0
9435	-6	0
9436	-6	0
9437	-6	0
9438	-6	0
9439	-6	0
9440	-6	0
9441	-6	0
9442	-6	0
9443	-6	0
9444	-6	0
9445	-6	0
9447	-6	0
9450	-6	0
9451	-6	0
9453	-6	0
9454	-6	0
9455	-6	0
9456	-6	0
9457	-6	0
9461	-6	1
9464	-6	0
9467	-6	0
9470	-6	0
9471	-6	1
9472	-6	0
9474	-6	0
9475	-6	0
9476	-6	0
9480	-6	0
9481	-6	0
9484	-6	0
9487	-6	0
9488	-6	0
9489	-6	0
9490	-6	0
9491	-6	1
9498	-6	0
9503	-6	0
9505	-6	1
9507	-6	0
9524	-2.9	1
9530	-4.3	0
9532	-4.3	0
9540	-4.3	1
9541	-4.3	1
9543	-4.3	1
9545	-4.3	0
9546	-4.3	0
9547	-4.3	0
9552	-6	0
9556	-6	1
9558	-6	0
9559	-6	0
9560	-6	0
9561	-6	0
9562	-4.3	0
9563	-4.3	0
9565	-4.3	0
9567	-4.3	0
9568	-4.3	0
9574	-6	0
9576	-6	0
9577	-6	0
9578	-6	0
9579	-6	0
9591	-4.3	0
9592	-4.3	0
9593	-4.3	0
9601	-6	1
9618	-6	0
9628	-4.3	0
9634	-6	0
9638	-6	1
9651	-4.3	0
9657	-6	1
9658	-6	0
9660	-6	0
9661	-6	0
9673	-6	1
9674	-6	0
9688	-6	0
9689	-6	1
9690	-6	0
9691	-6	0
9692	-6	1
9699	-4.3	0
9700	-4.3	0
9707	-4.3	0
9709	-6	0
9717	-6	0
9718	-6	0
9725	-4.3	0
9730	-4.3	1
9734	-6	0
9736	-6	0
9737	-4.3	0
9739	-6	0
9740	-6	0
9741	-6	0
9747	-4.3	0
9750	-6	0
9751	-6	0
9752	-4.3	0
9773	-6	0
9774	-6	0
9776	-4.3	0
9777	-6	0
9780	-4.3	0
9783	-6	0
9784	-6	0
9786	-4.3	1
9787	-6	0
9788	-6	0
9790	-6	0
9791	-6	0
9793	-6	0
9794	-6	0
9795	-4.3	0
9796	-4.3	1
9797	-4.3	0
9798	-6	0
9802	-6	0
9803	-6	0
9807	-6	0
9808	-6	0
9810	-6	0
9811	-6	0
9813	-4.3	0
9817	-6	0
9818	-6	0
9820	-6	0
9821	-6	0
9822	-6	0
9824	-6	0
9825	-6	0
9826	-6	0
9827	-6	0
9828	-6	0
9835	-6.3	0
9836	-6	0
9844	-6	0
9845	-6	0
9852	-4.3	0
9853	-4.3	1
9854	-4.3	1
9860	-4.3	0
9861	-6	0
9862	-4.3	0
9863	-6	0
9869	-4.3	0
9870	-4.3	0
9873	-4.3	0
9877	-6	0
9878	-6	0
9894	-4.3	0
9895	-4.3	0
9896	-4.3	0
9900	-6	0
9901	-6	0
9903	-4.3	0
9910	-6	0
9911	-6	0
9913	-4.3	1
9914	-6	0
9917	-6	0
9918	-6	0
9920	-6	0
9921	-6	0
9923	-4.3	1
9924	-4.3	0
9925	-6	0
9934	-6	0
9935	-6	0
9938	-6	0
9944	-6	0
9945	-6	0
9947	-6	0
9948	-6	0
9951	-6	0
9952	-6	0
9953	-6	0
9954	-6	0
9956	-4.3	0
9962	-6	0
9963	-6	1
9965	-6	0
9966	-6	0
9967	-6	0
9968	-6	0
9969	-6	0
9974	-6	0
9975	-6	0
9976	-6	0
9977	-6	0
9978	-6	0
9979	-6	0
9980	-6	0
9981	-6	0
9982	-6	0
9983	-6	0
9984	-6	0
9985	-6	0
9986	-6	0
9988	-6	0
9990	-6	0
9991	-6	0
9995	-6	0
9996	-6	0
9997	-6	0
9998	-6	0
9999	-6	0
10000	-6	0
10001	-6	0
10002	-6	0
10005	-6	0
10006	-6	0
10007	-6	0
10008	-6	0
10009	-6	1
10010	-6	0
10011	-6	0
10012	-6	0
10013	-6	0
10014	-6	0
10015	-6	0
10016	-6	0
10017	-6	0
10018	-6	0
10019	-6	0
10020	-6	0
10021	-6	0
10022	-6	0
10023	-6	0
10024	-6	0
10025	-6	0
10028	-6	0
10029	-6	0
10031	-6	0
10032	-6	0
10033	-6	0
10034	-6	0
10035	-6	0
10039	-6	1
10042	-6	0
10045	-6	0
10048	-6	0
10049	-6	1
10050	-6	0
10052	-6	0
10053	-6	0
10054	-6	0
10058	-6	0
10059	-6	0
10062	-6	0
10065	-6	0
10066	-6	0
10067	-6	0
10068	-6	0
10069	-6	1
10076	-6	0
10081	-6	0
10083	-6	1
10085	-6	0
10095	-6	1
10096	-6	1
10113	-6	1
10115	-6	1
10118	-6	1
10119	-6	1
10120	-6	1
10129	-6	1
10130	-6	1
10152	-6	1
10153	-6	1
10156	-6	1
10162	-6	1
10163	-6	1
10166	-6	1
10167	-6	1
10169	-6	1
10170	-6	1
10172	-6	1
10173	-6	1
10177	-6	1
10181	-6	1
10182	-6	1
10186	-6	1
10187	-6	1
10189	-6	1
10190	-6	1
10196	-6	1
10197	-6	1
10199	-6	0
10200	-6	1
10201	-6	1
10203	-6	1
10204	-6	1
10205	-6	1
10206	-6	1
10207	-6	0
10247	-6	0
10265	-4.3	1
10272	-6	0
10287	-4.3	1
10327	-6	0
10328	-6	0
10334	-6	0
10337	-6	0
10339	-6	0
10343	-6	0
10344	-6	0
10362	-6	0
10371	-6	0
10372	-6	0
10378	-4.3	1
10381	-6	0
10384	-6	0
10393	-6	0
10405	-2.9	1
10409	-6.3	1
10411	-6	0
10414	-4.3	0
10415	-4.3	0
10418	-6	0
10419	-6	0
10423	-4.3	0
10427	-4.3	0
10436	-4.3	1
10441	-6	0
10446	-6	0
10447	-4.3	0
10458	-4.3	0
10459	-4.3	0
10460	-4.3	0
10461	-6	0
10462	-6	0
10463	-4.3	0
10464	-4.3	0
10465	-6	0
10466	-6	0
10467	-6	0
10489	-6	0
10490	-6	0
10492	-4.3	0
10493	-4.3	0
10495	-4.3	0
10497	-6	0
10499	-4.3	0
10502	-6	0
10503	-6	0
10505	-4.3	0
10506	-4.3	1
10507	-6	0
10508	-6	0
10509	-6	0
10511	-6	0
10513	-6	0
10514	-6	0
10517	-4.3	0
10518	-6	0
10519	-6	0
10520	-4.3	0
10521	-4.3	0
10522	-4.3	0
10523	-6	0
10526	-6	0
10530	-6	0
10531	-4.3	0
10532	-6	0
10535	-6	0
10537	-4.3	0
10541	-6	0
10543	-6	0
10544	-6	0
10545	-6	0
10547	-6	0
10549	-6	0
10550	-6	0
10551	-6	0
10552	-6	0
10559	-4.3	0
10560	-4.3	0
10561	-6	0
10564	-6	0
10566	-4.3	0
10570	-4.3	0
10574	-6	0
10575	-4.3	1
10576	-6	0
10577	-6	0
10579	-6	0
10580	-4.3	0
10584	-4.3	0
10585	-6	0
10586	-6	0
10587	-6	0
10596	-4.3	0
10601	-6	0
10605	-6	0
10606	-4.3	0
10629	-6	0
10631	-6	0
10632	-6	0
10633	-6	0
10635	-4.3	0
10636	-4.3	0
10637	-6	0
10638	-6	0
10639	-6	0
10643	-4.3	0
10644	-6	0
10647	-6	0
10649	-4.3	1
10650	-4.3	1
10651	-6	0
10653	-6	0
10654	-6	0
10655	-6	0
10656	-6	0
10657	-6	0
10658	-6	0
10660	-6	0
10661	-6	0
10662	-6	0
10663	-4.3	0
10664	-4.3	0
10665	-4.3	0
10666	-6	0
10673	-6	0
10674	-6	0
10675	-6	0
10676	-6	0
10677	-6	0
10679	-6	0
10680	-6	0
10681	-4.3	0
10683	-4.3	0
10687	-6	0
10689	-6	0
10690	-6	0
10691	-6	0
10692	-6	0
10693	-6	0
10694	-6	0
10701	-4.3	0
10704	-6	0
10705	-6	0
10712	-4.3	0
10717	-4.3	1
10721	-6	0
10723	-6	0
10724	-4.3	0
10726	-6	0
10727	-6	0
10728	-6	0
10734	-4.3	0
10737	-6	0
10738	-6	0
10739	-4.3	0
10760	-6	0
10761	-6	0
10763	-4.3	0
10764	-6	0
10767	-4.3	0
10770	-6	0
10771	-6	0
10773	-4.3	1
10774	-6	0
10775	-6	0
10777	-6	0
10778	-6	0
10780	-6	0
10781	-6	0
10782	-4.3	0
10783	-4.3	0
10784	-4.3	0
10785	-6	0
10789	-6	0
10790	-6	0
10794	-6	0
10795	-6	0
10797	-6	0
10798	-6	0
10800	-4.3	0
10804	-6	0
10805	-6	0
10807	-6	0
10808	-6	0
10809	-6	0
10811	-6	0
10812	-6	0
10813	-6	0
10814	-6	0
10815	-6	0
10828	-6	0
10830	-6	0
10831	-6	0
10834	-4.3	0
10835	-6	0
10836	-4.3	1
10843	-4.3	0
10844	-4.3	0
10845	-4.3	0
10846	-4.3	0
10847	-6	0
10848	-6	0
10849	-6	0
10850	-6	0
10851	-6	0
10852	-6	0
10853	-6	0
10854	-6	0
10855	-6	0
10856	-6	0
10857	-6	0
10858	-6	0
10859	-6	0
10860	-6	0
10861	-6	0
10862	-6	0
10863	-6	0
10866	-6	0
10867	-6	0
10868	-6.3	0
10869	-6.3	0
10870	-6	0
10872	-4.3	0
10876	-4.3	0
10877	-4.3	1
10878	-4.3	1
10879	-4.3	0
10880	-6	0
10882	-6	0
10883	-6	0
10884	-4.3	0
10885	-6	0
10890	-4.3	0
10891	-6	0
10892	-6	0
10893	-6	0
10896	-4.3	0
10897	-4.3	0
10901	-4.3	0
10907	-6	0
10908	-4.3	0
10909	-4.3	0
10910	-4.3	0
10911	-6	0
10930	-4.3	0
10931	-4.3	0
10932	-4.3	0
10935	-6	0
10937	-6	0
10938	-6	0
10939	-6	0
10941	-4.3	0
10942	-4.3	0
10943	-6	0
10944	-6	0
10945	-6	0
10950	-6	0
10953	-6	0
10955	-4.3	1
10956	-4.3	1
10957	-6	0
10959	-6	0
10960	-6	0
10961	-6	0
10962	-6	0
10963	-6	0
10964	-6	0
10966	-6	0
10967	-6	0
10968	-6	0
10970	-4.3	0
10971	-4.3	0
10972	-6	0
10979	-6	0
10980	-6	0
10981	-6	0
10982	-6	0
10983	-6	0
10985	-6	0
10986	-6	0
10993	-6	0
10995	-6	0
10997	-6	0
10998	-6	0
10999	-6	0
11000	-6	0
11001	-4.3	0
11007	-6.3	0
11008	-6	0
11009	-6	0
11016	-4.3	0
11017	-4.3	1
11018	-4.3	1
11024	-4.3	0
11025	-6	0
11026	-4.3	0
11027	-6	0
11033	-4.3	0
11034	-4.3	0
11037	-4.3	0
11041	-6	0
11042	-6	0
11058	-4.3	0
11059	-4.3	0
11060	-4.3	0
11064	-6	0
11065	-6	0
11067	-4.3	0
11074	-6	0
11075	-6	0
11077	-4.3	1
11078	-6	0
11081	-6	0
11082	-6	0
11084	-6	0
11085	-6	0
11087	-4.3	0
11088	-4.3	0
11089	-6	0
11098	-6	0
11099	-6	0
11102	-6	0
11108	-6	0
11109	-6	0
11111	-6	0
11112	-6	0
11115	-6	0
11116	-6	0
11117	-6	0
11118	-6	0
11120	-4.3	0
11134	-6	0
11135	-6	0
11137	-6	0
11138	-6	0
11139	-6	0
11140	-6	0
11141	-6	0
11142	-6	0
11143	-6	0
11144	-6	0
11145	-6	0
11146	-6	0
11147	-6	0
11148	-6	0
11149	-6	0
11150	-6	0
11151	-6	0
11152	-6	0
11153	-6	0
11154	-6	0
11155	-6	0
11156	-6	0
11158	-6	0
11159	-6	0
11160	-6	0
11161	-6	0
11163	-6	0
11164	-6	0
11165	-6	0
11166	-6	0
11167	-6	0
11168	-6	0
11169	-6	0
11170	-6	0
11171	-6	0
11172	-6	0
11173	-6	0
11174	-6	0
11175	-6	0
11176	-6	0
11179	-6	0
11180	-6	0
11184	-6	0
11185	-6	0
11186	-6	1
11187	-6	0
11188	-6	0
11189	-6	0
11190	-6	0
11191	-6	0
11192	-6	0
11193	-6	0
11194	-6	0
11195	-6	0
11196	-6	0
11197	-6	0
11198	-6	0
11199	-6	0
11200	-6	0
11201	-6	0
11202	-6	0
11203	-6	0
11204	-6	0
11207	-6	0
11208	-6	0
11209	-6	0
11210	-6	0
11211	-6	0
11212	-6	0
11214	-6	0
11215	-6	0
11216	-6	0
11217	-6	0
11221	-6	0
11222	-6	1
11226	-6	0
11228	-6	0
11231	-6	0
11232	-6	0
11233	-6	0
11236	-6	0
11237	-6	1
11238	-6	0
11240	-6	0
11243	-6	0
11244	-6	0
11245	-6	0
11247	-6	0
11249	-6	0
11250	-6	0
11252	-6	0
11253	-6	0
11254	-6	0
11255	-6	0
11256	-6	1
11258	-6	1
11270	-6	1
11272	-6	0
11275	-6	0
11278	-6	0
11279	-6	0
11280	-6	0
11281	-6	0
11282	-6	0
11283	-6	0
11284	-6	0
11285	-6	0
11286	-6	0
11287	-6	0
11288	-6	0
11289	-6	0
11290	-6	0
11292	-6	0
11294	-6	0
11295	-6	0
11299	-6	0
11300	-6	0
11301	-6	0
11302	-6	0
11303	-6	0
11304	-6	0
11305	-6	0
11306	-6	0
11309	-6	0
11310	-6	0
11311	-6	0
11312	-6	0
11313	-6	1
11314	-6	0
11315	-6	0
11316	-6	0
11317	-6	0
11318	-6	0
11319	-6	0
11320	-6	0
11321	-6	0
11322	-6	0
11323	-6	0
11324	-6	0
11325	-6	0
11326	-6	0
11327	-6	0
11328	-6	0
11329	-6	0
11332	-6	0
11333	-6	0
11335	-6	0
11336	-6	0
11337	-6	0
11338	-6	0
11339	-6	0
11343	-6	1
11346	-6	0
11349	-6	0
11352	-6	0
11353	-6	1
11354	-6	0
11356	-6	0
11357	-6	0
11358	-6	0
11362	-6	0
11363	-6	0
11366	-6	0
11369	-6	0
11370	-6	0
11371	-6	0
11372	-6	0
11373	-6	1
11380	-6	0
11385	-6	0
11387	-6	1
11389	-6	0
11393	-6	0
11396	-6	0
11397	-4.3	0
11411	-4.3	1
11418	-4.3	0
11422	-4.3	0
11428	-4.3	0
11433	-4.3	0
11458	-4.3	0
11461	-4.3	0
11469	-4.3	1
11476	-4.3	0
11483	-4.3	0
11484	-4.3	0
11494	-4.3	0
11510	-4.3	0
11527	-6	0
11528	-6	0
11547	-6	0
11548	-6	0
11549	-6	0
11562	-6	0
11563	-6	0
11564	-6	0
11589	-6	0
11593	-6	0
11595	-6	0
11604	-6	0
11608	-6	0
11611	-6	0
11629	-6	0
11635	-6	0
11640	-6	0
11642	-6	0
11647	-6	0
11659	-4.3	0
11660	-4.3	0
11661	-4.3	1
11662	-4.3	0
11666	-4.3	0
11668	-4.3	0
11672	-4.3	0
11673	-6	0
11674	-4.3	0
11675	-4.3	0
11676	-4.3	0
11677	-4.3	0
11678	-6	0
11679	-4.3	0
11680	-4.3	1
11681	-4.3	1
11682	-4.3	1
11683	-4.3	0
11684	-6	0
11685	-6	0
11686	-4.3	0
11698	-4.3	0
11699	-4.3	0
11700	-4.3	0
11705	-6	0
11706	-6	0
11708	-4.3	0
11710	-4.3	0
11712	-4.3	0
11715	-6	0
11716	-6	0
11718	-4.3	1
11719	-6	0
11721	-6	0
11722	-6	0
11725	-4.3	0
11726	-6	0
11727	-6	0
11728	-4.3	0
11729	-4.3	1
11730	-4.3	0
11731	-6	0
11734	-6	0
11738	-6	0
11739	-4.3	0
11740	-6	0
11742	-6	0
11744	-4.3	0
11747	-6	0
11748	-6	0
11749	-6	0
11751	-6	0
11752	-6	0
11753	-6	0
11759	-4.3	0
11760	-4.3	0
11761	-4.3	0
11762	-4.3	0
11763	-4.3	0
11767	-4.3	0
11769	-4.3	0
11773	-4.3	0
11774	-6	0
11775	-4.3	0
11776	-4.3	0
11777	-4.3	0
11778	-4.3	0
11779	-6	0
11780	-4.3	0
11781	-4.3	0
11782	-4.3	0
11783	-4.3	0
11784	-4.3	0
11785	-6	0
11786	-6	0
11787	-4.3	0
11799	-4.3	0
11800	-4.3	0
11801	-4.3	0
11806	-6	0
11807	-6	0
11809	-4.3	0
11811	-4.3	0
11813	-4.3	0
11816	-6	0
11817	-6	0
11819	-4.3	1
11820	-6	0
11822	-6	0
11823	-6	0
11826	-4.3	0
11827	-6	0
11828	-6	0
11829	-4.3	0
11832	-6	0
11835	-6	0
11839	-6	0
11840	-4.3	0
11841	-6	0
11843	-6	0
11845	-4.3	0
11848	-6	0
11849	-6	0
11850	-6	0
11852	-6	0
11853	-6	0
11854	-6	0
11861	-4.3	0
11862	-4.3	0
11865	-4.3	0
11866	-4.3	0
11867	-4.3	0
11870	-4.3	0
11871	-4.3	0
11872	-4.3	0
11873	-4.3	0
11874	-6	0
11875	-6	0
11877	-6	0
11880	-4.3	0
11881	-6	0
11882	-6	0
11884	-4.3	0
11885	-4.3	0
11887	-4.3	0
11888	-4.3	0
11890	-6	0
11891	-6	0
11892	-6	0
11893	-4.3	0
11894	-6	0
11895	-4.3	0
11896	-6	0
11897	-6	0
11899	-4.3	0
11908	-6	0
11909	-6	0
11910	-6	0
11915	-6	0
11916	-6	0
11917	-6	0
11923	-4.3	0
11927	-4.3	0
11931	-6	0
11932	-6	0
11933	-6	0
11934	-4.3	0
11935	-6	0
11936	-6	0
11937	-6	0
11944	-6	0
11947	-6	0
11949	-6	0
11950	-6	0
11952	-6	0
11955	-6	0
11962	-6	0
11963	-6	0
11965	-6	0
11966	-6	0
11967	-6	0
11969	-6	0
11981	-4.3	0
11982	-4.3	0
11983	-4.3	0
11986	-4.3	0
11989	-4.3	0
11990	-6	0
11991	-4.3	0
11992	-6	0
11993	-4.3	0
11995	-6	0
11996	-6	0
11997	-6	0
11998	-4.3	1
11999	-4.3	1
12002	-4.3	0
12003	-4.3	1
12006	-6	0
12007	-6	0
12008	-4.3	0
12023	-4.3	0
12024	-4.3	0
12025	-4.3	0
12029	-6	0
12030	-6	0
12032	-4.3	0
12033	-6	0
12036	-4.3	0
12039	-6	0
12040	-6	0
12042	-4.3	1
12043	-6	0
12044	-6	0
12046	-6	0
12047	-6	0
12049	-6	0
12050	-6	0
12051	-4.3	0
12052	-4.3	1
12053	-4.3	0
12054	-6	0
12058	-6	0
12059	-6	0
12063	-6	0
12064	-6	0
12066	-6	0
12067	-6	0
12069	-4.3	0
12073	-6	0
12074	-6	0
12076	-6	0
12077	-6	0
12078	-6	0
12080	-6	0
12081	-6	0
12082	-6	0
12083	-6	0
12084	-6	0
12091	-4.3	0
12092	-4.3	0
12093	-4.3	0
12094	-4.3	0
12097	-4.3	0
12100	-4.3	0
12101	-6	0
12102	-4.3	0
12103	-6	0
12104	-4.3	0
12106	-6	0
12107	-6	0
12108	-6	0
12109	-4.3	0
12110	-4.3	0
12113	-4.3	0
12114	-4.3	0
12117	-6	0
12118	-6	0
12119	-4.3	0
12134	-4.3	0
12135	-4.3	0
12136	-4.3	0
12140	-6	0
12141	-6	0
12143	-4.3	0
12144	-6	0
12147	-4.3	0
12150	-6	0
12151	-6	0
12153	-4.3	1
12154	-6	0
12155	-6	0
12157	-6	0
12158	-6	0
12160	-6	0
12161	-6	0
12162	-4.3	0
12165	-6	0
12169	-6	0
12170	-6	0
12174	-6	0
12175	-6	0
12177	-6	0
12178	-6	0
12180	-4.3	0
12184	-6	0
12185	-6	0
12187	-6	0
12188	-6	0
12189	-6	0
12191	-6	0
12192	-6	0
12193	-6	0
12194	-6	0
12195	-6	0
12205	-4.3	0
12206	-4.3	0
12208	-4.3	0
12209	-4.3	0
12210	-4.3	0
12211	-6	0
12212	-4.3	0
12213	-6	0
12214	-4.3	0
12215	-6	0
12216	-6	0
12217	-6	0
12218	-6	0
12221	-4.3	0
12222	-4.3	0
12225	-4.3	0
12226	-4.3	0
12227	-6	0
12228	-6	0
12234	-4.3	0
12235	-4.3	0
12236	-4.3	0
12239	-4.3	0
12240	-4.3	0
12241	-4.3	0
12248	-6	0
12249	-4.3	0
12250	-6	0
12251	-6	0
12252	-4.3	0
12254	-6	0
12255	-4.3	0
12256	-4.3	0
12258	-4.3	0
12259	-4.3	0
12260	-6	0
12261	-6	0
12264	-6	0
12265	-6	0
12267	-6	0
12268	-6	0
12269	-4.3	0
12270	-6	0
12271	-6	0
12275	-6	0
12278	-4.3	0
12279	-6	0
12280	-6	0
12282	-4.3	0
12284	-6	0
12285	-6	0
12287	-6	0
12288	-6	0
12293	-4.3	1
12294	-6	0
12295	-6	0
12297	-6	0
12299	-6	0
12301	-6	0
12302	-6	0
12303	-6	0
12305	-6	0
12332	-6	0
12337	-6	0
12352	-6	0
12353	-6	0
12356	-6	0
12357	-6	0
12358	-6	0
12359	-4.3	0
12360	-4.3	1
12377	-4.3	0
12378	-4.3	0
12379	-4.3	0
12380	-6	0
12381	-6	0
12382	-4.3	0
12385	-4.3	0
12388	-6	0
12389	-4.3	0
12391	-4.3	0
12392	-4.3	0
12393	-6	0
12394	-6	0
12398	-6	0
12399	-6	0
12400	-6	0
12401	-4.3	1
12402	-6	0
12404	-6	0
12405	-6	0
12406	-4.3	1
12407	-4.3	1
12409	-6	0
12410	-6	0
12414	-6	0
12415	-4.3	1
12417	-6	0
12421	-6	0
12423	-6	0
12426	-6	0
12432	-6	0
12434	-6	0
12435	-6	0
12436	-6	0
12438	-6	0
12440	-6	0
12441	-6	0
12442	-6	0
12443	-6	0
12471	-4.3	0
12472	-4.3	0
12473	-6	0
12474	-6	0
12479	-6	0
12480	-6	0
12488	-6	0
12490	-6	0
12493	-6	0
12494	-6	0
12495	-6	0
12504	-6	0
12505	-6	0
12526	-4.3	0
12527	-6	0
12528	-6	0
12529	-4.3	0
12531	-6	0
12532	-4.3	0
12533	-4.3	0
12535	-4.3	0
12536	-4.3	0
12537	-6	0
12538	-6	0
12541	-6	0
12542	-6	0
12544	-6	0
12545	-6	0
12546	-4.3	1
12547	-6	0
12548	-6	0
12552	-6	0
12555	-4.3	1
12556	-6	0
12557	-6	0
12561	-6	0
12562	-6	0
12564	-6	0
12565	-6	0
12571	-6	0
12572	-6	0
12574	-6	0
12575	-6	0
12576	-6	0
12578	-6	0
12579	-6	0
12580	-6	0
12581	-6	0
12582	-6	0
12589	-4.3	0
12594	-4.3	0
12599	-6	0
12604	-6	0
12605	-4.3	0
12616	-4.3	1
12617	-4.3	1
12618	-4.3	0
12619	-6	0
12620	-6	0
12621	-4.3	0
12623	-6	0
12624	-6	0
12625	-6	0
12629	-4.3	0
12647	-6	0
12648	-6	0
12650	-4.3	0
12651	-4.3	0
12653	-4.3	0
12655	-6	0
12657	-4.3	0
12660	-6	0
12661	-6	0
12663	-4.3	0
12664	-4.3	0
12665	-6	0
12666	-6	0
12667	-6	0
12669	-6	0
12671	-6	0
12672	-6	0
12675	-4.3	0
12676	-6	0
12677	-6	0
12678	-4.3	0
12679	-4.3	0
12680	-4.3	0
12681	-6	0
12684	-6	0
12688	-6	0
12689	-4.3	0
12690	-6	0
12693	-6	0
12695	-4.3	0
12699	-6	0
12701	-6	0
12702	-6	0
12703	-6	0
12705	-6	0
12707	-6	0
12708	-6	0
12709	-6	0
12710	-6	0
12717	-4.3	0
12721	-4.3	0
12726	-6	0
12731	-6	0
12732	-4.3	0
12743	-4.3	1
12744	-4.3	1
12745	-4.3	0
12746	-6	0
12747	-6	0
12748	-4.3	0
12750	-6	0
12751	-6	0
12752	-6	0
12757	-4.3	0
12774	-6	0
12775	-6	0
12777	-4.3	0
12778	-4.3	0
12780	-4.3	0
12782	-6	0
12784	-4.3	0
12787	-6	0
12788	-6	0
12790	-4.3	0
12791	-4.3	0
12792	-6	0
12793	-6	0
12794	-6	0
12796	-6	0
12798	-6	0
12799	-6	0
12802	-4.3	0
12803	-6	0
12804	-6	0
12805	-4.3	0
12806	-4.3	0
12807	-4.3	0
12808	-6	0
12811	-6	0
12815	-6	0
12816	-4.3	0
12817	-6	0
12820	-6	0
12822	-4.3	0
12826	-6	0
12828	-6	0
12829	-6	0
12830	-6	0
12832	-6	0
12834	-6	0
12835	-6	0
12836	-6	0
12837	-6	0
12858	-4.3	1
12859	-4.3	0
12861	-6	0
12862	-6	0
12863	-6	0
12868	-4.3	0
12871	-6	0
12873	-6	0
12874	-4.3	0
12875	-6	0
12876	-6	0
12877	-6	0
12878	-6	0
12881	-6	0
12885	-6	0
12886	-6	0
12887	-6	0
12908	-4.3	0
12909	-4.3	0
12910	-6	0
12911	-6	0
12913	-4.3	0
12916	-6	0
12917	-6	0
12918	-6	0
12919	-6	0
12920	-6	0
12921	-6	0
12922	-6	0
12923	-6	0
12924	-6	0
12925	-6	0
12926	-6	0
12927	-6	0
12928	-6	0
12929	-6	0
12930	-6	0
12931	-6	0
12932	-6	0
12940	-6	0
12941	-6	0
12944	-6	0
12945	-6	0
12946	-6.3	0
12947	-4.3	0
12948	-4.3	0
12950	-6	0
12952	-6	0
12954	-4.3	1
12960	-4.3	0
12961	-4.3	0
12964	-4.3	0
12965	-4.3	0
12966	-6	0
12967	-6	0
12973	-4.3	0
12974	-4.3	0
12975	-4.3	1
12978	-4.3	0
12979	-4.3	0
12980	-4.3	1
12987	-4.3	1
12989	-6	0
12990	-6	0
12999	-6	0
13000	-6	0
13001	-4.3	1
13003	-6	0
13006	-6	0
13007	-6	0
13009	-6	0
13010	-6	0
13014	-6	0
13020	-4.3	1
13023	-6	0
13024	-6	0
13027	-6	0
13033	-6	0
13034	-6	0
13036	-6	0
13037	-6	0
13040	-6	0
13041	-6	0
13042	-6	0
13043	-6	0
13047	-4.3	1
13055	-6	0
13060	-6	0
13061	-4.3	0
13069	-6	0
13070	-6	0
13072	-4.3	0
13073	-4.3	0
13074	-4.3	0
13075	-6	0
13076	-6	0
13077	-4.3	0
13079	-6	0
13080	-6	0
13081	-6	0
13103	-6	0
13104	-6	0
13106	-4.3	0
13107	-4.3	0
13109	-4.3	0
13113	-4.3	0
13116	-6	0
13117	-6	0
13120	-4.3	0
13121	-6	0
13122	-6	0
13125	-6	0
13127	-6	0
13128	-6	0
13131	-4.3	0
13132	-6	0
13133	-6	0
13134	-4.3	0
13137	-6	0
13140	-6	0
13144	-6	0
13145	-4.3	0
13146	-6	0
13149	-6	0
13151	-4.3	0
13155	-6	0
13157	-6	0
13158	-6	0
13159	-6	0
13161	-6	0
13163	-6	0
13164	-6	0
13165	-6	0
13166	-6	0
13176	-6	0
13181	-6	0
13182	-4.3	0
13190	-6	0
13191	-6	0
13193	-4.3	0
13194	-4.3	0
13195	-4.3	0
13196	-6	0
13197	-6	0
13198	-4.3	0
13200	-6	0
13201	-6	0
13202	-6	0
13224	-6	0
13225	-6	0
13227	-4.3	0
13228	-4.3	0
13230	-4.3	0
13234	-4.3	0
13237	-6	0
13238	-6	0
13241	-4.3	0
13242	-6	0
13243	-6	0
13246	-6	0
13248	-6	0
13249	-6	0
13252	-4.3	0
13253	-6	0
13254	-6	0
13255	-4.3	0
13258	-6	0
13261	-6	0
13265	-6	0
13266	-4.3	0
13267	-6	0
13270	-6	0
13272	-4.3	0
13276	-6	0
13278	-6	0
13279	-6	0
13280	-6	0
13282	-6	0
13284	-6	0
13285	-6	0
13286	-6	0
13287	-6	0
13302	-6	0
13303	-6	0
13304	-4.3	0
13305	-4.3	0
13307	-6	0
13308	-6	0
13309	-6	0
13314	-4.3	0
13319	-6	0
13321	-6	0
13322	-6	0
13324	-6	0
13327	-6	0
13331	-6	0
13332	-6	0
13333	-6	0
13336	-4.3	0
13337	-6	0
13341	-4.3	0
13342	-6	0
13351	-6	0
13352	-6	0
13357	-6	0
13358	-6	0
13361	-6	0
13362	-6	0
13363	-6	0
13364	-4.3	0
13365	-4.3	0
13382	-4.3	0
13383	-4.3	0
13384	-4.3	0
13385	-6	0
13386	-6	0
13387	-4.3	0
13390	-4.3	0
13391	-4.3	0
13394	-4.3	0
13395	-4.3	0
13396	-4.3	0
13397	-4.3	0
13398	-6	0
13399	-6	0
13403	-6	0
13404	-6	0
13406	-4.3	0
13407	-6	0
13409	-6	0
13410	-6	0
13411	-4.3	0
13412	-4.3	0
13413	-4.3	0
13414	-6	0
13415	-6	0
13416	-4.3	0
13419	-6	0
13420	-4.3	0
13422	-6	0
13424	-4.3	1
13425	-4.3	1
13426	-6	0
13427	-4.3	0
13428	-6	0
13429	-4.3	1
13431	-6	0
13432	-4.3	1
13433	-4.3	0
13437	-6	0
13439	-6	0
13440	-6	0
13441	-6	0
13443	-6	0
13445	-6	0
13446	-6	0
13447	-6	0
13448	-6	0
13455	-6	0
13456	-6	0
13457	-6	0
13458	-6	0
13459	-6	0
13460	-6	0
13461	-6	0
13462	-6	0
13463	-6	0
13464	-6	0
13465	-6	0
13466	-6	0
13467	-6	0
13468	-6	0
13469	-6	0
13470	-6	0
13471	-6	0
13473	-6	0
13474	-6	0
13478	-6	0
13479	-6	0
13480	-6	0
13481	-6	0
13482	-6	0
13483	-6	0
13484	-6	0
13485	-6	0
13488	-6	0
13489	-6	0
13490	-6	0
13491	-6	0
13492	-6	1
13493	-6	0
13494	-6	0
13495	-6	0
13496	-6	0
13497	-6	0
13498	-6	0
13499	-6	0
13500	-6	0
13501	-6	0
13502	-6	0
13503	-6	0
13504	-6	0
13505	-6	0
13506	-6	0
13507	-6	0
13508	-6	0
13511	-6	0
13512	-6	0
13514	-6	0
13515	-6	0
13516	-6	0
13517	-6	0
13518	-6	0
13522	-6	1
13525	-6	0
13528	-6	0
13531	-6	0
13532	-6	1
13533	-6	0
13535	-6	0
13536	-6	0
13537	-6	0
13541	-6	0
13542	-6	0
13545	-6	0
13548	-6	0
13549	-6	0
13550	-6	0
13551	-6	0
13552	-6	1
13559	-6	0
13564	-6	0
13566	-6	1
13568	-6	0
13571	-6	0
13572	-6	0
13573	-6	0
13574	-6	0
13575	-6	0
13576	-6	0
13577	-6	0
13582	-6	0
13586	-6	0
13587	-6	0
13588	-4.3	0
13589	-4.3	0
13591	-4.3	0
13592	-6	0
13594	-4.3	0
13595	-6	0
13597	-6	0
13601	-6	0
13605	-6	0
13608	-6	0
13612	-6	0
13613	-6	0
13614	-6	0
13615	-6	0
13616	-6	0
13617	-6	0
13618	-6	0
13623	-6	0
13627	-6	0
13628	-6	0
13629	-4.3	0
13630	-4.3	0
13632	-4.3	0
13633	-6	0
13635	-4.3	0
13636	-6	0
13638	-6	0
13642	-6	0
13646	-6	0
13649	-6	0
13653	-6	0
13654	-6	0
13655	-6	0
13656	-6	0
13657	-6	0
13658	-6	0
13659	-6	0
13664	-6	0
13668	-6	0
13669	-6	0
13670	-4.3	0
13671	-4.3	0
13673	-4.3	0
13674	-6	0
13676	-4.3	0
13677	-6	0
13679	-6	0
13683	-6	0
13686	-6	0
13689	-6	0
13692	-4.3	0
13693	-6	0
13696	-6	0
13697	-6	0
13698	-6	0
13707	-6	0
13708	-6	0
13729	-4.3	0
13730	-6	0
13731	-6	0
13732	-4.3	0
13734	-6	0
13735	-4.3	0
13736	-4.3	0
13737	-4.3	0
13738	-4.3	0
13739	-4.3	0
13740	-6	0
13741	-6	0
13744	-6	0
13745	-6	0
13747	-6	0
13748	-6	0
13749	-4.3	0
13750	-6	0
13751	-6	0
13752	-4.3	0
13755	-6	0
13758	-4.3	0
13759	-6	0
13760	-6	0
13763	-4.3	1
13764	-6	0
13765	-6	0
13766	-4.3	1
13767	-6	0
13768	-6	0
13769	-4.3	1
13770	-4.3	0
13774	-6	0
13775	-6	0
13777	-6	0
13778	-6	0
13779	-6	0
13781	-6	0
13782	-6	0
13783	-6	0
13784	-6	0
13785	-6	0
13792	-6	0
13793	-6	0
13794	-6	0
13798	-6	0
13799	-6	0
13800	-6	0
13801	-6	0
13802	-6	0
13803	-6	0
13804	-6	0
13805	-6	0
13808	-6	0
13809	-6	0
13810	-6	0
13811	-6	0
13812	-6	1
13813	-6	0
13814	-6	0
13815	-6	0
13816	-6	0
13817	-6	0
13818	-6	0
13819	-6	0
13820	-6	0
13821	-6	0
13822	-6	0
13823	-6	0
13824	-6	0
13825	-6	0
13826	-6	0
13827	-6	0
13828	-6	0
13831	-6	0
13832	-6	0
13834	-6	0
13835	-6	0
13836	-6	0
13837	-6	0
13838	-6	0
13842	-6	1
13845	-6	0
13848	-6	0
13851	-6	0
13852	-6	1
13853	-6	0
13855	-6	0
13856	-6	0
13857	-6	0
13861	-6	0
13862	-6	0
13865	-6	0
13868	-6	0
13869	-6	0
13870	-6	0
13871	-6	0
13872	-6	1
13879	-6	0
13884	-6	0
13886	-6	1
13888	-6	0
13891	-6.3	0
13892	-4.3	0
13898	-4.3	0
13899	-4.3	0
13902	-4.3	0
13903	-4.3	0
13904	-6	0
13905	-6	0
13911	-4.3	0
13912	-4.3	0
13913	-4.3	0
13914	-4.3	1
13915	-4.3	0
13916	-4.3	0
13917	-4.3	0
13918	-4.3	0
13919	-4.3	1
13920	-4.3	1
13921	-4.3	0
13922	-4.3	0
13923	-4.3	0
13925	-4.3	0
13927	-6	0
13928	-6	0
13937	-6	0
13938	-6	0
13939	-4.3	0
13941	-6	0
13944	-6	0
13945	-6	0
13947	-6	0
13948	-6	0
13952	-6	0
13958	-4.3	0
13961	-6	0
13962	-6	0
13965	-6	0
13971	-6	0
13972	-6	0
13973	-4.3	1
13974	-6	0
13975	-6	0
13978	-6	0
13979	-6	0
13980	-6	0
13981	-6	0
13983	-4.3	0
13985	-6	0
13993	-6	0
13994	-6	0
13995	-6	0
14009	-6	0
14010	-6	0
14011	-6	0
14013	-6	0
14014	-6	0
14015	-6	0
14022	-6	0
14025	-6	0
14027	-6	0
14028	-6	0
14030	-6	0
14033	-6	0
14040	-6	0
14041	-6	0
14043	-6	0
14044	-6	0
14045	-6	0
14047	-6	0
14060	-6	0
14061	-6	0
14062	-6	0
14076	-6	0
14077	-6	0
14078	-6	0
14080	-6	0
14081	-6	0
14082	-6	0
14089	-6	0
14092	-6	0
14094	-6	0
14095	-6	0
14097	-6	0
14100	-6	0
14107	-6	0
14108	-6	0
14110	-6	0
14111	-6	0
14112	-6	0
14114	-6	0
14126	-6	0
14127	-6	0
14128	-6	0
14140	-4.3	0
14144	-6	0
14145	-6	0
14146	-6	0
14147	-6	0
14148	-6	0
14149	-4.3	0
14151	-6	0
14152	-6	0
14153	-6	0
14170	-6	0
14171	-6	0
14172	-6	0
14173	-6	0
14177	-6	0
14178	-6	0
14179	-6	0
14188	-6	0
14189	-6	0
14192	-6	0
14195	-6	0
14197	-6	0
14198	-6	0
14202	-6	0
14203	-6	0
14206	-6	0
14208	-6	0
14211	-6	0
14213	-6	0
14216	-6	0
14219	-6	0
14221	-6	0
14224	-6	0
14235	-6	0
14236	-6	0
14238	-6	0
14239	-6	0
14241	-6	0
14243	-6	0
14244	-6	0
14246	-6	0
14249	-6	0
14250	-6	0
14251	-6	0
14252	-6	0
14253	-6	0
14256	-6	0
14257	-6	0
14261	-6	0
14264	-6	0
14265	-6	0
14267	-6	1
14269	-6	1
14272	-6	0
14275	-6.3	1
14277	-6	1
14278	-6	1
14279	-6	1
14293	-6	0
14294	-6	0
14295	-6	0
14297	-6	0
14298	-6	0
14299	-6	0
14300	-4.3	0
14301	-4.3	1
14306	-6	1
14309	-6	0
14311	-6	0
14312	-6	0
14314	-6	0
14317	-6	1
14324	-6	0
14325	-6	1
14327	-6	0
14328	-6	0
14329	-6	0
14331	-6	0
14341	-6	0
14344	-6	0
14345	-6	0
14349	-6	0
14350	-6	0
14351	-6	0
14352	-6	0
14353	-6	0
14354	-6	0
14355	-6	0
14356	-6	0
14360	-6	0
14364	-6	0
14365	-6	0
14369	-6	0
14372	-6	0
14374	-6	0
14375	-6	0
14376	-6	0
14393	-6	0
14405	-6	0
14407	-6	0
14408	-6	0
14412	-6	0
14413	-6	0
14414	-6	0
14415	-6	0
14416	-6	0
14417	-6	0
14418	-6	0
14419	-6	0
14423	-6	0
14427	-6	0
14428	-6	0
14432	-6	0
14435	-6	0
14437	-6	0
14438	-6	0
14439	-6	0
14456	-6	0
14468	-6	0
14469	-6	0
14470	-6	0
14474	-6	0
14475	-6	0
14476	-6	0
14477	-6	0
14478	-6	0
14479	-6	0
14480	-6	0
14481	-6	0
14485	-6	0
14489	-6	0
14490	-6	0
14494	-6	0
14497	-6	0
14499	-6	0
14500	-6	0
14501	-6	0
14518	-6	0
14526	-6	0
14530	-6.3	0
14535	-4.3	0
14539	-4.3	0
14543	-6	0
14544	-6	0
14545	-6	0
14546	-4.3	0
14547	-6	0
14548	-6	0
14549	-6	0
14556	-6	0
14561	-6	0
14565	-6	0
14567	-6	0
14571	-6	0
14574	-6	0
14575	-6	0
14578	-6	0
14581	-6	0
14584	-6	0
14591	-6.3	0
14595	-4.3	0
14599	-4.3	0
14603	-6	0
14604	-6	0
14605	-6	0
14606	-4.3	0
14607	-6	0
14608	-6	0
14609	-6	0
14616	-6	0
14621	-6	0
14625	-6	0
14627	-6	0
14631	-6	0
14634	-6	0
14635	-6	0
14638	-6	0
14641	-6	0
14644	-6	0
14647	-6	1
14651	-6	0
14662	-6	1
14663	-6	0
14664	-6	0
14665	-6	0
14666	-6	0
14667	-6	0
14668	-6	0
14669	-6	0
14670	-6	0
14671	-6	0
14672	-6	0
14673	-6	0
14674	-6	0
14675	-6	0
14676	-6	0
14681	-6	0
14683	-6	0
14689	-6	1
14691	-6	0
14700	-6	1
14701	-6	0
14706	-6	0
14715	-6	0
14717	-6	1
14721	-6	0
14725	-6	0
14726	-4.3	0
14727	-6	1
14728	-6	0
14730	-6	0
14741	-6	1
14742	-6	0
14743	-6	0
14744	-6	0
14745	-6	0
14746	-6	0
14747	-6	0
14748	-6	0
14749	-6	0
14750	-6	0
14751	-6	0
14752	-6	0
14753	-6	0
14754	-6	0
14755	-6	0
14760	-6	0
14762	-6	0
14768	-6	1
14770	-6	0
14779	-6	1
14780	-6	0
14785	-6	0
14794	-6	0
14796	-6	1
14800	-6	0
14804	-6	0
14805	-4.3	0
14806	-6	1
14807	-6	0
14809	-6	0
14820	-6	1
14821	-6	0
14822	-6	0
14823	-6	0
14824	-6	0
14825	-6	0
14826	-6	0
14827	-6	0
14828	-6	0
14829	-6	0
14830	-6	0
14831	-6	0
14832	-6	0
14833	-6	0
14834	-6	0
14839	-6	0
14841	-6	0
14846	-4.3	0
14847	-6	1
14849	-6	0
14858	-6	1
14859	-6	0
14862	-4.3	0
14864	-6	0
14873	-6	0
14875	-6	1
14879	-6	0
14883	-6	0
14885	-6	1
14886	-6	0
14899	-6	0
14903	-6	0
14927	-6	0
14928	-4.3	1
14929	-6	0
14930	-6	0
14931	-6	0
14932	-4.3	0
14935	-6	0
14936	-6	0
14937	-6	0
14938	-4.3	0
14940	-4.3	0
14942	-6	0
14943	-4.3	1
14944	-4.3	1
14945	-6	0
14949	-6	0
14951	-6	0
14952	-6	0
14953	-6	0
14954	-6	0
14955	-6	0
14956	-6	0
14957	-4.3	1
14958	-6	0
14959	-6	0
14960	-6	0
14964	-6	0
14965	-4.3	0
14971	-6	0
14972	-6	0
14973	-6	0
14974	-6	0
14975	-6	0
14977	-6	0
14978	-6	0
14985	-6	0
14987	-6	0
14988	-6	0
14989	-6	0
14990	-6	0
14991	-6	0
14992	-6	0
15006	-6	0
15007	-6	0
15028	-4.3	1
15029	-6	0
15030	-6	0
15031	-4.3	0
15033	-6	0
15034	-4.3	0
15035	-4.3	0
15037	-4.3	1
15038	-4.3	1
15039	-6	0
15040	-6	0
15043	-6	0
15044	-6	0
15046	-6	0
15047	-6	0
15048	-4.3	1
15049	-6	0
15050	-6	0
15054	-6	0
15057	-4.3	0
15058	-6	0
15059	-6	0
15063	-6	0
15064	-6	0
15066	-6	0
15067	-6	0
15073	-6	0
15074	-6	0
15076	-6	0
15077	-6	0
15078	-6	0
15080	-6	0
15081	-6	0
15082	-6	0
15083	-6	0
15084	-6	0
15091	-4.3	0
15095	-4.3	1
15100	-6	0
15104	-6	0
15105	-4.3	0
15113	-4.3	0
15128	-6	0
15130	-6	0
15131	-6	0
15132	-6	0
15134	-4.3	0
15135	-4.3	0
15136	-6	0
15137	-6	0
15138	-6	0
15142	-4.3	0
15143	-6	0
15146	-6	0
15148	-4.3	0
15149	-4.3	0
15150	-6	0
15152	-6	0
15153	-6	0
15154	-6	0
15155	-6	0
15156	-6	0
15157	-6	0
15159	-6	0
15160	-6	0
15161	-6	0
15162	-4.3	0
15163	-4.3	0
15164	-4.3	0
15165	-6	0
15169	-4.3	0
15172	-6	0
15173	-6	0
15174	-6	0
15175	-6	0
15176	-6	0
15178	-6	0
15179	-6	0
15180	-4.3	0
15182	-4.3	0
15184	-4.3	0
15186	-6	0
15188	-6	0
15189	-6	0
15190	-6	0
15191	-6	0
15192	-6	0
15193	-6	0
15200	-4.3	0
15203	-4.3	1
15208	-6	0
15212	-6	0
15213	-4.3	0
15222	-4.3	0
15236	-6	0
15238	-6	0
15239	-6	0
15240	-6	0
15242	-4.3	0
15243	-4.3	0
15244	-6	0
15245	-6	0
15246	-6	0
15250	-4.3	0
15251	-6	0
15254	-6	0
15256	-4.3	0
15257	-4.3	0
15258	-6	0
15260	-6	0
15261	-6	0
15262	-6	0
15263	-6	0
15264	-6	0
15265	-6	0
15267	-6	0
15268	-6	0
15269	-6	0
15270	-4.3	0
15271	-4.3	0
15272	-4.3	0
15273	-6	0
15277	-4.3	0
15280	-6	0
15281	-6	0
15282	-6	0
15283	-6	0
15284	-6	0
15286	-6	0
15287	-6	0
15288	-4.3	0
15290	-4.3	0
15292	-4.3	0
15294	-6	0
15296	-6	0
15297	-6	0
15298	-6	0
15299	-6	0
15300	-6	0
15301	-6	0
15318	-6	0
15319	-6	0
15320	-4.3	1
15321	-6	0
15322	-6	0
15325	-6	0
15327	-4.3	1
15328	-6	0
15330	-6	0
15331	-6	0
15332	-4.3	0
15333	-6	0
15334	-6	0
15335	-6	0
15337	-4.3	1
15338	-6	0
15339	-6	0
15347	-6	0
15351	-6	0
15375	-6	0
15376	-4.3	0
15377	-6	0
15378	-6	0
15379	-6	0
15380	-4.3	0
15383	-6	0
15384	-6	0
15385	-6	0
15386	-4.3	0
15388	-4.3	0
15390	-6	0
15391	-4.3	0
15392	-4.3	0
15393	-6	0
15397	-6	0
15399	-6	0
15400	-6	0
15401	-6	0
15402	-6	0
15403	-6	0
15404	-6	0
15405	-4.3	0
15406	-6	0
15407	-6	0
15408	-6	0
15412	-6	0
15413	-4.3	0
15416	-4.3	0
15419	-6	0
15420	-6	0
15421	-6	0
15422	-6	0
15423	-6	0
15424	-4.3	1
15425	-6	0
15426	-6	0
15428	-4.3	1
15431	-4.3	1
15433	-6	0
15435	-6	0
15436	-6	0
15437	-6	0
15438	-6	0
15439	-6	0
15440	-6	0
15447	-6	0
15448	-6	0
15451	-6	0
15452	-6	0
15453	-6.3	0
15454	-4.3	0
15455	-4.3	0
15456	-6	0
15457	-6	0
15463	-4.3	1
15464	-4.3	1
15465	-4.3	1
15468	-4.3	0
15469	-4.3	0
15470	-4.3	0
15477	-4.3	0
15479	-6	0
15480	-6	0
15489	-6	0
15490	-6	0
15491	-4.3	1
15493	-6	0
15496	-6	0
15497	-6	0
15499	-6	0
15500	-6	0
15504	-6	0
15510	-4.3	0
15513	-6	0
15514	-6	0
15517	-6	0
15523	-6	0
15524	-6	0
15526	-6	0
15527	-6	0
15530	-6	0
15531	-6	0
15532	-6	0
15533	-6	0
15537	-4.3	1
15545	-6	0
15549	-6	0
15550	-4.3	0
15555	-6	0
15556	-6	0
15573	-6	0
15575	-6	0
15576	-6	0
15577	-6	0
15580	-4.3	0
15581	-6	0
15582	-6	0
15587	-4.3	0
15588	-6	0
15591	-6	0
15593	-4.3	0
15594	-4.3	0
15595	-6	0
15597	-6	0
15598	-6	0
15600	-6	0
15601	-6	0
15602	-6	0
15604	-6	0
15605	-6	0
15606	-6	0
15607	-4.3	0
15610	-6	0
15614	-4.3	0
15617	-6	0
15618	-6	0
15619	-6	0
15620	-6	0
15621	-6	0
15624	-6	0
15625	-4.3	0
15627	-4.3	0
15629	-4.3	0
15631	-6	0
15633	-6	0
15634	-6	0
15635	-6	0
15636	-6	0
15637	-6	0
15638	-6	0
15648	-6	0
15652	-6	0
15653	-4.3	0
15658	-6	0
15659	-6	0
15676	-6	0
15678	-6	0
15679	-6	0
15680	-6	0
15683	-4.3	0
15684	-6	0
15685	-6	0
15690	-4.3	0
15691	-6	0
15694	-6	0
15696	-4.3	0
15697	-4.3	0
15698	-6	0
15700	-6	0
15701	-6	0
15703	-6	0
15704	-6	0
15705	-6	0
15707	-6	0
15708	-6	0
15709	-6	0
15710	-4.3	0
15713	-6	0
15717	-4.3	0
15720	-6	0
15721	-6	0
15722	-6	0
15723	-6	0
15724	-6	0
15727	-6	0
15728	-4.3	0
15730	-4.3	0
15732	-4.3	0
15734	-6	0
15736	-6	0
15737	-6	0
15738	-6	0
15739	-6	0
15740	-6	0
15741	-6	0
15753	-6	0
15754	-6	0
15755	-6	0
15756	-6	0
15758	-6	0
15762	-6	0
15764	-4.3	1
15765	-6	0
15767	-6	0
15769	-4.3	0
15770	-6	0
15771	-6	0
15774	-4.3	1
15775	-6	0
15776	-6	0
15785	-6	0
15786	-6	0
15789	-6	0
15790	-6	0
15791	-6	0
15793	-6	0
15794	-6	0
15795	-6	0
15796	-6	0
15797	-6	1
15798	-6	0
15799	-6	0
15800	-6	0
15801	-6	0
15802	-6	0
15803	-6	0
15804	-6	0
15805	-6	0
15806	-6	0
15807	-6	0
15808	-6	0
15809	-6	0
15810	-6	0
15811	-6	0
15812	-6	0
15813	-6	0
15816	-6	0
15817	-6	0
15819	-6	0
15820	-6	0
15821	-6	0
15822	-6	0
15823	-6	0
15827	-6	1
15830	-6	0
15833	-6	0
15836	-6	0
15837	-6	1
15838	-6	0
15840	-6	0
15841	-6	0
15842	-6	0
15846	-6	0
15847	-6	0
15850	-6	0
15853	-6	0
15854	-6	0
15855	-6	0
15856	-6	0
15857	-6	1
15864	-6	0
15869	-6	0
15871	-6	1
15873	-6	0
15876	-6	0
15877	-6	0
15878	-6	0
15879	-6	0
15882	-6	0
15883	-6	0
15885	-6	0
15887	-4.3	0
15888	-6	0
15889	-6	0
15890	-4.3	0
15893	-6	0
15896	-6	0
15897	-6	0
15898	-6	0
15901	-6	0
15905	-6	0
15906	-6	0
15907	-6	0
15908	-6	0
15911	-6	0
15912	-6	0
15914	-6	0
15916	-4.3	0
15917	-6	0
15918	-6	0
15919	-4.3	0
15922	-6	0
15925	-6	0
15926	-6	0
15927	-6	0
15930	-6	0
15934	-6	0
15935	-6	0
15936	-6	0
15937	-6	0
15940	-6	0
15941	-6	0
15943	-6	0
15945	-4.3	0
15946	-6	0
15947	-6	0
15948	-4.3	0
15951	-6	0
15954	-6	0
15955	-6	0
15956	-6	0
15958	-6	0
15961	-6	0
15962	-6	0
15963	-6	0
15964	-6	0
15965	-6	0
15966	-6	1
15967	-6	0
15968	-6	0
15969	-6	0
15970	-6	0
15971	-6	0
15972	-6	0
15973	-6	0
15974	-6	0
15975	-6	0
15976	-6	0
15977	-6	0
15978	-6	0
15979	-6	0
15980	-6	0
15981	-6	0
15982	-6	0
15985	-6	0
15986	-6	0
15988	-6	0
15989	-6	0
15990	-6	0
15991	-6	0
15992	-6	0
15996	-6	1
15999	-6	0
16002	-6	0
16005	-6	0
16006	-6	1
16007	-6	0
16009	-6	0
16010	-6	0
16011	-6	0
16015	-6	0
16016	-6	0
16019	-6	0
16022	-6	0
16023	-6	0
16024	-6	0
16025	-6	0
16026	-6	1
16033	-6	0
16038	-6	0
16040	-6	1
16042	-6	0
16045	-6.3	0
16050	-4.3	0
16051	-4.3	0
16052	-4.3	0
16055	-4.3	0
16056	-4.3	0
16057	-4.3	0
16058	-4.3	1
16059	-4.3	1
16064	-4.3	0
16066	-6	0
16067	-6	0
16076	-6	0
16077	-6	0
16078	-4.3	0
16080	-6	0
16083	-6	0
16084	-6	0
16086	-6	0
16087	-6	0
16091	-6	0
16097	-4.3	0
16100	-6	0
16101	-6	0
16104	-6	0
16110	-6	0
16111	-6	0
16112	-4.3	1
16113	-6	0
16114	-6	0
16117	-6	0
16118	-6	0
16119	-6	0
16120	-6	0
16129	-6	0
16130	-6	0
16131	-6	0
16138	-6	0
16140	-4.3	0
16141	-6	0
16142	-4.3	1
16143	-6	0
16144	-6	0
16146	-6	0
16149	-6	0
16156	-6	0
16157	-6	0
16159	-6	0
16160	-6	0
16161	-6	0
16163	-6	0
16173	-6	0
16176	-6	0
16177	-6	0
16181	-6	0
16203	-6	0
16217	-6	0
16219	-6	0
16220	-6	0
16224	-6	0
16246	-6	0
16260	-6	0
16261	-6	0
16262	-6	0
16266	-6	0
16288	-6	0
16298	-6	1
16302	-6.3	0
16310	-6	0
16311	-6	0
16313	-6	0
16314	-6	0
16316	-6	0
16320	-6	0
16321	-6	0
16326	-6	0
16330	-6	0
16331	-6	0
16333	-6	0
16337	-6	0
16343	-6.3	0
16350	-6	0
16351	-6	0
16353	-6	0
16354	-6	0
16356	-6	0
16360	-6	0
16361	-6	0
16366	-6	0
16370	-6	0
16371	-6	0
16373	-6	0
16377	-6	0
16379	-6	1
16399	-6	0
16400	-6	0
16403	-6	0
16408	-6	0
16414	-6	0
16415	-6	0
16416	-6	0
16418	-6	0
16419	-6	0
16423	-6	0
16429	-6	0
16430	-6	0
16432	-6	0
16433	-6	0
16439	-6	0
16443	-6	1
16444	-6	0
16445	-6	0
16467	-6	0
16468	-6	0
16471	-6	0
16476	-6	0
16482	-6	0
16483	-6	0
16484	-6	0
16486	-6	0
16487	-6	0
16491	-6	0
16497	-6	0
16498	-6	0
16500	-6	0
16501	-6	0
16507	-6	0
16511	-6	1
16512	-6	0
16513	-6	0
16535	-6	0
16536	-6	0
16539	-6	0
16544	-6	0
16550	-6	0
16551	-6	0
16552	-6	0
16554	-6	0
16555	-6	0
16559	-6	0
16565	-6	0
16566	-6	0
16568	-6	0
16569	-6	0
16575	-6	0
16579	-6	1
16580	-6	0
16581	-6	0
16604	-6	1
16605	-6	1
16608	-6	1
16614	-6	1
16615	-6	1
16618	-6	1
16619	-6	1
16621	-6	1
16622	-6	1
16624	-6	1
16625	-6	1
16629	-6	1
16633	-6	1
16634	-6	1
16638	-6	1
16639	-6	1
16641	-6	1
16642	-6	1
16648	-6	1
16649	-6	1
16651	-6	1
16652	-6	1
16653	-6	1
16655	-6	1
16656	-6	1
16657	-6	1
16658	-6	1
16659	-6	0
16666	-4.3	0
16682	-6	0
16683	-6	0
16685	-4.3	0
16686	-6	0
16689	-4.3	0
16692	-6	0
16693	-6	0
16695	-4.3	0
16696	-6	0
16697	-6	0
16699	-6	0
16700	-6	0
16702	-6	0
16703	-6	0
16704	-4.3	0
16705	-4.3	0
16706	-4.3	0
16707	-6	0
16711	-6	0
16712	-6	0
16716	-6	0
16717	-6	0
16719	-6	0
16720	-6	0
16722	-4.3	0
16726	-6	0
16727	-6	0
16729	-6	0
16730	-6	0
16731	-6	0
16733	-6	0
16734	-6	0
16735	-6	0
16736	-6	0
16737	-6	0
16744	-4.3	0
16759	-6	0
16760	-6	0
16762	-4.3	0
16763	-6	0
16766	-4.3	0
16769	-6	0
16770	-6	0
16772	-4.3	0
16773	-6	0
16774	-6	0
16776	-6	0
16777	-6	0
16779	-6	0
16780	-6	0
16781	-4.3	0
16782	-4.3	0
16783	-4.3	0
16784	-6	0
16788	-6	0
16789	-6	0
16793	-6	0
16794	-6	0
16796	-6	0
16797	-6	0
16799	-4.3	0
16803	-6	0
16804	-6	0
16806	-6	0
16807	-6	0
16808	-6	0
16810	-6	0
16811	-6	0
16812	-6	0
16813	-6	0
16814	-6	0
16821	-4.3	0
16835	-6	0
16836	-6	0
16838	-4.3	0
16839	-6	0
16842	-4.3	0
16845	-6	0
16846	-6	0
16848	-4.3	1
16849	-6	0
16850	-6	0
16852	-6	0
16853	-6	0
16855	-6	0
16856	-6	0
16857	-4.3	0
16858	-4.3	1
16859	-4.3	0
16860	-6	0
16864	-6	0
16865	-6	0
16869	-6	0
16870	-6	0
16872	-6	0
16873	-6	0
16875	-4.3	0
16879	-6	0
16880	-6	0
16882	-6	0
16883	-6	0
16884	-6	0
16886	-6	0
16887	-6	0
16888	-6	0
16889	-6	0
16890	-6	0
16910	-6	0
16911	-6	0
16914	-6	0
16920	-6	0
16921	-6	0
16924	-6	0
16925	-6	0
16927	-6	0
16928	-6	0
16930	-6	0
16931	-6	0
16935	-6	0
16939	-6	0
16940	-6	0
16944	-6	0
16945	-6	0
16947	-6	0
16948	-6	0
16954	-6	0
16955	-6	0
16957	-6	0
16958	-6	0
16959	-6	0
16961	-6	0
16962	-6	0
16963	-6	0
16964	-6	0
16965	-6	0
16984	-6	0
16985	-6	0
16988	-6	0
16994	-6	0
16995	-6	0
16998	-6	0
16999	-6	0
17001	-6	0
17002	-6	0
17004	-6	0
17005	-6	0
17009	-6	0
17013	-6	0
17014	-6	0
17018	-6	0
17019	-6	0
17021	-6	0
17022	-6	0
17028	-6	0
17029	-6	0
17031	-6	0
17032	-6	0
17033	-6	0
17035	-6	0
17036	-6	0
17037	-6	0
17038	-6	0
17039	-6	0
17057	-6	0
17058	-6	0
17060	-4.3	0
17061	-6	0
17064	-4.3	0
17067	-6	0
17068	-6	0
17070	-4.3	0
17071	-6	0
17072	-6	0
17074	-6	0
17075	-6	0
17077	-6	0
17078	-6	0
17079	-4.3	0
17082	-6	0
17086	-6	0
17087	-6	0
17091	-6	0
17092	-6	0
17094	-6	0
17095	-6	0
17097	-4.3	0
17101	-6	0
17102	-6	0
17104	-6	0
17105	-6	0
17106	-6	0
17108	-6	0
17109	-6	0
17110	-6	0
17111	-6	0
17112	-6	0
17129	-6	0
17130	-6	0
17132	-4.3	0
17133	-6	0
17136	-4.3	0
17139	-6	0
17140	-6	0
17142	-4.3	0
17143	-6	0
17144	-6	0
17146	-6	0
17147	-6	0
17149	-6	0
17150	-6	0
17151	-4.3	0
17154	-6	0
17158	-6	0
17159	-6	0
17163	-6	0
17164	-6	0
17166	-6	0
17167	-6	0
17169	-4.3	0
17173	-6	0
17174	-6	0
17176	-6	0
17177	-6	0
17178	-6	0
17180	-6	0
17181	-6	0
17182	-6	0
17183	-6	0
17184	-6	0
17200	-6	0
17201	-6	0
17203	-4.3	0
17204	-6	0
17207	-4.3	0
17210	-6	0
17211	-6	0
17213	-4.3	1
17214	-6	0
17215	-6	0
17217	-6	0
17218	-6	0
17220	-6	0
17221	-6	0
17222	-4.3	0
17225	-6	0
17229	-6	0
17230	-6	0
17234	-6	0
17235	-6	0
17237	-6	0
17238	-6	0
17240	-4.3	0
17244	-6	0
17245	-6	0
17247	-6	0
17248	-6	0
17249	-6	0
17251	-6	0
17252	-6	0
17253	-6	0
17254	-6	0
17255	-6	0
17270	-6	0
17271	-6	0
17274	-6	0
17280	-6	0
17281	-6	0
17284	-6	0
17285	-6	0
17287	-6	0
17288	-6	0
17290	-6	0
17291	-6	0
17295	-6	0
17299	-6	0
17300	-6	0
17304	-6	0
17305	-6	0
17307	-6	0
17308	-6	0
17314	-6	0
17315	-6	0
17317	-6	0
17318	-6	0
17319	-6	0
17321	-6	0
17322	-6	0
17323	-6	0
17324	-6	0
17325	-6	0
17339	-6	0
17340	-6	0
17343	-6	0
17349	-6	0
17350	-6	0
17353	-6	0
17354	-6	0
17356	-6	0
17357	-6	0
17359	-6	0
17360	-6	0
17364	-6	0
17368	-6	0
17369	-6	0
17373	-6	0
17374	-6	0
17376	-6	0
17377	-6	0
17383	-6	0
17384	-6	0
17386	-6	0
17387	-6	0
17388	-6	0
17390	-6	0
17391	-6	0
17392	-6	0
17393	-6	0
17394	-6	0
17401	-4.3	0
17405	-6	0
17406	-4.3	0
17407	-6	0
17408	-6	0
17409	-4.3	0
17411	-6	0
17412	-4.3	0
17413	-4.3	0
17415	-4.3	0
17416	-4.3	0
17417	-6	0
17418	-6	0
17421	-6	0
17422	-6	0
17424	-6	0
17425	-6	0
17426	-4.3	0
17427	-6	0
17428	-6	0
17432	-6	0
17435	-4.3	0
17436	-6	0
17437	-6	0
17439	-4.3	0
17441	-6	0
17442	-6	0
17444	-6	0
17445	-6	0
17450	-4.3	0
17451	-6	0
17452	-6	0
17454	-6	0
17456	-6	0
17458	-6	0
17459	-6	0
17460	-6	0
17462	-6	0
17469	-4.3	0
17472	-6	0
17473	-4.3	0
17474	-6	0
17475	-6	0
17476	-4.3	0
17478	-6	0
17479	-4.3	0
17480	-4.3	0
17482	-4.3	0
17483	-4.3	0
17484	-6	0
17485	-6	0
17488	-6	0
17489	-6	0
17491	-6	0
17492	-6	0
17493	-4.3	0
17494	-6	0
17495	-6	0
17499	-6	0
17502	-4.3	0
17503	-6	0
17504	-6	0
17506	-4.3	0
17508	-6	0
17509	-6	0
17511	-6	0
17512	-6	0
17517	-4.3	0
17518	-6	0
17519	-6	0
17521	-6	0
17523	-6	0
17525	-6	0
17526	-6	0
17527	-6	0
17529	-6	0
17536	-4.3	0
17538	-6	0
17539	-4.3	0
17540	-6	0
17541	-6	0
17542	-4.3	0
17544	-6	0
17545	-4.3	0
17546	-4.3	0
17548	-4.3	0
17549	-4.3	0
17550	-6	0
17551	-6	0
17554	-6	0
17555	-6	0
17557	-6	0
17558	-6	0
17559	-4.3	0
17560	-6	0
17561	-6	0
17565	-6	0
17568	-4.3	0
17569	-6	0
17570	-6	0
17572	-4.3	0
17574	-6	0
17575	-6	0
17577	-6	0
17578	-6	0
17583	-4.3	1
17584	-6	0
17585	-6	0
17587	-6	0
17589	-6	0
17591	-6	0
17592	-6	0
17593	-6	0
17595	-6	0
17602	-4.3	0
17603	-6	0
17605	-6	0
17606	-6	0
17609	-6	0
17615	-6	0
17616	-6	0
17619	-6	0
17620	-6	0
17622	-6	0
17623	-6	0
17625	-6	0
17626	-6	0
17630	-6	0
17634	-6	0
17635	-6	0
17639	-6	0
17640	-6	0
17642	-6	0
17643	-6	0
17649	-6	0
17650	-6	0
17652	-6	0
17654	-6	0
17656	-6	0
17657	-6	0
17658	-6	0
17660	-6	0
17675	-6	0
17676	-6	0
17677	-6	0
17689	-6	0
17691	-6	0
17694	-6	0
17696	-6	0
17698	-6	0
17699	-6	0
17705	-6	0
17706	-6	0
17707	-6	0
17710	-6	0
17712	-6	0
17714	-6	0
17715	-6	0
17718	-6	0
17722	-6	0
17723	-6	0
17725	-6	0
17728	-6	0
17734	-6	0
17735	-6	0
17737	-6	0
17738	-6	0
17740	-6	0
17741	-6	0
17743	-6	0
17746	-6	0
17747	-6	0
17748	-6	0
17749	-6	0
17750	-6	0
17752	-6	0
17754	-6	0
17757	-6	0
17758	-6	0
17760	-6	0
17762	-6	1
17764	-6	0
17767	-6.3	1
17818	-6	0
17819	-6	0
17824	-6	0
17830	-6	0
17832	-6	0
17833	-6	0
17834	-6	0
17835	-6	0
17836	-6	0
17837	-6	0
17840	-6	0
17841	-6	0
17842	-6.3	0
17843	-6	0
17844	-6	0
17846	-4.3	0
17853	-6	0
17854	-6	0
17856	-4.3	0
17857	-6	0
17860	-6	0
17861	-6	0
17863	-6	0
17864	-6	0
17866	-4.3	0
17867	-4.3	0
17868	-6	0
17877	-6	0
17878	-6	0
17881	-6	0
17887	-6	0
17888	-6	0
17890	-6	0
17891	-6	0
17894	-6	0
17895	-6	0
17896	-6	0
17897	-6	0
17899	-4.3	0
17911	-6	0
17912	-6	0
17913	-6	0
17914	-6	0
17915	-6	0
17916	-6	0
17919	-6	0
17920	-6	0
17921	-6	0
17923	-6	0
17924	-6	0
17926	-6	0
17927	-6	0
17928	-6	0
17929	-6	0
17930	-6	0
17934	-6	1
17937	-6	0
17940	-6	0
17943	-6	0
17944	-6	1
17945	-6	0
17947	-6	0
17948	-6	0
17949	-6	0
17953	-6	0
17954	-6	0
17957	-6	0
17960	-6	0
17961	-6	0
17962	-6	0
17963	-6	0
17964	-6	1
17971	-6	0
17976	-6	0
17978	-6	1
17980	-6	0
17989	-6	0
17990	-6	0
17991	-6	0
17993	-6	0
17994	-6	0
17995	-6	0
17996	-6	0
17997	-6	0
18001	-6	1
18004	-6	0
18007	-6	0
18010	-6	0
18011	-6	1
18012	-6	0
18014	-6	0
18015	-6	0
18016	-6	0
18020	-6	0
18021	-6	0
18024	-6	0
18027	-6	0
18028	-6	0
18029	-6	0
18030	-6	0
18031	-6	1
18038	-6	0
18043	-6	0
18045	-6	1
18047	-6	0
18050	-6.3	0
18051	-4.3	0
18058	-6	0
18059	-6	0
18061	-4.3	0
18062	-6	0
18065	-6	0
18066	-6	0
18068	-6	0
18069	-6	0
18073	-6	0
18082	-6	0
18083	-6	0
18086	-6	0
18092	-6	0
18093	-6	0
18095	-6	0
18096	-6	0
18099	-6	0
18100	-6	0
18101	-6	0
18102	-6	0
18104	-4.3	0
18106	-6	0
18111	-4.3	0
18112	-6	0
18113	-6	0
18115	-6	0
18116	-6	0
18118	-4.3	0
18119	-6	0
18120	-4.3	0
18121	-4.3	0
18123	-4.3	0
18124	-4.3	0
18125	-6	0
18126	-6	0
18129	-6	0
18130	-6	0
18132	-6	0
18133	-6	0
18134	-4.3	0
18135	-6	0
18136	-6	0
18140	-6	0
18143	-4.3	0
18144	-6	0
18145	-6	0
18149	-6	0
18150	-6	0
18152	-6	0
18153	-6	0
18159	-6	0
18160	-6	0
18162	-6	0
18163	-6	0
18164	-6	0
18166	-6	0
18167	-6	0
18168	-6	0
18169	-6	0
18170	-6	0
18177	-6	0
18178	-6	0
18179	-6	0
18180	-6	0
18181	-6	0
18182	-6	0
18185	-6	0
18186	-6	0
18187	-6	0
18188	-6	0
18189	-6	0
18190	-6	0
18192	-6	0
18194	-6.3	0
18198	-6	0
18199	-6	0
18200	-6	0
18208	-6	0
18217	-6	0
18229	-6	0
18234	-4.3	0
18235	-6	1
18237	-6	0
18246	-6	1
18247	-6	0
18250	-4.3	0
18252	-6	0
18261	-6	0
18263	-6	1
18267	-6	0
18271	-6	0
18273	-6	1
18274	-6	0
18276	-6.3	0
18278	-6.3	0
18280	-6	0
18283	-6	0
18285	-4.3	0
18286	-4.3	0
18287	-6	0
18289	-6	0
18290	-6	0
18292	-6	0
18293	-6	0
18294	-6	0
18296	-6	0
18297	-6	0
18298	-6	0
18302	-6	0
18306	-4.3	0
18309	-6	0
18310	-6	0
18311	-6	0
18312	-6	0
18313	-6	0
18316	-6	0
18321	-4.3	0
18323	-6	0
18325	-6	0
18327	-6	0
18328	-6	0
18329	-6	0
18330	-6	0
18331	-4.3	0
18333	-6	0
18339	-6.3	0
18352	-6	0
18356	-6	0
18371	-6.3	0
18375	-6	0
18376	-6	0
18378	-4.3	0
18379	-6	0
18382	-6	0
18383	-6	0
18385	-6	0
18386	-6	0
18390	-6	0
18399	-6	0
18400	-6	0
18403	-6	0
18409	-6	0
18410	-6	0
18412	-6	0
18413	-6	0
18416	-6	0
18417	-6	0
18418	-6	0
18419	-6	0
18421	-4.3	0
18423	-6	0
18427	-6.3	0
18430	-6	0
18431	-6	0
18432	-4.3	0
18434	-6	0
18437	-6	0
18438	-6	0
18440	-6	0
18441	-6	0
18445	-6	0
18451	-4.3	0
18452	-4.3	0
18454	-6	0
18455	-6	0
18458	-6	0
18463	-4.3	0
18464	-6	0
18465	-6	0
18467	-6	0
18471	-6	0
18472	-6	0
18473	-6	0
18493	-6	0
18499	-6	0
18501	-6	0
18502	-6	0
18503	-6	0
18504	-6	0
18505	-6	0
18508	-6	0
18509	-6	0
18510	-6.3	0
18511	-6.3	0
18512	-6	0
18514	-4.3	0
18515	-4.3	0
18516	-6	0
18518	-6	0
18519	-6	0
18520	-6	0
18521	-6	0
18522	-6	0
18523	-6	0
18525	-6	0
18526	-6	0
18527	-6	0
18529	-4.3	0
18530	-4.3	0
18531	-6	0
18535	-4.3	0
18538	-6	0
18539	-6	0
18540	-6	0
18541	-6	0
18542	-6	0
18544	-6	0
18545	-6	0
18550	-4.3	0
18552	-6	0
18554	-6	0
18556	-6	0
18557	-6	0
18558	-6	0
18559	-6	0
18560	-4.3	0
18566	-6.3	0
18567	-6	0
18568	-6	0
18570	-4.3	0
18571	-6	0
18574	-6	0
18575	-6	0
18577	-6	0
18578	-6	0
18580	-4.3	0
18581	-4.3	0
18582	-6	0
18591	-6	0
18592	-6	0
18595	-6	0
18601	-6	0
18602	-6	0
18604	-6	0
18605	-6	0
18608	-6	0
18609	-6	0
18610	-6	0
18611	-6	0
18613	-4.3	0
18619	-6	0
18620	-6	0
18622	-6	0
18623	-6	1
18627	-6	0
18629	-6	0
18632	-6	0
18633	-6	0
18634	-6	0
18637	-6	0
18638	-6	1
18639	-6	0
18641	-6	0
18644	-6	0
18645	-6	0
18646	-6	0
18648	-6	0
18650	-6	0
18651	-6	0
18653	-6	0
18654	-6	0
18655	-6	0
18656	-6	0
18657	-6	1
18659	-6	1
18671	-6	1
18673	-6	0
18676	-6	0
18678	-6	1
18681	-6	0
18684	-6	0
18687	-6	0
18688	-6	1
18689	-6	0
18691	-6	0
18692	-6	0
18693	-6	0
18697	-6	0
18698	-6	0
18701	-6	0
18704	-6	0
18705	-6	0
18706	-6	0
18707	-6	0
18708	-6	1
18715	-6	0
18720	-6	0
18722	-6	1
18724	-6	0
18729	-6	0
18730	-4.3	0
18736	-4.3	0
18743	-4.3	0
18750	-4.3	0
18751	-4.3	0
18761	-4.3	0
18777	-4.3	0
18784	-6	0
18786	-6	0
18787	-6	0
18788	-4.3	1
18789	-6	1
18790	-6	1
18792	-6	1
18793	-6	1
18794	-4.3	1
18795	-6	1
18796	-6	1
18800	-6	1
18803	-4.3	1
18804	-6	1
18805	-6	1
18809	-6	1
18810	-6	1
18812	-6	1
18813	-6	1
18819	-6	1
18820	-6	1
18822	-6	0
18823	-6	1
18824	-6	1
18826	-6	1
18827	-6	1
18828	-6	1
18829	-6	1
18830	-6	0
18837	-6	0
18840	-6	0
18842	-6	0
18843	-6	0
18845	-6	0
18846	-6	0
18847	-6	0
18850	-6	0
18851	-6	1
18852	-6	0
18854	-6	0
18857	-6	0
18858	-6	0
18859	-6	0
18861	-6	0
18863	-6	0
18864	-6	0
18866	-6	0
18867	-6	0
18868	-6	0
18869	-6	0
18870	-6	1
18872	-6	1
18884	-6	1
18886	-6	0
18919	-6.3	0
18927	-6	0
18931	-6	0
18954	-6	1
18955	-6	0
18958	-4.3	0
18960	-6	0
18969	-6	0
18971	-6	1
18979	-6	1
18981	-6	1
18982	-6	0
18985	-6	0
19012	-6.3	0
19015	-6	0
19024	-6	0
19036	-6	0
19037	-6	0
19039	-6	0
19040	-6	0
19044	-6	0
19050	-6	0
19051	-6	0
19054	-6	0
19060	-6	0
19064	-6	1
19065	-6	0
19066	-6	0
19072	-6	0
19074	-6	0
19077	-6	0
19078	-6	1
19079	-6	0
19081	-6	0
19082	-6	0
19083	-6	0
19087	-6	0
19088	-6	0
19091	-6	0
19094	-6	0
19095	-6	0
19096	-6	0
19097	-6	0
19098	-6	1
19105	-6	0
19110	-6	0
19112	-6	1
19114	-6	0
19117	-6	0
19118	-6	0
19121	-6	0
19122	-6	1
19123	-6	0
19125	-6	0
19126	-6	0
19127	-6	0
19131	-6	0
19132	-6	0
19135	-6	0
19138	-6	0
19139	-6	0
19140	-6	0
19141	-6	0
19142	-6	1
19149	-6	0
19154	-6	0
19156	-6	1
19158	-6	0
19180	-6	0
19183	-6	0
19187	-6.3	0
19188	-6	0
19189	-6	0
19191	-4.3	1
19192	-4.3	0
19193	-6	0
19202	-6	0
19203	-6	0
19206	-6	0
19212	-6	0
19213	-6	0
19215	-6	0
19216	-6	0
19219	-6	0
19220	-6	0
19221	-6	0
19222	-6	0
19224	-4.3	0
19233	-6	0
19235	-6	0
19237	-6	0
19238	-6	1
19239	-6	0
19241	-6	0
19242	-6	0
19243	-6	0
19247	-6	0
19248	-6	0
19251	-6	0
19254	-6	0
19255	-6	0
19256	-6	0
19257	-6	0
19258	-6	1
19265	-6	0
19270	-6	0
19272	-6	1
19274	-6	0
19279	-6	0
19280	-4.3	0
19283	-6	0
19284	-6	0
19285	-6	1
19286	-6	0
19288	-6	0
19289	-6	0
19290	-6	0
19294	-6	0
19295	-6	0
19298	-6	0
19301	-6	0
19302	-6	0
19303	-6	0
19304	-6	0
19305	-6	1
19312	-6	0
19317	-6	0
19319	-6	1
19321	-6	0
19324	-6.3	0
19327	-6	0
19333	-4.3	0
19334	-4.3	0
19336	-6	0
19337	-6	0
19340	-6	0
19345	-4.3	0
19346	-6	0
19347	-6	0
19349	-6	0
19353	-6	0
19354	-6	0
19355	-6	0
19366	-6	1
19370	-6	1
19371	-6	1
19375	-6	1
19376	-6	1
19378	-6	1
19379	-6	1
19385	-6	1
19386	-6	1
19388	-6	0
19389	-6	1
19390	-6	1
19392	-6	1
19393	-6	1
19394	-6	1
19395	-6	1
19396	-6	0
19404	-6	0
19408	-6	0
19409	-6	0
19413	-6	0
19414	-6	0
19416	-6	0
19417	-6	0
19423	-6	0
19424	-6	0
19426	-6	0
19427	-6	0
19428	-6	0
19430	-6	0
19431	-6	0
19432	-6	0
19433	-6	0
19434	-6	0
19441	-6	0
19442	-6	0
19443	-6	0
19444	-6	0
19448	-6	0
19449	-6	0
19452	-6	0
19455	-6	0
19456	-6	0
19457	-6	0
19458	-6	0
19459	-6	1
19466	-6	0
19471	-6	0
19473	-6	1
19475	-6	0
19483	-6	0
19484	-6	0
19487	-6	0
19493	-6	0
19497	-6	1
19498	-6	0
19499	-6	0
19510	-6	0
19511	-6	0
19513	-6	0
19514	-6	0
19520	-6	0
19524	-6	1
19525	-6	0
19526	-6	0
19532	-6.3	0
19538	-6	0
19539	-6	0
19542	-6	0
19548	-6	0
19549	-6	0
19551	-6	0
19552	-6	0
19555	-6	0
19556	-6	0
19557	-6	0
19558	-6	0
19560	-4.3	0
19562	-6	0
19568	-6	0
19577	-6	0
19579	-6	1
19587	-6	1
19589	-6	1
19590	-6	0
19594	-6	0
19603	-6	0
19605	-6	1
19609	-6	0
19613	-6	0
19615	-6	1
19616	-6	0
19623	-4.3	0
19632	-4.3	0
19648	-4.3	0
19650	-6	0
19669	-6	0
19670	-6	0
19671	-6	0
19674	-6	0
19677	-6	0
19691	-4.3	0
19693	-6	0
19694	-6	0
19696	-6	0
19697	-6	0
19699	-4.3	0
19703	-6	0
19704	-6	0
19706	-6	0
19708	-6	0
19710	-6	0
19711	-6	0
19712	-6	0
19714	-6	0
19721	-6.3	0
19722	-6	0
19723	-6	0
19726	-6	0
19732	-6	0
19733	-6	0
19735	-6	0
19736	-6	0
19739	-6	0
19740	-6	0
19741	-6	0
19742	-6	0
19746	-4.3	1
19750	-6	0
19751	-6	0
19754	-6	0
19755	-6	0
19756	-6	0
19758	-6	0
19761	-6	0
19762	-6	0
19763	-6	0
19764	-6	0
19765	-6	1
19772	-6	0
19777	-6	0
19779	-6	1
19781	-6	0
19785	-6	0
19786	-6	0
19787	-6	0
19790	-6	0
19791	-6	0
19792	-6	0
19793	-6	0
19794	-6	1
19801	-6	0
19806	-6	0
19808	-6	1
19810	-6	0
19813	-6.3	0
19815	-6	0
19821	-6	0
19822	-6	0
19824	-6	0
19825	-6	0
19828	-6	0
19829	-6	0
19830	-6	0
19831	-6	0
19835	-6	0
19839	-6.3	0
19843	-6	0
19851	-6	0
19858	-6	0
19860	-6	1
19864	-6	0
19868	-6	0
19869	-4.3	0
19870	-6	1
19871	-6	0
19873	-6	0
19874	-6	0
19875	-6	0
19876	-6	0
19877	-6	0
19878	-6	1
19885	-6	0
19890	-6	0
19892	-6	1
19894	-6	0
19898	-6	0
19902	-6.3	0
19907	-6	0
19908	-6	0
19910	-6	0
19911	-6	0
19914	-6	0
19915	-6	0
19916	-6	0
19917	-6	0
19921	-6	0
19925	-6.3	0
19928	-4.3	1
19929	-6	0
19930	-6	0
19932	-6	0
19936	-6	0
19937	-6	0
19938	-6	0
19954	-6	0
19955	-6	0
19956	-6	0
19958	-6	0
19959	-6	0
19960	-6	0
19967	-6	0
19968	-6	0
19970	-6	0
19971	-6	0
19972	-6	0
19974	-6	0
19975	-6	0
19976	-6	0
19977	-6	0
19978	-6	0
19985	-6	1
19987	-6	0
20000	-4.3	1
20001	-6	1
20002	-6	1
20004	-6	0
20006	-6	1
20008	-6	1
20009	-6	1
20010	-6	1
20012	-6	0
20024	-6	0
20025	-6	0
20035	-6	1
20037	-6	0
20040	-6	0
20045	-6	0
20050	-6	0
20052	-6	1
20054	-6	0
20060	-4.3	1
20072	-6	0
20083	-6	0
20084	-6	0
20096	-6	0
20104	-6.3	1
20105	-6.3	1
20116	-6	1
20117	-4.3	1
20118	-6	1
20119	-6	0
20121	-6	1
20122	-6	0
20123	-6	0
20129	-6	1
20133	-6	0
20135	-6	1
20137	-6	0
20140	-6	0
20143	-6	0
20145	-6	1
20147	-6	0
20150	-6	0
20152	-6	0
20154	-6	1
20156	-6	0
20165	-6	0
20172	-6.3	1
20178	-6	0
20180	-6	0
20199	-6.3	1
